   1    1   -1   -1   -1         NaN             NaN   -0.259329E-02
   1    1   -1    0    0         NaN             NaN   -0.259329E-02
   1    1    0   -1    0         NaN             NaN   -0.259329E-02
   1    1    0    0   -1         NaN             NaN   -0.259329E-02
   1    1    0    0    1         NaN             NaN   -0.259329E-02
   1    1    0    1    0         NaN             NaN   -0.259329E-02
   1    1    1    0    0         NaN             NaN   -0.259329E-02
   1    1    1    1    1         NaN             NaN   -0.259329E-02
   1    1   -1   -1    0         NaN             NaN   -0.736280E-03
   1    1   -1    0   -1         NaN             NaN   -0.736280E-03
   1    1    0   -1   -1         NaN             NaN   -0.736280E-03
   1    1    0    1    1         NaN             NaN   -0.736280E-03
   1    1    1    0    1         NaN             NaN   -0.736280E-03
   1    1    1    1    0         NaN             NaN   -0.736280E-03
   1    1   -2   -1   -1         NaN             NaN    0.126356E-03
   1    1   -1   -2   -1         NaN             NaN    0.126356E-03
   1    1   -1   -1   -2         NaN             NaN    0.126356E-03
   1    1   -1    0    1         NaN             NaN    0.126356E-03
   1    1   -1    1    0         NaN             NaN    0.126356E-03
   1    1    0   -1    1         NaN             NaN    0.126356E-03
   1    1    0    1   -1         NaN             NaN    0.126356E-03
   1    1    1   -1    0         NaN             NaN    0.126356E-03
   1    1    1    0   -1         NaN             NaN    0.126356E-03
   1    1    1    1    2         NaN             NaN    0.126356E-03
   1    1    1    2    1         NaN             NaN    0.126356E-03
   1    1    2    1    1         NaN             NaN    0.126356E-03
   1    1   -2   -1   -2         NaN             NaN   -0.306528E-03
   1    1   -2    0   -1         NaN             NaN   -0.306528E-03
   1    1   -1    0   -2         NaN             NaN   -0.306528E-03
   1    1   -1    1   -1         NaN             NaN   -0.306528E-03
   1    1    1   -1    1         NaN             NaN   -0.306528E-03
   1    1    1    0    2         NaN             NaN   -0.306528E-03
   1    1    2    0    1         NaN             NaN   -0.306528E-03
   1    1    2    1    2         NaN             NaN   -0.306528E-03
   1    1   -2   -2   -1         NaN             NaN   -0.306528E-03
   1    1   -2   -1    0         NaN             NaN   -0.306528E-03
   1    1   -1   -2   -2         NaN             NaN   -0.306528E-03
   1    1   -1   -2    0         NaN             NaN   -0.306528E-03
   1    1   -1   -1    1         NaN             NaN   -0.306528E-03
   1    1   -1    1    1         NaN             NaN   -0.306528E-03
   1    1    0   -2   -1         NaN             NaN   -0.306528E-03
   1    1    0   -1   -2         NaN             NaN   -0.306528E-03
   1    1    0    1    2         NaN             NaN   -0.306528E-03
   1    1    0    2    1         NaN             NaN   -0.306528E-03
   1    1    1   -1   -1         NaN             NaN   -0.306528E-03
   1    1    1    1   -1         NaN             NaN   -0.306528E-03
   1    1    1    2    0         NaN             NaN   -0.306528E-03
   1    1    1    2    2         NaN             NaN   -0.306528E-03
   1    1    2    1    0         NaN             NaN   -0.306528E-03
   1    1    2    2    1         NaN             NaN   -0.306528E-03
   1    1   -2   -2   -2         NaN             NaN   -0.229099E-03
   1    1   -2    0    0         NaN             NaN   -0.229099E-03
   1    1    0   -2    0         NaN             NaN   -0.229099E-03
   1    1    0    0   -2         NaN             NaN   -0.229099E-03
   1    1    0    0    2         NaN             NaN   -0.229099E-03
   1    1    0    2    0         NaN             NaN   -0.229099E-03
   1    1    2    0    0         NaN             NaN   -0.229099E-03
   1    1    2    2    2         NaN             NaN   -0.229099E-03
   1    1   -2   -2    0         NaN             NaN    0.152299E-03
   1    1   -2    0   -2         NaN             NaN    0.152299E-03
   1    1    0   -2   -2         NaN             NaN    0.152299E-03
   1    1    0    2    2         NaN             NaN    0.152299E-03
   1    1    2    0    2         NaN             NaN    0.152299E-03
   1    1    2    2    0         NaN             NaN    0.152299E-03
   1    1   -3   -1   -1         NaN             NaN    0.662933E-04
   1    1   -2   -2   -3         NaN             NaN    0.662933E-04
   1    1   -2    1    0         NaN             NaN    0.662933E-04
   1    1   -1   -1   -3         NaN             NaN    0.662933E-04
   1    1   -1    2    0         NaN             NaN    0.662933E-04
   1    1    0   -2    1         NaN             NaN    0.662933E-04
   1    1    0   -1    2         NaN             NaN    0.662933E-04
   1    1    0    1   -2         NaN             NaN    0.662933E-04
   1    1    0    2   -1         NaN             NaN    0.662933E-04
   1    1    1   -2    0         NaN             NaN    0.662933E-04
   1    1    1    1    3         NaN             NaN    0.662933E-04
   1    1    2   -1    0         NaN             NaN    0.662933E-04
   1    1    2    2    3         NaN             NaN    0.662933E-04
   1    1    3    1    1         NaN             NaN    0.662933E-04
   1    1   -3   -2   -2         NaN             NaN    0.662933E-04
   1    1   -2   -3   -2         NaN             NaN    0.662933E-04
   1    1   -2    0    1         NaN             NaN    0.662933E-04
   1    1   -1   -3   -1         NaN             NaN    0.662933E-04
   1    1   -1    0    2         NaN             NaN    0.662933E-04
   1    1    1    0   -2         NaN             NaN    0.662933E-04
   1    1    1    3    1         NaN             NaN    0.662933E-04
   1    1    2    0   -1         NaN             NaN    0.662933E-04
   1    1    2    3    2         NaN             NaN    0.662933E-04
   1    1    3    2    2         NaN             NaN    0.662933E-04
   1    1   -3   -1   -2         NaN             NaN    0.665823E-05
   1    1   -2   -1   -3         NaN             NaN    0.665823E-05
   1    1   -2   -1    1         NaN             NaN    0.665823E-05
   1    1   -2    1   -1         NaN             NaN    0.665823E-05
   1    1   -1   -3   -2         NaN             NaN    0.665823E-05
   1    1   -1   -2   -3         NaN             NaN    0.665823E-05
   1    1   -1   -2    1         NaN             NaN    0.665823E-05
   1    1   -1    1   -2         NaN             NaN    0.665823E-05
   1    1   -1    1    2         NaN             NaN    0.665823E-05
   1    1   -1    2    1         NaN             NaN    0.665823E-05
   1    1    1   -2   -1         NaN             NaN    0.665823E-05
   1    1    1   -1   -2         NaN             NaN    0.665823E-05
   1    1    1   -1    2         NaN             NaN    0.665823E-05
   1    1    1    2   -1         NaN             NaN    0.665823E-05
   1    1    1    2    3         NaN             NaN    0.665823E-05
   1    1    1    3    2         NaN             NaN    0.665823E-05
   1    1    2   -1    1         NaN             NaN    0.665823E-05
   1    1    2    1   -1         NaN             NaN    0.665823E-05
   1    1    2    1    3         NaN             NaN    0.665823E-05
   1    1    3    1    2         NaN             NaN    0.665823E-05
   1    1   -3   -2   -1         NaN             NaN    0.665823E-05
   1    1   -2   -3   -1         NaN             NaN    0.665823E-05
   1    1    2    3    1         NaN             NaN    0.665823E-05
   1    1    3    2    1         NaN             NaN    0.665823E-05
   1    1   -3   -3   -2         NaN             NaN   -0.877429E-04
   1    1   -3   -2   -3         NaN             NaN   -0.877429E-04
   1    1   -3   -1    0         NaN             NaN   -0.877429E-04
   1    1   -3    0   -1         NaN             NaN   -0.877429E-04
   1    1   -2   -3   -3         NaN             NaN   -0.877429E-04
   1    1   -2    1    1         NaN             NaN   -0.877429E-04
   1    1   -1   -3    0         NaN             NaN   -0.877429E-04
   1    1   -1   -1    2         NaN             NaN   -0.877429E-04
   1    1   -1    0   -3         NaN             NaN   -0.877429E-04
   1    1   -1    2   -1         NaN             NaN   -0.877429E-04
   1    1    0   -3   -1         NaN             NaN   -0.877429E-04
   1    1    0   -1   -3         NaN             NaN   -0.877429E-04
   1    1    0    1    3         NaN             NaN   -0.877429E-04
   1    1    0    3    1         NaN             NaN   -0.877429E-04
   1    1    1   -2    1         NaN             NaN   -0.877429E-04
   1    1    1    0    3         NaN             NaN   -0.877429E-04
   1    1    1    1   -2         NaN             NaN   -0.877429E-04
   1    1    1    3    0         NaN             NaN   -0.877429E-04
   1    1    2   -1   -1         NaN             NaN   -0.877429E-04
   1    1    2    3    3         NaN             NaN   -0.877429E-04
   1    1    3    0    1         NaN             NaN   -0.877429E-04
   1    1    3    1    0         NaN             NaN   -0.877429E-04
   1    1    3    2    3         NaN             NaN   -0.877429E-04
   1    1    3    3    2         NaN             NaN   -0.877429E-04
   1    1   -3   -3   -3         NaN             NaN   -0.277749E-04
   1    1   -3    0    0         NaN             NaN   -0.277749E-04
   1    1    0   -3    0         NaN             NaN   -0.277749E-04
   1    1    0    0   -3         NaN             NaN   -0.277749E-04
   1    1    0    0    3         NaN             NaN   -0.277749E-04
   1    1    0    3    0         NaN             NaN   -0.277749E-04
   1    1    3    0    0         NaN             NaN   -0.277749E-04
   1    1    3    3    3         NaN             NaN   -0.277749E-04
   1    1   -3   -3   -1         NaN             NaN   -0.222515E-04
   1    1   -3   -2    0         NaN             NaN   -0.222515E-04
   1    1   -3   -1   -3         NaN             NaN   -0.222515E-04
   1    1   -3    0   -2         NaN             NaN   -0.222515E-04
   1    1   -2   -3    0         NaN             NaN   -0.222515E-04
   1    1   -2   -2    1         NaN             NaN   -0.222515E-04
   1    1   -2    0   -3         NaN             NaN   -0.222515E-04
   1    1   -2    1   -2         NaN             NaN   -0.222515E-04
   1    1   -1   -3   -3         NaN             NaN   -0.222515E-04
   1    1   -1    2    2         NaN             NaN   -0.222515E-04
   1    1    0   -3   -2         NaN             NaN   -0.222515E-04
   1    1    0   -2   -3         NaN             NaN   -0.222515E-04
   1    1    0    2    3         NaN             NaN   -0.222515E-04
   1    1    0    3    2         NaN             NaN   -0.222515E-04
   1    1    1   -2   -2         NaN             NaN   -0.222515E-04
   1    1    1    3    3         NaN             NaN   -0.222515E-04
   1    1    2   -1    2         NaN             NaN   -0.222515E-04
   1    1    2    0    3         NaN             NaN   -0.222515E-04
   1    1    2    2   -1         NaN             NaN   -0.222515E-04
   1    1    2    3    0         NaN             NaN   -0.222515E-04
   1    1    3    0    2         NaN             NaN   -0.222515E-04
   1    1    3    1    3         NaN             NaN   -0.222515E-04
   1    1    3    2    0         NaN             NaN   -0.222515E-04
   1    1    3    3    1         NaN             NaN   -0.222515E-04
   1    1   -4   -2   -2         NaN             NaN    0.582729E-04
   1    1   -2   -4   -2         NaN             NaN    0.582729E-04
   1    1   -2   -2   -4         NaN             NaN    0.582729E-04
   1    1   -2    0    2         NaN             NaN    0.582729E-04
   1    1   -2    2    0         NaN             NaN    0.582729E-04
   1    1    0   -2    2         NaN             NaN    0.582729E-04
   1    1    0    2   -2         NaN             NaN    0.582729E-04
   1    1    2   -2    0         NaN             NaN    0.582729E-04
   1    1    2    0   -2         NaN             NaN    0.582729E-04
   1    1    2    2    4         NaN             NaN    0.582729E-04
   1    1    2    4    2         NaN             NaN    0.582729E-04
   1    1    4    2    2         NaN             NaN    0.582729E-04
   1    1   -4   -3   -2         NaN             NaN    0.320533E-04
   1    1   -3   -4   -2         NaN             NaN    0.320533E-04
   1    1    3    4    2         NaN             NaN    0.320533E-04
   1    1    4    3    2         NaN             NaN    0.320533E-04
   1    1   -4   -2   -3         NaN             NaN    0.320533E-04
   1    1   -4   -2   -1         NaN             NaN    0.320533E-04
   1    1   -2   -4   -3         NaN             NaN    0.320533E-04
   1    1   -2    1    2         NaN             NaN    0.320533E-04
   1    1   -1   -3    1         NaN             NaN    0.320533E-04
   1    1   -1   -2    2         NaN             NaN    0.320533E-04
   1    1   -1    1   -3         NaN             NaN    0.320533E-04
   1    1   -1    1    3         NaN             NaN    0.320533E-04
   1    1   -1    2   -2         NaN             NaN    0.320533E-04
   1    1    1   -2    2         NaN             NaN    0.320533E-04
   1    1    1   -1   -3         NaN             NaN    0.320533E-04
   1    1    1   -1    3         NaN             NaN    0.320533E-04
   1    1    1    2   -2         NaN             NaN    0.320533E-04
   1    1    1    3   -1         NaN             NaN    0.320533E-04
   1    1    2   -1   -2         NaN             NaN    0.320533E-04
   1    1    2    4    3         NaN             NaN    0.320533E-04
   1    1    4    2    1         NaN             NaN    0.320533E-04
   1    1    4    2    3         NaN             NaN    0.320533E-04
   1    1   -4   -1   -2         NaN             NaN    0.320533E-04
   1    1   -3   -2   -4         NaN             NaN    0.320533E-04
   1    1   -3   -1    1         NaN             NaN    0.320533E-04
   1    1   -3    1   -1         NaN             NaN    0.320533E-04
   1    1   -2   -4   -1         NaN             NaN    0.320533E-04
   1    1   -2   -3   -4         NaN             NaN    0.320533E-04
   1    1   -2   -1   -4         NaN             NaN    0.320533E-04
   1    1   -2   -1    2         NaN             NaN    0.320533E-04
   1    1   -2    2   -1         NaN             NaN    0.320533E-04
   1    1   -2    2    1         NaN             NaN    0.320533E-04
   1    1   -1   -4   -2         NaN             NaN    0.320533E-04
   1    1   -1   -2   -4         NaN             NaN    0.320533E-04
   1    1   -1    3    1         NaN             NaN    0.320533E-04
   1    1    1   -3   -1         NaN             NaN    0.320533E-04
   1    1    1    2    4         NaN             NaN    0.320533E-04
   1    1    1    4    2         NaN             NaN    0.320533E-04
   1    1    2   -2   -1         NaN             NaN    0.320533E-04
   1    1    2   -2    1         NaN             NaN    0.320533E-04
   1    1    2    1   -2         NaN             NaN    0.320533E-04
   1    1    2    1    4         NaN             NaN    0.320533E-04
   1    1    2    3    4         NaN             NaN    0.320533E-04
   1    1    2    4    1         NaN             NaN    0.320533E-04
   1    1    3   -1    1         NaN             NaN    0.320533E-04
   1    1    3    1   -1         NaN             NaN    0.320533E-04
   1    1    3    2    4         NaN             NaN    0.320533E-04
   1    1    4    1    2         NaN             NaN    0.320533E-04
   1    1   -4   -3   -3         NaN             NaN    0.161663E-04
   1    1   -4   -1   -1         NaN             NaN    0.161663E-04
   1    1   -3   -4   -3         NaN             NaN    0.161663E-04
   1    1   -3   -3   -4         NaN             NaN    0.161663E-04
   1    1   -3   -3    0         NaN             NaN    0.118075E-04
   1    1   -3    0   -3         NaN             NaN    0.118075E-04
   1    1   -3    0    1         NaN             NaN    0.161663E-04
   1    1   -3    1    0         NaN             NaN    0.161663E-04
   1    1   -1   -4   -1         NaN             NaN    0.161663E-04
   1    1   -1   -1   -4         NaN             NaN    0.161663E-04
   1    1   -1    0    3         NaN             NaN    0.161663E-04
   1    1   -1    3    0         NaN             NaN    0.161663E-04
   1    1    0   -3   -3         NaN             NaN    0.118075E-04
   1    1    0   -3    1         NaN             NaN    0.161663E-04
   1    1    0   -1    3         NaN             NaN    0.161663E-04
   1    1    0    1   -3         NaN             NaN    0.161663E-04
   1    1    0    3   -1         NaN             NaN    0.161663E-04
   1    1    0    3    3         NaN             NaN    0.118075E-04
   1    1    1   -3    0         NaN             NaN    0.161663E-04
   1    1    1    0   -3         NaN             NaN    0.161663E-04
   1    1    1    1    4         NaN             NaN    0.161663E-04
   1    1    1    4    1         NaN             NaN    0.161663E-04
   1    1    3   -1    0         NaN             NaN    0.161663E-04
   1    1    3    0   -1         NaN             NaN    0.161663E-04
   1    1    3    0    3         NaN             NaN    0.118075E-04
   1    1    3    3    0         NaN             NaN    0.118075E-04
   1    1    3    3    4         NaN             NaN    0.161663E-04
   1    1    3    4    3         NaN             NaN    0.161663E-04
   1    1    4    1    1         NaN             NaN    0.161663E-04
   1    1    4    3    3         NaN             NaN    0.161663E-04
   1    1   -4   -3   -1         NaN             NaN   -0.318372E-04
   1    1   -3   -4   -1         NaN             NaN   -0.318372E-04
   1    1    3    4    1         NaN             NaN   -0.318372E-04
   1    1    4    3    1         NaN             NaN   -0.318372E-04
   1    1   -3   -1   -4         NaN             NaN   -0.318372E-04
   1    1   -3    1   -2         NaN             NaN   -0.318372E-04
   1    1   -2    1   -3         NaN             NaN   -0.318372E-04
   1    1   -1    2    3         NaN             NaN   -0.318372E-04
   1    1    1   -2   -3         NaN             NaN   -0.318372E-04
   1    1    2   -1    3         NaN             NaN   -0.318372E-04
   1    1    3   -1    2         NaN             NaN   -0.318372E-04
   1    1    3    1    4         NaN             NaN   -0.318372E-04
   1    1   -4   -1   -3         NaN             NaN   -0.318372E-04
   1    1   -3   -2    1         NaN             NaN   -0.318372E-04
   1    1   -2   -3    1         NaN             NaN   -0.318372E-04
   1    1   -1   -4   -3         NaN             NaN   -0.318372E-04
   1    1   -1   -3   -4         NaN             NaN   -0.318372E-04
   1    1   -1    3    2         NaN             NaN   -0.318372E-04
   1    1    1   -3   -2         NaN             NaN   -0.318372E-04
   1    1    1    3    4         NaN             NaN   -0.318372E-04
   1    1    1    4    3         NaN             NaN   -0.318372E-04
   1    1    2    3   -1         NaN             NaN   -0.318372E-04
   1    1    3    2   -1         NaN             NaN   -0.318372E-04
   1    1    4    1    3         NaN             NaN   -0.318372E-04
   1    1   -4   -4   -3         NaN             NaN   -0.320353E-04
   1    1   -4   -3   -4         NaN             NaN   -0.320353E-04
   1    1   -4   -1    0         NaN             NaN   -0.320353E-04
   1    1   -4    0   -1         NaN             NaN   -0.320353E-04
   1    1   -3   -4   -4         NaN             NaN   -0.320353E-04
   1    1   -3    1    1         NaN             NaN   -0.320353E-04
   1    1   -1   -4    0         NaN             NaN   -0.320353E-04
   1    1   -1   -1    3         NaN             NaN   -0.320353E-04
   1    1   -1    0   -4         NaN             NaN   -0.320353E-04
   1    1   -1    3   -1         NaN             NaN   -0.320353E-04
   1    1    0   -4   -1         NaN             NaN   -0.320353E-04
   1    1    0   -1   -4         NaN             NaN   -0.320353E-04
   1    1    0    1    4         NaN             NaN   -0.320353E-04
   1    1    0    4    1         NaN             NaN   -0.320353E-04
   1    1    1   -3    1         NaN             NaN   -0.320353E-04
   1    1    1    0    4         NaN             NaN   -0.320353E-04
   1    1    1    1   -3         NaN             NaN   -0.320353E-04
   1    1    1    4    0         NaN             NaN   -0.320353E-04
   1    1    3   -1   -1         NaN             NaN   -0.320353E-04
   1    1    3    4    4         NaN             NaN   -0.320353E-04
   1    1    4    0    1         NaN             NaN   -0.320353E-04
   1    1    4    1    0         NaN             NaN   -0.320353E-04
   1    1    4    3    4         NaN             NaN   -0.320353E-04
   1    1    4    4    3         NaN             NaN   -0.320353E-04
   1    1   -4   -2   -4         NaN             NaN   -0.286597E-04
   1    1   -4    0   -2         NaN             NaN   -0.286597E-04
   1    1   -2    0   -4         NaN             NaN   -0.286597E-04
   1    1   -2    2   -2         NaN             NaN   -0.286597E-04
   1    1    2   -2    2         NaN             NaN   -0.286597E-04
   1    1    2    0    4         NaN             NaN   -0.286597E-04
   1    1    4    0    2         NaN             NaN   -0.286597E-04
   1    1    4    2    4         NaN             NaN   -0.286597E-04
   1    1   -4   -4   -2         NaN             NaN   -0.286597E-04
   1    1   -4   -2    0         NaN             NaN   -0.286597E-04
   1    1   -2   -4   -4         NaN             NaN   -0.286597E-04
   1    1   -2   -4    0         NaN             NaN   -0.286597E-04
   1    1   -2   -2    2         NaN             NaN   -0.286597E-04
   1    1   -2    2    2         NaN             NaN   -0.286597E-04
   1    1    0   -4   -2         NaN             NaN   -0.286597E-04
   1    1    0   -2   -4         NaN             NaN   -0.286597E-04
   1    1    0    2    4         NaN             NaN   -0.286597E-04
   1    1    0    4    2         NaN             NaN   -0.286597E-04
   1    1    2   -2   -2         NaN             NaN   -0.286597E-04
   1    1    2    2   -2         NaN             NaN   -0.286597E-04
   1    1    2    4    0         NaN             NaN   -0.286597E-04
   1    1    2    4    4         NaN             NaN   -0.286597E-04
   1    1    4    2    0         NaN             NaN   -0.286597E-04
   1    1    4    4    2         NaN             NaN   -0.286597E-04
   1    1   -4   -4   -4         NaN             NaN    0.388203E-05
   1    1   -4    0    0         NaN             NaN    0.388203E-05
   1    1    0   -4    0         NaN             NaN    0.388203E-05
   1    1    0    0   -4         NaN             NaN    0.388203E-05
   1    1    0    0    4         NaN             NaN    0.388203E-05
   1    1    0    4    0         NaN             NaN    0.388203E-05
   1    1    4    0    0         NaN             NaN    0.388203E-05
   1    1    4    4    4         NaN             NaN    0.388203E-05
   1    1   -4   -4   -1         NaN             NaN    0.228691E-04
   1    1   -4   -3    0         NaN             NaN    0.228691E-04
   1    1   -4   -1   -4         NaN             NaN    0.228691E-04
   1    1   -4    0   -3         NaN             NaN    0.228691E-04
   1    1   -3   -4    0         NaN             NaN    0.228691E-04
   1    1   -3   -3    1         NaN             NaN    0.228691E-04
   1    1   -3    0   -4         NaN             NaN    0.228691E-04
   1    1   -3    1   -3         NaN             NaN    0.228691E-04
   1    1   -2   -5   -2         NaN             NaN    0.200184E-04
   1    1   -1   -4   -4         NaN             NaN    0.228691E-04
   1    1   -1    3    3         NaN             NaN    0.228691E-04
   1    1    0   -4   -3         NaN             NaN    0.228691E-04
   1    1    0   -3   -4         NaN             NaN    0.228691E-04
   1    1    0    3    4         NaN             NaN    0.228691E-04
   1    1    0    4    3         NaN             NaN    0.228691E-04
   1    1    1   -3   -3         NaN             NaN    0.228691E-04
   1    1    1    4    4         NaN             NaN    0.228691E-04
   1    1    2    5    2         NaN             NaN    0.200184E-04
   1    1    3   -1    3         NaN             NaN    0.228691E-04
   1    1    3    0    4         NaN             NaN    0.228691E-04
   1    1    3    3   -1         NaN             NaN    0.228691E-04
   1    1    3    4    0         NaN             NaN    0.228691E-04
   1    1    4    0    3         NaN             NaN    0.228691E-04
   1    1    4    1    4         NaN             NaN    0.228691E-04
   1    1    4    3    0         NaN             NaN    0.228691E-04
   1    1    4    4    1         NaN             NaN    0.228691E-04
   1    1   -5   -3   -3         NaN             NaN    0.200184E-04
   1    1   -5   -2   -2         NaN             NaN    0.200184E-04
   1    1   -3   -5   -3         NaN             NaN    0.200184E-04
   1    1   -3   -3   -5         NaN             NaN    0.200184E-04
   1    1   -3    0    2         NaN             NaN    0.200184E-04
   1    1   -3    2    0         NaN             NaN    0.200184E-04
   1    1   -2   -2   -5         NaN             NaN    0.200184E-04
   1    1   -2    0    3         NaN             NaN    0.200184E-04
   1    1   -2    3    0         NaN             NaN    0.200184E-04
   1    1    0   -3    2         NaN             NaN    0.200184E-04
   1    1    0   -2    3         NaN             NaN    0.200184E-04
   1    1    0    2   -3         NaN             NaN    0.200184E-04
   1    1    0    3   -2         NaN             NaN    0.200184E-04
   1    1    2   -3    0         NaN             NaN    0.200184E-04
   1    1    2    0   -3         NaN             NaN    0.200184E-04
   1    1    2    2    5         NaN             NaN    0.200184E-04
   1    1    3   -2    0         NaN             NaN    0.200184E-04
   1    1    3    0   -2         NaN             NaN    0.200184E-04
   1    1    3    3    5         NaN             NaN    0.200184E-04
   1    1    3    5    3         NaN             NaN    0.200184E-04
   1    1    5    2    2         NaN             NaN    0.200184E-04
   1    1    5    3    3         NaN             NaN    0.200184E-04
   1    1   -2   -5   -3         NaN             NaN    0.252067E-04
   1    1    2    5    3         NaN             NaN    0.252067E-04
   1    1   -5   -3   -2         NaN             NaN    0.252067E-04
   1    1   -3   -5   -2         NaN             NaN    0.252067E-04
   1    1   -3   -2   -5         NaN             NaN    0.252067E-04
   1    1   -3   -1    2         NaN             NaN    0.252067E-04
   1    1   -2   -3   -5         NaN             NaN    0.252067E-04
   1    1   -2    1    3         NaN             NaN    0.252067E-04
   1    1   -1   -3    2         NaN             NaN    0.252067E-04
   1    1   -1    2   -3         NaN             NaN    0.252067E-04
   1    1    1   -2    3         NaN             NaN    0.252067E-04
   1    1    1    3   -2         NaN             NaN    0.252067E-04
   1    1    2   -1   -3         NaN             NaN    0.252067E-04
   1    1    2    3    5         NaN             NaN    0.252067E-04
   1    1    3    1   -2         NaN             NaN    0.252067E-04
   1    1    3    2    5         NaN             NaN    0.252067E-04
   1    1    3    5    2         NaN             NaN    0.252067E-04
   1    1    5    3    2         NaN             NaN    0.252067E-04
   1    1   -5   -2   -3         NaN             NaN    0.252067E-04
   1    1   -3    2   -1         NaN             NaN    0.252067E-04
   1    1   -2    3    1         NaN             NaN    0.252067E-04
   1    1    2   -3   -1         NaN             NaN    0.252067E-04
   1    1    3   -2    1         NaN             NaN    0.252067E-04
   1    1    5    2    3         NaN             NaN    0.252067E-04
   1    1   -4   -3   -5         NaN             NaN    0.170397E-04
   1    1   -3   -4   -5         NaN             NaN    0.170397E-04
   1    1   -2   -5   -1         NaN             NaN    0.170397E-04
   1    1   -2   -1   -5         NaN             NaN    0.170397E-04
   1    1   -2   -1    3         NaN             NaN    0.170397E-04
   1    1   -1   -2   -5         NaN             NaN    0.170397E-04
   1    1   -1   -2    3         NaN             NaN    0.170397E-04
   1    1   -1    1   -4         NaN             NaN    0.170397E-04
   1    1   -1    3   -2         NaN             NaN    0.170397E-04
   1    1    1   -3    2         NaN             NaN    0.170397E-04
   1    1    1   -1    4         NaN             NaN    0.170397E-04
   1    1    1    2   -3         NaN             NaN    0.170397E-04
   1    1    1    2    5         NaN             NaN    0.170397E-04
   1    1    2    1   -3         NaN             NaN    0.170397E-04
   1    1    2    1    5         NaN             NaN    0.170397E-04
   1    1    2    5    1         NaN             NaN    0.170397E-04
   1    1    3    4    5         NaN             NaN    0.170397E-04
   1    1    4    3    5         NaN             NaN    0.170397E-04
   1    1   -5   -4   -3         NaN             NaN    0.170397E-04
   1    1   -5   -3   -4         NaN             NaN    0.170397E-04
   1    1   -5   -2   -1         NaN             NaN    0.170397E-04
   1    1   -4   -5   -3         NaN             NaN    0.170397E-04
   1    1   -4   -1    1         NaN             NaN    0.170397E-04
   1    1   -4    1   -1         NaN             NaN    0.170397E-04
   1    1   -3   -5   -4         NaN             NaN    0.170397E-04
   1    1   -3    1    2         NaN             NaN    0.170397E-04
   1    1   -3    2    1         NaN             NaN    0.170397E-04
   1    1   -2    3   -1         NaN             NaN    0.170397E-04
   1    1   -1   -5   -2         NaN             NaN    0.170397E-04
   1    1   -1   -4    1         NaN             NaN    0.170397E-04
   1    1   -1    1    4         NaN             NaN    0.170397E-04
   1    1   -1    4    1         NaN             NaN    0.170397E-04
   1    1    1   -4   -1         NaN             NaN    0.170397E-04
   1    1    1   -1   -4         NaN             NaN    0.170397E-04
   1    1    1    4   -1         NaN             NaN    0.170397E-04
   1    1    1    5    2         NaN             NaN    0.170397E-04
   1    1    2   -3    1         NaN             NaN    0.170397E-04
   1    1    3   -2   -1         NaN             NaN    0.170397E-04
   1    1    3   -1   -2         NaN             NaN    0.170397E-04
   1    1    3    5    4         NaN             NaN    0.170397E-04
   1    1    4   -1    1         NaN             NaN    0.170397E-04
   1    1    4    1   -1         NaN             NaN    0.170397E-04
   1    1    4    5    3         NaN             NaN    0.170397E-04
   1    1    5    2    1         NaN             NaN    0.170397E-04
   1    1    5    3    4         NaN             NaN    0.170397E-04
   1    1    5    4    3         NaN             NaN    0.170397E-04
   1    1   -5   -1   -2         NaN             NaN    0.170397E-04
   1    1    5    1    2         NaN             NaN    0.170397E-04
   1    1   -5   -3   -1         NaN             NaN    0.156097E-05
   1    1   -4   -2   -5         NaN             NaN    0.156097E-05
   1    1   -4   -2    1         NaN             NaN    0.156097E-05
   1    1   -3   -5   -1         NaN             NaN    0.156097E-05
   1    1   -3   -1   -5         NaN             NaN    0.156097E-05
   1    1   -2   -5   -4         NaN             NaN    0.156097E-05
   1    1   -2   -4   -5         NaN             NaN    0.156097E-05
   1    1   -2   -4    1         NaN             NaN    0.156097E-05
   1    1   -2    1   -4         NaN             NaN    0.156097E-05
   1    1   -2    2   -3         NaN             NaN    0.156097E-05
   1    1   -2    2    3         NaN             NaN    0.156097E-05
   1    1   -1   -5   -3         NaN             NaN    0.156097E-05
   1    1   -1   -3   -5         NaN             NaN    0.156097E-05
   1    1   -1    2    4         NaN             NaN    0.156097E-05
   1    1    1   -2   -4         NaN             NaN    0.156097E-05
   1    1    1    3    5         NaN             NaN    0.156097E-05
   1    1    1    5    3         NaN             NaN    0.156097E-05
   1    1    2   -2   -3         NaN             NaN    0.156097E-05
   1    1    2   -2    3         NaN             NaN    0.156097E-05
   1    1    2   -1    4         NaN             NaN    0.156097E-05
   1    1    2    4   -1         NaN             NaN    0.156097E-05
   1    1    2    4    5         NaN             NaN    0.156097E-05
   1    1    2    5    4         NaN             NaN    0.156097E-05
   1    1    3    1    5         NaN             NaN    0.156097E-05
   1    1    3    5    1         NaN             NaN    0.156097E-05
   1    1    4    2   -1         NaN             NaN    0.156097E-05
   1    1    4    2    5         NaN             NaN    0.156097E-05
   1    1    5    3    1         NaN             NaN    0.156097E-05
   1    1   -5   -4   -4         NaN             NaN    0.926104E-06
   1    1   -5   -4   -2         NaN             NaN    0.156097E-05
   1    1   -5   -2   -4         NaN             NaN    0.156097E-05
   1    1   -5   -1   -3         NaN             NaN    0.156097E-05
   1    1   -5   -1   -1         NaN             NaN    0.926104E-06
   1    1   -4   -5   -4         NaN             NaN    0.926104E-06
   1    1   -4   -5   -2         NaN             NaN    0.156097E-05
   1    1   -4   -4   -5         NaN             NaN    0.926104E-06
   1    1   -4    0    1         NaN             NaN    0.926104E-06
   1    1   -4    1   -2         NaN             NaN    0.156097E-05
   1    1   -4    1    0         NaN             NaN    0.926104E-06
   1    1   -3   -2    2         NaN             NaN    0.156097E-05
   1    1   -3    2   -2         NaN             NaN    0.156097E-05
   1    1   -2   -3    2         NaN             NaN    0.156097E-05
   1    1   -2    3    2         NaN             NaN    0.156097E-05
   1    1   -1   -5   -1         NaN             NaN    0.926104E-06
   1    1   -1   -1   -5         NaN             NaN    0.926104E-06
   1    1   -1    0    4         NaN             NaN    0.926104E-06
   1    1   -1    4    0         NaN             NaN    0.926104E-06
   1    1   -1    4    2         NaN             NaN    0.156097E-05
   1    1    0   -4    1         NaN             NaN    0.926104E-06
   1    1    0   -1    4         NaN             NaN    0.926104E-06
   1    1    0    1   -4         NaN             NaN    0.926104E-06
   1    1    0    4   -1         NaN             NaN    0.926104E-06
   1    1    1   -4   -2         NaN             NaN    0.156097E-05
   1    1    1   -4    0         NaN             NaN    0.926104E-06
   1    1    1    0   -4         NaN             NaN    0.926104E-06
   1    1    1    1    5         NaN             NaN    0.926104E-06
   1    1    1    5    1         NaN             NaN    0.926104E-06
   1    1    2   -3   -2         NaN             NaN    0.156097E-05
   1    1    2    3   -2         NaN             NaN    0.156097E-05
   1    1    3   -2    2         NaN             NaN    0.156097E-05
   1    1    3    2   -2         NaN             NaN    0.156097E-05
   1    1    4   -1    0         NaN             NaN    0.926104E-06
   1    1    4   -1    2         NaN             NaN    0.156097E-05
   1    1    4    0   -1         NaN             NaN    0.926104E-06
   1    1    4    4    5         NaN             NaN    0.926104E-06
   1    1    4    5    2         NaN             NaN    0.156097E-05
   1    1    4    5    4         NaN             NaN    0.926104E-06
   1    1    5    1    1         NaN             NaN    0.926104E-06
   1    1    5    1    3         NaN             NaN    0.156097E-05
   1    1    5    2    4         NaN             NaN    0.156097E-05
   1    1    5    4    2         NaN             NaN    0.156097E-05
   1    1    5    4    4         NaN             NaN    0.926104E-06
   1    1   -4   -4    0         NaN             NaN   -0.183754E-04
   1    1   -4    0   -4         NaN             NaN   -0.183754E-04
   1    1    0   -4   -4         NaN             NaN   -0.183754E-04
   1    1    0    4    4         NaN             NaN   -0.183754E-04
   1    1    4    0    4         NaN             NaN   -0.183754E-04
   1    1    4    4    0         NaN             NaN   -0.183754E-04
   1    1   -3   -5   -5         NaN             NaN   -0.160899E-04
   1    1   -2   -5    0         NaN             NaN   -0.160899E-04
   1    1   -2   -2    3         NaN             NaN   -0.160899E-04
   1    1   -2    0   -5         NaN             NaN   -0.160899E-04
   1    1    0   -2   -5         NaN             NaN   -0.160899E-04
   1    1    0    2    5         NaN             NaN   -0.160899E-04
   1    1    2    0    5         NaN             NaN   -0.160899E-04
   1    1    2    2   -3         NaN             NaN   -0.160899E-04
   1    1    2    5    0         NaN             NaN   -0.160899E-04
   1    1    3    5    5         NaN             NaN   -0.160899E-04
   1    1   -5   -5   -3         NaN             NaN   -0.160899E-04
   1    1   -5   -3   -5         NaN             NaN   -0.160899E-04
   1    1   -5   -2    0         NaN             NaN   -0.160899E-04
   1    1   -5    0   -2         NaN             NaN   -0.160899E-04
   1    1   -3    2    2         NaN             NaN   -0.160899E-04
   1    1   -2    3   -2         NaN             NaN   -0.160899E-04
   1    1    0   -5   -2         NaN             NaN   -0.160899E-04
   1    1    0    5    2         NaN             NaN   -0.160899E-04
   1    1    2   -3    2         NaN             NaN   -0.160899E-04
   1    1    3   -2   -2         NaN             NaN   -0.160899E-04
   1    1    5    0    2         NaN             NaN   -0.160899E-04
   1    1    5    2    0         NaN             NaN   -0.160899E-04
   1    1    5    3    5         NaN             NaN   -0.160899E-04
   1    1    5    5    3         NaN             NaN   -0.160899E-04
   1    1   -5   -4   -1         NaN             NaN   -0.135954E-04
   1    1   -5   -1   -4         NaN             NaN   -0.135954E-04
   1    1   -4   -5   -1         NaN             NaN   -0.135954E-04
   1    1   -4   -3    1         NaN             NaN   -0.135954E-04
   1    1   -4   -1   -5         NaN             NaN   -0.135954E-04
   1    1   -4    1   -3         NaN             NaN   -0.135954E-04
   1    1   -3   -4    1         NaN             NaN   -0.135954E-04
   1    1   -3    1   -4         NaN             NaN   -0.135954E-04
   1    1   -1   -5   -4         NaN             NaN   -0.135954E-04
   1    1   -1   -5    0         NaN             NaN   -0.135649E-04
   1    1   -1   -4   -5         NaN             NaN   -0.135954E-04
   1    1   -1   -1    4         NaN             NaN   -0.135649E-04
   1    1   -1    0   -5         NaN             NaN   -0.135649E-04
   1    1   -1    3    4         NaN             NaN   -0.135954E-04
   1    1   -1    4    3         NaN             NaN   -0.135954E-04
   1    1    0   -1   -5         NaN             NaN   -0.135649E-04
   1    1    0    1    5         NaN             NaN   -0.135649E-04
   1    1    1   -4   -3         NaN             NaN   -0.135954E-04
   1    1    1   -3   -4         NaN             NaN   -0.135954E-04
   1    1    1    0    5         NaN             NaN   -0.135649E-04
   1    1    1    1   -4         NaN             NaN   -0.135649E-04
   1    1    1    4    5         NaN             NaN   -0.135954E-04
   1    1    1    5    0         NaN             NaN   -0.135649E-04
   1    1    1    5    4         NaN             NaN   -0.135954E-04
   1    1    3   -1    4         NaN             NaN   -0.135954E-04
   1    1    3    4   -1         NaN             NaN   -0.135954E-04
   1    1    4   -1    3         NaN             NaN   -0.135954E-04
   1    1    4    1    5         NaN             NaN   -0.135954E-04
   1    1    4    3   -1         NaN             NaN   -0.135954E-04
   1    1    4    5    1         NaN             NaN   -0.135954E-04
   1    1    5    1    4         NaN             NaN   -0.135954E-04
   1    1    5    4    1         NaN             NaN   -0.135954E-04
   1    1   -5   -5   -4         NaN             NaN   -0.135649E-04
   1    1   -5   -4   -5         NaN             NaN   -0.135649E-04
   1    1   -5   -1    0         NaN             NaN   -0.135649E-04
   1    1   -5    0   -1         NaN             NaN   -0.135649E-04
   1    1   -4   -5   -5         NaN             NaN   -0.135649E-04
   1    1   -4    1    1         NaN             NaN   -0.135649E-04
   1    1   -1    4   -1         NaN             NaN   -0.135649E-04
   1    1    0   -5   -1         NaN             NaN   -0.135649E-04
   1    1    0    5    1         NaN             NaN   -0.135649E-04
   1    1    1   -4    1         NaN             NaN   -0.135649E-04
   1    1    4   -1   -1         NaN             NaN   -0.135649E-04
   1    1    4    5    5         NaN             NaN   -0.135649E-04
   1    1    5    0    1         NaN             NaN   -0.135649E-04
   1    1    5    1    0         NaN             NaN   -0.135649E-04
   1    1    5    4    5         NaN             NaN   -0.135649E-04
   1    1    5    5    4         NaN             NaN   -0.135649E-04
   1    1   -6   -3   -3         NaN             NaN   -0.299502E-05
   1    1   -5   -5   -2         NaN             NaN    0.547868E-06
   1    1   -5   -3    0         NaN             NaN    0.547868E-06
   1    1   -5   -2   -5         NaN             NaN    0.547868E-06
   1    1   -5    0   -3         NaN             NaN    0.547868E-06
   1    1   -3   -6   -3         NaN             NaN   -0.299502E-05
   1    1   -3   -5    0         NaN             NaN    0.547868E-06
   1    1   -3   -3   -6         NaN             NaN   -0.299502E-05
   1    1   -3   -3    2         NaN             NaN    0.547868E-06
   1    1   -3    0   -5         NaN             NaN    0.547868E-06
   1    1   -3    0    3         NaN             NaN   -0.299502E-05
   1    1   -3    2   -3         NaN             NaN    0.547868E-06
   1    1   -3    3    0         NaN             NaN   -0.299502E-05
   1    1   -2   -5   -5         NaN             NaN    0.547868E-06
   1    1   -2    3    3         NaN             NaN    0.547868E-06
   1    1    0   -5   -3         NaN             NaN    0.547868E-06
   1    1    0   -3   -5         NaN             NaN    0.547868E-06
   1    1    0   -3    3         NaN             NaN   -0.299502E-05
   1    1    0    3   -3         NaN             NaN   -0.299502E-05
   1    1    0    3    5         NaN             NaN    0.547868E-06
   1    1    0    5    3         NaN             NaN    0.547868E-06
   1    1    2   -3   -3         NaN             NaN    0.547868E-06
   1    1    2    5    5         NaN             NaN    0.547868E-06
   1    1    3   -3    0         NaN             NaN   -0.299502E-05
   1    1    3   -2    3         NaN             NaN    0.547868E-06
   1    1    3    0   -3         NaN             NaN   -0.299502E-05
   1    1    3    0    5         NaN             NaN    0.547868E-06
   1    1    3    3   -2         NaN             NaN    0.547868E-06
   1    1    3    3    6         NaN             NaN   -0.299502E-05
   1    1    3    5    0         NaN             NaN    0.547868E-06
   1    1    3    6    3         NaN             NaN   -0.299502E-05
   1    1    5    0    3         NaN             NaN    0.547868E-06
   1    1    5    2    5         NaN             NaN    0.547868E-06
   1    1    5    3    0         NaN             NaN    0.547868E-06
   1    1    5    5    2         NaN             NaN    0.547868E-06
   1    1    6    3    3         NaN             NaN   -0.299502E-05
   1    1   -6   -4   -3         NaN             NaN    0.768750E-05
   1    1   -6   -3   -4         NaN             NaN    0.768750E-05
   1    1   -6   -3   -2         NaN             NaN    0.768750E-05
   1    1   -6   -2   -3         NaN             NaN    0.768750E-05
   1    1   -5   -5   -5         NaN             NaN    0.943332E-05
   1    1   -5    0    0         NaN             NaN    0.943332E-05
   1    1   -4   -6   -3         NaN             NaN    0.768750E-05
   1    1   -4   -3   -6         NaN             NaN    0.768750E-05
   1    1   -4   -1    2         NaN             NaN    0.768750E-05
   1    1   -4    2   -1         NaN             NaN    0.768750E-05
   1    1   -3   -6   -4         NaN             NaN    0.768750E-05
   1    1   -3   -6   -2         NaN             NaN    0.768750E-05
   1    1   -3   -4   -6         NaN             NaN    0.768750E-05
   1    1   -3   -2   -6         NaN             NaN    0.768750E-05
   1    1   -3   -1    3         NaN             NaN    0.768750E-05
   1    1   -3    1    3         NaN             NaN    0.768750E-05
   1    1   -3    3   -1         NaN             NaN    0.768750E-05
   1    1   -3    3    1         NaN             NaN    0.768750E-05
   1    1   -2   -6   -3         NaN             NaN    0.768750E-05
   1    1   -2   -3   -6         NaN             NaN    0.768750E-05
   1    1   -2    1    4         NaN             NaN    0.768750E-05
   1    1   -2    4    1         NaN             NaN    0.768750E-05
   1    1   -1   -4    2         NaN             NaN    0.768750E-05
   1    1   -1   -3    3         NaN             NaN    0.768750E-05
   1    1   -1    2   -4         NaN             NaN    0.768750E-05
   1    1   -1    3   -3         NaN             NaN    0.768750E-05
   1    1    0   -5    0         NaN             NaN    0.943332E-05
   1    1    0    0   -5         NaN             NaN    0.943332E-05
   1    1    0    0    5         NaN             NaN    0.943332E-05
   1    1    0    5    0         NaN             NaN    0.943332E-05
   1    1    1   -3    3         NaN             NaN    0.768750E-05
   1    1    1   -2    4         NaN             NaN    0.768750E-05
   1    1    1    3   -3         NaN             NaN    0.768750E-05
   1    1    1    4   -2         NaN             NaN    0.768750E-05
   1    1    2   -4   -1         NaN             NaN    0.768750E-05
   1    1    2   -1   -4         NaN             NaN    0.768750E-05
   1    1    2    3    6         NaN             NaN    0.768750E-05
   1    1    2    6    3         NaN             NaN    0.768750E-05
   1    1    3   -3   -1         NaN             NaN    0.768750E-05
   1    1    3   -3    1         NaN             NaN    0.768750E-05
   1    1    3   -1   -3         NaN             NaN    0.768750E-05
   1    1    3    1   -3         NaN             NaN    0.768750E-05
   1    1    3    2    6         NaN             NaN    0.768750E-05
   1    1    3    4    6         NaN             NaN    0.768750E-05
   1    1    3    6    2         NaN             NaN    0.768750E-05
   1    1    3    6    4         NaN             NaN    0.768750E-05
   1    1    4   -2    1         NaN             NaN    0.768750E-05
   1    1    4    1   -2         NaN             NaN    0.768750E-05
   1    1    4    3    6         NaN             NaN    0.768750E-05
   1    1    4    6    3         NaN             NaN    0.768750E-05
   1    1    5    0    0         NaN             NaN    0.943332E-05
   1    1    5    5    5         NaN             NaN    0.943332E-05
   1    1    6    2    3         NaN             NaN    0.768750E-05
   1    1    6    3    2         NaN             NaN    0.768750E-05
   1    1    6    3    4         NaN             NaN    0.768750E-05
   1    1    6    4    3         NaN             NaN    0.768750E-05
   1    1   -6   -2   -2         NaN             NaN    0.962872E-05
   1    1   -4   -4   -6         NaN             NaN    0.962872E-05
   1    1   -4    2    0         NaN             NaN    0.962872E-05
   1    1   -2   -2   -6         NaN             NaN    0.962872E-05
   1    1   -2    4    0         NaN             NaN    0.962872E-05
   1    1    0   -4    2         NaN             NaN    0.962872E-05
   1    1    0   -2    4         NaN             NaN    0.962872E-05
   1    1    0    2   -4         NaN             NaN    0.962872E-05
   1    1    0    4   -2         NaN             NaN    0.962872E-05
   1    1    2   -4    0         NaN             NaN    0.962872E-05
   1    1    2    2    6         NaN             NaN    0.962872E-05
   1    1    4   -2    0         NaN             NaN    0.962872E-05
   1    1    4    4    6         NaN             NaN    0.962872E-05
   1    1    6    2    2         NaN             NaN    0.962872E-05
   1    1   -6   -4   -4         NaN             NaN    0.962872E-05
   1    1   -4   -6   -4         NaN             NaN    0.962872E-05
   1    1   -4    0    2         NaN             NaN    0.962872E-05
   1    1   -2   -6   -2         NaN             NaN    0.962872E-05
   1    1   -2    0    4         NaN             NaN    0.962872E-05
   1    1    2    0   -4         NaN             NaN    0.962872E-05
   1    1    2    6    2         NaN             NaN    0.962872E-05
   1    1    4    0   -2         NaN             NaN    0.962872E-05
   1    1    4    6    4         NaN             NaN    0.962872E-05
   1    1    6    4    4         NaN             NaN    0.962872E-05
   1    1   -6   -2   -4         NaN             NaN    0.125591E-04
   1    1   -4   -2   -6         NaN             NaN    0.125591E-04
   1    1   -4   -2    2         NaN             NaN    0.125591E-04
   1    1   -4    2   -2         NaN             NaN    0.125591E-04
   1    1   -2   -6   -4         NaN             NaN    0.125591E-04
   1    1   -2   -4   -6         NaN             NaN    0.125591E-04
   1    1   -2   -4    2         NaN             NaN    0.125591E-04
   1    1   -2    2   -4         NaN             NaN    0.125591E-04
   1    1   -2    2    4         NaN             NaN    0.125591E-04
   1    1   -2    4    2         NaN             NaN    0.125591E-04
   1    1    2   -4   -2         NaN             NaN    0.125591E-04
   1    1    2   -2   -4         NaN             NaN    0.125591E-04
   1    1    2   -2    4         NaN             NaN    0.125591E-04
   1    1    2    4   -2         NaN             NaN    0.125591E-04
   1    1    2    4    6         NaN             NaN    0.125591E-04
   1    1    2    6    4         NaN             NaN    0.125591E-04
   1    1    4   -2    2         NaN             NaN    0.125591E-04
   1    1    4    2   -2         NaN             NaN    0.125591E-04
   1    1    4    2    6         NaN             NaN    0.125591E-04
   1    1    6    2    4         NaN             NaN    0.125591E-04
   1    1   -6   -4   -2         NaN             NaN    0.125591E-04
   1    1   -4   -6   -2         NaN             NaN    0.125591E-04
   1    1    4    6    2         NaN             NaN    0.125591E-04
   1    1    6    4    2         NaN             NaN    0.125591E-04
   1    1   -6   -5   -4         NaN             NaN    0.775519E-05
   1    1   -6   -4   -5         NaN             NaN    0.775519E-05
   1    1   -6   -2   -1         NaN             NaN    0.775519E-05
   1    1   -6   -1   -2         NaN             NaN    0.775519E-05
   1    1   -5   -6   -4         NaN             NaN    0.775519E-05
   1    1   -5   -5   -1         NaN             NaN    0.777721E-05
   1    1   -5   -4   -6         NaN             NaN    0.775519E-05
   1    1   -5   -4    0         NaN             NaN    0.777721E-05
   1    1   -5   -1   -5         NaN             NaN    0.777721E-05
   1    1   -5    0   -4         NaN             NaN    0.777721E-05
   1    1   -4   -6   -5         NaN             NaN    0.775519E-05
   1    1   -4   -5   -6         NaN             NaN    0.775519E-05
   1    1   -4   -5    0         NaN             NaN    0.777721E-05
   1    1   -4   -4    1         NaN             NaN    0.777721E-05
   1    1   -4    0   -5         NaN             NaN    0.777721E-05
   1    1   -4    1   -4         NaN             NaN    0.777721E-05
   1    1   -4    1    2         NaN             NaN    0.775519E-05
   1    1   -4    2    1         NaN             NaN    0.775519E-05
   1    1   -2   -6   -1         NaN             NaN    0.775519E-05
   1    1   -2   -1   -6         NaN             NaN    0.775519E-05
   1    1   -2   -1    4         NaN             NaN    0.775519E-05
   1    1   -2    4   -1         NaN             NaN    0.775519E-05
   1    1   -1   -6   -2         NaN             NaN    0.775519E-05
   1    1   -1   -5   -5         NaN             NaN    0.777721E-05
   1    1   -1   -5    1         NaN             NaN    0.775519E-05
   1    1   -1   -2   -6         NaN             NaN    0.775519E-05
   1    1   -1   -2    4         NaN             NaN    0.775519E-05
   1    1   -1    1   -5         NaN             NaN    0.775519E-05
   1    1   -1    1    5         NaN             NaN    0.775519E-05
   1    1   -1    4   -2         NaN             NaN    0.775519E-05
   1    1   -1    4    4         NaN             NaN    0.777721E-05
   1    1   -1    5    1         NaN             NaN    0.775519E-05
   1    1    0   -5   -4         NaN             NaN    0.777721E-05
   1    1    0   -4   -5         NaN             NaN    0.777721E-05
   1    1    0    4    5         NaN             NaN    0.777721E-05
   1    1    0    5    4         NaN             NaN    0.777721E-05
   1    1    1   -5   -1         NaN             NaN    0.775519E-05
   1    1    1   -4   -4         NaN             NaN    0.777721E-05
   1    1    1   -4    2         NaN             NaN    0.775519E-05
   1    1    1   -1   -5         NaN             NaN    0.775519E-05
   1    1    1   -1    5         NaN             NaN    0.775519E-05
   1    1    1    2   -4         NaN             NaN    0.775519E-05
   1    1    1    2    6         NaN             NaN    0.775519E-05
   1    1    1    5   -1         NaN             NaN    0.775519E-05
   1    1    1    5    5         NaN             NaN    0.777721E-05
   1    1    1    6    2         NaN             NaN    0.775519E-05
   1    1    2   -4    1         NaN             NaN    0.775519E-05
   1    1    2    1   -4         NaN             NaN    0.775519E-05
   1    1    2    1    6         NaN             NaN    0.775519E-05
   1    1    2    6    1         NaN             NaN    0.775519E-05
   1    1    4   -2   -1         NaN             NaN    0.775519E-05
   1    1    4   -1   -2         NaN             NaN    0.775519E-05
   1    1    4   -1    4         NaN             NaN    0.777721E-05
   1    1    4    0    5         NaN             NaN    0.777721E-05
   1    1    4    4   -1         NaN             NaN    0.777721E-05
   1    1    4    5    0         NaN             NaN    0.777721E-05
   1    1    4    5    6         NaN             NaN    0.775519E-05
   1    1    4    6    5         NaN             NaN    0.775519E-05
   1    1    5    0    4         NaN             NaN    0.777721E-05
   1    1    5    1    5         NaN             NaN    0.777721E-05
   1    1    5    4    0         NaN             NaN    0.777721E-05
   1    1    5    4    6         NaN             NaN    0.775519E-05
   1    1    5    5    1         NaN             NaN    0.777721E-05
   1    1    5    6    4         NaN             NaN    0.775519E-05
   1    1    6    1    2         NaN             NaN    0.775519E-05
   1    1    6    2    1         NaN             NaN    0.775519E-05
   1    1    6    4    5         NaN             NaN    0.775519E-05
   1    1    6    5    4         NaN             NaN    0.775519E-05
   1    1   -5   -1    1         NaN             NaN    0.775519E-05
   1    1   -5    1   -1         NaN             NaN    0.775519E-05
   1    1    5   -1    1         NaN             NaN    0.775519E-05
   1    1    5    1   -1         NaN             NaN    0.775519E-05
   1    1   -6   -5   -3         NaN             NaN    0.598743E-05
   1    1   -6   -3   -5         NaN             NaN    0.598743E-05
   1    1   -6   -3   -1         NaN             NaN    0.598743E-05
   1    1   -6   -1   -3         NaN             NaN    0.598743E-05
   1    1   -5   -6   -3         NaN             NaN    0.598743E-05
   1    1   -5   -3   -6         NaN             NaN    0.598743E-05
   1    1   -5   -2    1         NaN             NaN    0.598743E-05
   1    1   -3   -6   -5         NaN             NaN    0.598743E-05
   1    1   -3   -6   -1         NaN             NaN    0.598743E-05
   1    1   -3   -5   -6         NaN             NaN    0.598743E-05
   1    1   -3   -2    3         NaN             NaN    0.598743E-05
   1    1   -3   -1   -6         NaN             NaN    0.598743E-05
   1    1   -3    2    3         NaN             NaN    0.598743E-05
   1    1   -3    3   -2         NaN             NaN    0.598743E-05
   1    1   -3    3    2         NaN             NaN    0.598743E-05
   1    1   -2   -5    1         NaN             NaN    0.598743E-05
   1    1   -2   -3    3         NaN             NaN    0.598743E-05
   1    1   -2    1   -5         NaN             NaN    0.598743E-05
   1    1   -2    3   -3         NaN             NaN    0.598743E-05
   1    1   -1   -6   -3         NaN             NaN    0.598743E-05
   1    1   -1   -3   -6         NaN             NaN    0.598743E-05
   1    1   -1    2    5         NaN             NaN    0.598743E-05
   1    1   -1    5    2         NaN             NaN    0.598743E-05
   1    1    1   -5   -2         NaN             NaN    0.598743E-05
   1    1    1   -2   -5         NaN             NaN    0.598743E-05
   1    1    1    3    6         NaN             NaN    0.598743E-05
   1    1    1    6    3         NaN             NaN    0.598743E-05
   1    1    2   -3    3         NaN             NaN    0.598743E-05
   1    1    2   -1    5         NaN             NaN    0.598743E-05
   1    1    2    3   -3         NaN             NaN    0.598743E-05
   1    1    2    5   -1         NaN             NaN    0.598743E-05
   1    1    3   -3   -2         NaN             NaN    0.598743E-05
   1    1    3   -3    2         NaN             NaN    0.598743E-05
   1    1    3   -2   -3         NaN             NaN    0.598743E-05
   1    1    3    1    6         NaN             NaN    0.598743E-05
   1    1    3    2   -3         NaN             NaN    0.598743E-05
   1    1    3    5    6         NaN             NaN    0.598743E-05
   1    1    3    6    1         NaN             NaN    0.598743E-05
   1    1    3    6    5         NaN             NaN    0.598743E-05
   1    1    5    2   -1         NaN             NaN    0.598743E-05
   1    1    5    3    6         NaN             NaN    0.598743E-05
   1    1    5    6    3         NaN             NaN    0.598743E-05
   1    1    6    1    3         NaN             NaN    0.598743E-05
   1    1    6    3    1         NaN             NaN    0.598743E-05
   1    1    6    3    5         NaN             NaN    0.598743E-05
   1    1    6    5    3         NaN             NaN    0.598743E-05
   1    1   -5    1   -2         NaN             NaN    0.598743E-05
   1    1    5   -1    2         NaN             NaN    0.598743E-05
   1    1   -6   -5   -5         NaN             NaN   -0.268577E-05
   1    1   -6   -1   -1         NaN             NaN   -0.268577E-05
   1    1   -5   -6   -5         NaN             NaN   -0.268577E-05
   1    1   -5   -5   -6         NaN             NaN   -0.268577E-05
   1    1   -1   -6   -1         NaN             NaN   -0.268577E-05
   1    1   -1   -1   -6         NaN             NaN   -0.268577E-05
   1    1   -1    0    5         NaN             NaN   -0.268577E-05
   1    1   -1    5    0         NaN             NaN   -0.268577E-05
   1    1    0   -1    5         NaN             NaN   -0.268577E-05
   1    1    0    1   -5         NaN             NaN   -0.268577E-05
   1    1    1   -5    0         NaN             NaN   -0.268577E-05
   1    1    1    0   -5         NaN             NaN   -0.268577E-05
   1    1    1    1    6         NaN             NaN   -0.268577E-05
   1    1    1    6    1         NaN             NaN   -0.268577E-05
   1    1    5    5    6         NaN             NaN   -0.268577E-05
   1    1    5    6    5         NaN             NaN   -0.268577E-05
   1    1    6    1    1         NaN             NaN   -0.268577E-05
   1    1    6    5    5         NaN             NaN   -0.268577E-05
   1    1   -5    0    1         NaN             NaN   -0.268577E-05
   1    1   -5    1    0         NaN             NaN   -0.268577E-05
   1    1    0   -5    1         NaN             NaN   -0.268577E-05
   1    1    0    5   -1         NaN             NaN   -0.268577E-05
   1    1    5   -1    0         NaN             NaN   -0.268577E-05
   1    1    5    0   -1         NaN             NaN   -0.268577E-05
   1    1   -6   -5   -2         NaN             NaN   -0.759783E-05
   1    1   -5   -6   -2         NaN             NaN   -0.759783E-05
   1    1   -4   -3    2         NaN             NaN   -0.759783E-05
   1    1   -3   -4    2         NaN             NaN   -0.759783E-05
   1    1    3    4   -2         NaN             NaN   -0.759783E-05
   1    1    4    3   -2         NaN             NaN   -0.759783E-05
   1    1    5    6    2         NaN             NaN   -0.759783E-05
   1    1    6    5    2         NaN             NaN   -0.759783E-05
   1    1   -6   -4   -1         NaN             NaN   -0.759783E-05
   1    1   -6   -2   -5         NaN             NaN   -0.759783E-05
   1    1   -6   -1   -4         NaN             NaN   -0.759783E-05
   1    1   -5   -3    1         NaN             NaN   -0.759783E-05
   1    1   -5   -2   -6         NaN             NaN   -0.759783E-05
   1    1   -5    1   -3         NaN             NaN   -0.759783E-05
   1    1   -4   -6   -1         NaN             NaN   -0.759783E-05
   1    1   -4   -1   -6         NaN             NaN   -0.759783E-05
   1    1   -4    2   -3         NaN             NaN   -0.759783E-05
   1    1   -3   -5    1         NaN             NaN   -0.759783E-05
   1    1   -3    1   -5         NaN             NaN   -0.759783E-05
   1    1   -3    2   -4         NaN             NaN   -0.759783E-05
   1    1   -2   -6   -5         NaN             NaN   -0.759783E-05
   1    1   -2   -5   -6         NaN             NaN   -0.759783E-05
   1    1   -2    3    4         NaN             NaN   -0.759783E-05
   1    1   -2    4    3         NaN             NaN   -0.759783E-05
   1    1   -1   -6   -4         NaN             NaN   -0.759783E-05
   1    1   -1   -4   -6         NaN             NaN   -0.759783E-05
   1    1   -1    3    5         NaN             NaN   -0.759783E-05
   1    1   -1    5    3         NaN             NaN   -0.759783E-05
   1    1    1   -5   -3         NaN             NaN   -0.759783E-05
   1    1    1   -3   -5         NaN             NaN   -0.759783E-05
   1    1    1    4    6         NaN             NaN   -0.759783E-05
   1    1    1    6    4         NaN             NaN   -0.759783E-05
   1    1    2   -4   -3         NaN             NaN   -0.759783E-05
   1    1    2   -3   -4         NaN             NaN   -0.759783E-05
   1    1    2    5    6         NaN             NaN   -0.759783E-05
   1    1    2    6    5         NaN             NaN   -0.759783E-05
   1    1    3   -2    4         NaN             NaN   -0.759783E-05
   1    1    3   -1    5         NaN             NaN   -0.759783E-05
   1    1    3    5   -1         NaN             NaN   -0.759783E-05
   1    1    4   -2    3         NaN             NaN   -0.759783E-05
   1    1    4    1    6         NaN             NaN   -0.759783E-05
   1    1    4    6    1         NaN             NaN   -0.759783E-05
   1    1    5   -1    3         NaN             NaN   -0.759783E-05
   1    1    5    2    6         NaN             NaN   -0.759783E-05
   1    1    5    3   -1         NaN             NaN   -0.759783E-05
   1    1    6    1    4         NaN             NaN   -0.759783E-05
   1    1    6    2    5         NaN             NaN   -0.759783E-05
   1    1    6    4    1         NaN             NaN   -0.759783E-05
   1    1   -6   -6   -4         NaN             NaN   -0.857809E-05
   1    1   -6   -4   -6         NaN             NaN   -0.857809E-05
   1    1   -6   -2    0         NaN             NaN   -0.857809E-05
   1    1   -6    0   -2         NaN             NaN   -0.857809E-05
   1    1   -4   -6   -6         NaN             NaN   -0.857809E-05
   1    1   -4    2    2         NaN             NaN   -0.857809E-05
   1    1   -2   -6    0         NaN             NaN   -0.857809E-05
   1    1   -2   -2    4         NaN             NaN   -0.857809E-05
   1    1   -2    0   -6         NaN             NaN   -0.857809E-05
   1    1   -2    4   -2         NaN             NaN   -0.857809E-05
   1    1    0   -6   -2         NaN             NaN   -0.857809E-05
   1    1    0   -2   -6         NaN             NaN   -0.857809E-05
   1    1    0    2    6         NaN             NaN   -0.857809E-05
   1    1    0    6    2         NaN             NaN   -0.857809E-05
   1    1    2   -4    2         NaN             NaN   -0.857809E-05
   1    1    2    0    6         NaN             NaN   -0.857809E-05
   1    1    2    2   -4         NaN             NaN   -0.857809E-05
   1    1    2    6    0         NaN             NaN   -0.857809E-05
   1    1    4   -2   -2         NaN             NaN   -0.857809E-05
   1    1    4    6    6         NaN             NaN   -0.857809E-05
   1    1    6    0    2         NaN             NaN   -0.857809E-05
   1    1    6    2    0         NaN             NaN   -0.857809E-05
   1    1    6    4    6         NaN             NaN   -0.857809E-05
   1    1    6    6    4         NaN             NaN   -0.857809E-05
   1    1   -7   -4   -4         NaN             NaN   -0.513509E-05
   1    1   -7   -3   -3         NaN             NaN   -0.513509E-05
   1    1   -6   -6   -5         NaN             NaN   -0.519679E-05
   1    1   -6   -6   -3         NaN             NaN   -0.419173E-05
   1    1   -6   -5   -6         NaN             NaN   -0.519679E-05
   1    1   -6   -3   -6         NaN             NaN   -0.419173E-05
   1    1   -6   -3    0         NaN             NaN   -0.419173E-05
   1    1   -6   -1    0         NaN             NaN   -0.519679E-05
   1    1   -6    0   -3         NaN             NaN   -0.419173E-05
   1    1   -6    0   -1         NaN             NaN   -0.519679E-05
   1    1   -5   -6   -6         NaN             NaN   -0.519679E-05
   1    1   -4   -7   -4         NaN             NaN   -0.513509E-05
   1    1   -4   -4   -7         NaN             NaN   -0.513509E-05
   1    1   -4    0    3         NaN             NaN   -0.513509E-05
   1    1   -4    3    0         NaN             NaN   -0.513509E-05
   1    1   -3   -6   -6         NaN             NaN   -0.419173E-05
   1    1   -3   -6    0         NaN             NaN   -0.419173E-05
   1    1   -3   -3   -7         NaN             NaN   -0.513509E-05
   1    1   -3   -3    3         NaN             NaN   -0.419173E-05
   1    1   -3    0   -6         NaN             NaN   -0.419173E-05
   1    1   -3    0    4         NaN             NaN   -0.513509E-05
   1    1   -3    3   -3         NaN             NaN   -0.419173E-05
   1    1   -3    3    3         NaN             NaN   -0.419173E-05
   1    1   -3    4    0         NaN             NaN   -0.513509E-05
   1    1   -1   -6    0         NaN             NaN   -0.519679E-05
   1    1   -1   -1    5         NaN             NaN   -0.519679E-05
   1    1   -1    0   -6         NaN             NaN   -0.519679E-05
   1    1   -1    5   -1         NaN             NaN   -0.519679E-05
   1    1    0   -6   -3         NaN             NaN   -0.419173E-05
   1    1    0   -6   -1         NaN             NaN   -0.519679E-05
   1    1    0   -4    3         NaN             NaN   -0.513509E-05
   1    1    0   -3   -6         NaN             NaN   -0.419173E-05
   1    1    0   -3    4         NaN             NaN   -0.513509E-05
   1    1    0   -1   -6         NaN             NaN   -0.519679E-05
   1    1    0    1    6         NaN             NaN   -0.519679E-05
   1    1    0    3   -4         NaN             NaN   -0.513509E-05
   1    1    0    3    6         NaN             NaN   -0.419173E-05
   1    1    0    4   -3         NaN             NaN   -0.513509E-05
   1    1    0    6    1         NaN             NaN   -0.519679E-05
   1    1    0    6    3         NaN             NaN   -0.419173E-05
   1    1    1   -5    1         NaN             NaN   -0.519679E-05
   1    1    1    0    6         NaN             NaN   -0.519679E-05
   1    1    1    1   -5         NaN             NaN   -0.519679E-05
   1    1    1    6    0         NaN             NaN   -0.519679E-05
   1    1    3   -4    0         NaN             NaN   -0.513509E-05
   1    1    3   -3   -3         NaN             NaN   -0.419173E-05
   1    1    3   -3    3         NaN             NaN   -0.419173E-05
   1    1    3    0   -4         NaN             NaN   -0.513509E-05
   1    1    3    0    6         NaN             NaN   -0.419173E-05
   1    1    3    3   -3         NaN             NaN   -0.419173E-05
   1    1    3    3    7         NaN             NaN   -0.513509E-05
   1    1    3    6    0         NaN             NaN   -0.419173E-05
   1    1    3    6    6         NaN             NaN   -0.419173E-05
   1    1    4   -3    0         NaN             NaN   -0.513509E-05
   1    1    4    0   -3         NaN             NaN   -0.513509E-05
   1    1    4    4    7         NaN             NaN   -0.513509E-05
   1    1    4    7    4         NaN             NaN   -0.513509E-05
   1    1    5    6    6         NaN             NaN   -0.519679E-05
   1    1    6    0    1         NaN             NaN   -0.519679E-05
   1    1    6    0    3         NaN             NaN   -0.419173E-05
   1    1    6    1    0         NaN             NaN   -0.519679E-05
   1    1    6    3    0         NaN             NaN   -0.419173E-05
   1    1    6    3    6         NaN             NaN   -0.419173E-05
   1    1    6    5    6         NaN             NaN   -0.519679E-05
   1    1    6    6    3         NaN             NaN   -0.419173E-05
   1    1    6    6    5         NaN             NaN   -0.519679E-05
   1    1    7    3    3         NaN             NaN   -0.513509E-05
   1    1    7    4    4         NaN             NaN   -0.513509E-05
   1    1   -5    1    1         NaN             NaN   -0.519679E-05
   1    1   -3   -7   -3         NaN             NaN   -0.513509E-05
   1    1    3    7    3         NaN             NaN   -0.513509E-05
   1    1    5   -1   -1         NaN             NaN   -0.519679E-05
   1    1   -7   -4   -3         NaN             NaN   -0.381327E-05
   1    1   -7   -3   -4         NaN             NaN   -0.381327E-05
   1    1   -4    3   -1         NaN             NaN   -0.381327E-05
   1    1   -3    4    1         NaN             NaN   -0.381327E-05
   1    1    3   -4   -1         NaN             NaN   -0.381327E-05
   1    1    4   -3    1         NaN             NaN   -0.381327E-05
   1    1    7    3    4         NaN             NaN   -0.381327E-05
   1    1    7    4    3         NaN             NaN   -0.381327E-05
