i   j      dx   dy   dz        Jij               χ⁰↑               χ⁰↓            Xzz
1   1      -1   -1   -1   0.803823      8.701750E-03      6.205150E-04   1.120897E-02
1   1      -1    0    0   0.803823      8.701750E-03      6.205150E-04   9.831632E-03
1   1       0   -1    0   0.803823      8.701750E-03      6.205150E-04   9.831632E-03
1   1       0    0   -1   0.803823      8.701750E-03      6.205150E-04   9.831632E-03
1   1       0    0    1   0.803823      8.701750E-03      6.205150E-04   9.831632E-03
1   1       0    1    0   0.803823      8.701750E-03      6.205150E-04   9.831632E-03
1   1       1    0    0   0.803823      8.701750E-03      6.205150E-04   9.831632E-03
1   1       1    1    1   0.803823      8.701750E-03      6.205150E-04   1.120897E-02
1   1      -1   -1    0   0.575587      5.377750E-02      1.490160E-02   5.187747E-02
1   1      -1    0   -1   0.575587      5.377750E-02      1.490160E-02   5.187747E-02
1   1       0   -1   -1   0.575587      5.377750E-02      1.490160E-02   5.187747E-02
1   1       0    1    1   0.575587      5.377750E-02      1.490160E-02   5.187747E-02
1   1       1    0    1   0.575587      5.377750E-02      1.490160E-02   5.187747E-02
1   1       1    1    0   0.575587      5.377750E-02      1.490160E-02   5.187747E-02
1   1      -2   -1   -1  -0.015219     -4.162550E-03     -6.911900E-04  -4.737879E-03
1   1      -1   -2   -1  -0.015219     -4.162550E-03     -6.911900E-04  -4.737879E-03
1   1       1    2    1  -0.015219     -4.162550E-03     -6.911900E-04  -4.737879E-03
1   1       2    1    1  -0.015219     -4.162550E-03     -6.911900E-04  -4.737879E-03
1   1      -1   -1   -2  -0.015219     -4.162550E-03     -6.911900E-04  -4.737879E-03
1   1      -1    0    1  -0.015219     -4.162550E-03     -6.911900E-04  -5.614120E-03
1   1      -1    1    0  -0.015219     -4.162550E-03     -6.911900E-04  -5.614120E-03
1   1       0   -1    1  -0.015219     -4.162550E-03     -6.911900E-04  -5.614120E-03
1   1       0    1   -1  -0.015219     -4.162550E-03     -6.911900E-04  -5.614120E-03
1   1       1   -1    0  -0.015219     -4.162550E-03     -6.911900E-04  -5.614120E-03
1   1       1    0   -1  -0.015219     -4.162550E-03     -6.911900E-04  -5.614120E-03
1   1       1    1    2  -0.015219     -4.162550E-03     -6.911900E-04  -4.737879E-03
1   1      -2   -2   -1  -0.105579      4.633300E-03      1.007550E-03   5.166442E-03
1   1      -2   -1   -2  -0.105579      4.633300E-03      1.007550E-03   5.166442E-03
1   1      -2   -1    0  -0.105579      4.633300E-03      1.007550E-03   6.968591E-03
1   1      -2    0   -1  -0.105579      4.633300E-03      1.007550E-03   6.968591E-03
1   1      -1   -2   -2  -0.105579      4.633300E-03      1.007550E-03   5.166442E-03
1   1      -1   -2    0  -0.105579      4.633300E-03      1.007550E-03   6.968591E-03
1   1      -1   -1    1  -0.105579      4.633300E-03      1.007550E-03   6.721350E-03
1   1      -1    0   -2  -0.105579      4.633300E-03      1.007550E-03   6.968591E-03
1   1      -1    1   -1  -0.105579      4.633300E-03      1.007550E-03   6.721350E-03
1   1      -1    1    1  -0.105579      4.633300E-03      1.007550E-03   6.721350E-03
1   1       0   -2   -1  -0.105579      4.633300E-03      1.007550E-03   6.968591E-03
1   1       0   -1   -2  -0.105579      4.633300E-03      1.007550E-03   6.968591E-03
1   1       0    1    2  -0.105579      4.633300E-03      1.007550E-03   6.968591E-03
1   1       0    2    1  -0.105579      4.633300E-03      1.007550E-03   6.968591E-03
1   1       1   -1   -1  -0.105579      4.633300E-03      1.007550E-03   6.721350E-03
1   1       1   -1    1  -0.105579      4.633300E-03      1.007550E-03   6.721350E-03
1   1       1    0    2  -0.105579      4.633300E-03      1.007550E-03   6.968591E-03
1   1       1    1   -1  -0.105579      4.633300E-03      1.007550E-03   6.721350E-03
1   1       1    2    0  -0.105579      4.633300E-03      1.007550E-03   6.968591E-03
1   1       1    2    2  -0.105579      4.633300E-03      1.007550E-03   5.166442E-03
1   1       2    0    1  -0.105579      4.633300E-03      1.007550E-03   6.968591E-03
1   1       2    1    0  -0.105579      4.633300E-03      1.007550E-03   6.968591E-03
1   1       2    1    2  -0.105579      4.633300E-03      1.007550E-03   5.166442E-03
1   1       2    2    1  -0.105579      4.633300E-03      1.007550E-03   5.166442E-03
1   1      -2   -2   -2  -0.031006     -5.801740E-05      2.663020E-03   9.264465E-04
1   1      -2    0    0  -0.031006     -5.801740E-05      2.663020E-03   1.001974E-03
1   1       0   -2    0  -0.031006     -5.801740E-05      2.663020E-03   1.001974E-03
1   1       0    0   -2  -0.031006     -5.801740E-05      2.663020E-03   1.001974E-03
1   1       0    0    2  -0.031006     -5.801740E-05      2.663020E-03   1.001974E-03
1   1       0    2    0  -0.031006     -5.801740E-05      2.663020E-03   1.001974E-03
1   1       2    0    0  -0.031006     -5.801740E-05      2.663020E-03   1.001974E-03
1   1       2    2    2  -0.031006     -5.801740E-05      2.663020E-03   9.264465E-04
1   1      -2   -2    0   0.037985      1.163760E-02      5.581200E-03   1.699738E-02
1   1      -2    0   -2   0.037985      1.163760E-02      5.581200E-03   1.699738E-02
1   1       0   -2   -2   0.037985      1.163760E-02      5.581200E-03   1.699738E-02
1   1       0    2    2   0.037985      1.163760E-02      5.581200E-03   1.699738E-02
1   1       2    0    2   0.037985      1.163760E-02      5.581200E-03   1.699738E-02
1   1       2    2    0   0.037985      1.163760E-02      5.581200E-03   1.699738E-02
1   1      -3   -2   -2  -0.017515     -1.809830E-03      2.329320E-04  -7.119120E-04
1   1      -3   -1   -1  -0.017515     -1.809830E-03      2.329320E-04  -1.971192E-03
1   1      -2   -2   -3  -0.017515     -1.809830E-03      2.329320E-04  -7.119120E-04
1   1      -2    0    1  -0.017515     -1.809830E-03      2.329320E-04  -3.144915E-03
1   1      -2    1    0  -0.017515     -1.809830E-03      2.329320E-04  -3.144915E-03
1   1      -1   -3   -1  -0.017515     -1.809830E-03      2.329320E-04  -1.971192E-03
1   1      -1   -1   -3  -0.017515     -1.809830E-03      2.329320E-04  -1.971192E-03
1   1      -1    0    2  -0.017515     -1.809830E-03      2.329320E-04  -3.144915E-03
1   1      -1    2    0  -0.017515     -1.809830E-03      2.329320E-04  -3.144915E-03
1   1       0   -2    1  -0.017515     -1.809830E-03      2.329320E-04  -3.144915E-03
1   1       0   -1    2  -0.017515     -1.809830E-03      2.329320E-04  -3.144915E-03
1   1       0    1   -2  -0.017515     -1.809830E-03      2.329320E-04  -3.144915E-03
1   1       0    2   -1  -0.017515     -1.809830E-03      2.329320E-04  -3.144915E-03
1   1       1   -2    0  -0.017515     -1.809830E-03      2.329320E-04  -3.144915E-03
1   1       1    0   -2  -0.017515     -1.809830E-03      2.329320E-04  -3.144915E-03
1   1       1    1    3  -0.017515     -1.809830E-03      2.329320E-04  -1.971192E-03
1   1       1    3    1  -0.017515     -1.809830E-03      2.329320E-04  -1.971192E-03
1   1       2   -1    0  -0.017515     -1.809830E-03      2.329320E-04  -3.144915E-03
1   1       2    0   -1  -0.017515     -1.809830E-03      2.329320E-04  -3.144915E-03
1   1       2    2    3  -0.017515     -1.809830E-03      2.329320E-04  -7.119120E-04
1   1       3    1    1  -0.017515     -1.809830E-03      2.329320E-04  -1.971192E-03
1   1       3    2    2  -0.017515     -1.809830E-03      2.329320E-04  -7.119120E-04
1   1      -2   -3   -2  -0.017515     -1.809830E-03      2.329320E-04  -7.119120E-04
1   1       2    3    2  -0.017515     -1.809830E-03      2.329320E-04  -7.119120E-04
1   1      -3   -2   -1   0.008605      8.025330E-04      1.447630E-05   5.489483E-04
1   1      -3   -1   -2   0.008605      8.025330E-04      1.447630E-05   5.489483E-04
1   1      -2   -3   -1   0.008605      8.025330E-04      1.447630E-05   5.489483E-04
1   1      -2   -1   -3   0.008605      8.025330E-04      1.447630E-05   5.489483E-04
1   1      -2   -1    1   0.008605      8.025330E-04      1.447630E-05   1.184922E-03
1   1      -2    1   -1   0.008605      8.025330E-04      1.447630E-05   1.184922E-03
1   1      -1   -3   -2   0.008605      8.025330E-04      1.447630E-05   5.489483E-04
1   1      -1   -2   -3   0.008605      8.025330E-04      1.447630E-05   5.489483E-04
1   1      -1   -2    1   0.008605      8.025330E-04      1.447630E-05   1.184922E-03
1   1      -1    1   -2   0.008605      8.025330E-04      1.447630E-05   1.184922E-03
1   1      -1    1    2   0.008605      8.025330E-04      1.447630E-05   1.184922E-03
1   1      -1    2    1   0.008605      8.025330E-04      1.447630E-05   1.184922E-03
1   1       1   -2   -1   0.008605      8.025330E-04      1.447630E-05   1.184922E-03
1   1       1   -1   -2   0.008605      8.025330E-04      1.447630E-05   1.184922E-03
1   1       1   -1    2   0.008605      8.025330E-04      1.447630E-05   1.184922E-03
1   1       1    2   -1   0.008605      8.025330E-04      1.447630E-05   1.184922E-03
1   1       1    2    3   0.008605      8.025330E-04      1.447630E-05   5.489483E-04
1   1       1    3    2   0.008605      8.025330E-04      1.447630E-05   5.489483E-04
1   1       2   -1    1   0.008605      8.025330E-04      1.447630E-05   1.184922E-03
1   1       2    1   -1   0.008605      8.025330E-04      1.447630E-05   1.184922E-03
1   1       2    1    3   0.008605      8.025330E-04      1.447630E-05   5.489483E-04
1   1       2    3    1   0.008605      8.025330E-04      1.447630E-05   5.489483E-04
1   1       3    1    2   0.008605      8.025330E-04      1.447630E-05   5.489483E-04
1   1       3    2    1   0.008605      8.025330E-04      1.447630E-05   5.489483E-04
1   1      -3   -3   -2  -0.006859      1.147340E-03     -1.741460E-04   4.129839E-04
1   1      -3   -1    0  -0.006859      1.147340E-03     -1.741460E-04   1.320786E-03
1   1      -3    0   -1  -0.006859      1.147340E-03     -1.741460E-04   1.320786E-03
1   1      -2    1    1  -0.006859      1.147340E-03     -1.741460E-04   1.831861E-03
1   1      -1    2   -1  -0.006859      1.147340E-03     -1.741460E-04   1.831861E-03
1   1       0   -3   -1  -0.006859      1.147340E-03     -1.741460E-04   1.320786E-03
1   1       0    3    1  -0.006859      1.147340E-03     -1.741460E-04   1.320786E-03
1   1       1   -2    1  -0.006859      1.147340E-03     -1.741460E-04   1.831861E-03
1   1       2   -1   -1  -0.006859      1.147340E-03     -1.741460E-04   1.831861E-03
1   1       3    0    1  -0.006859      1.147340E-03     -1.741460E-04   1.320786E-03
1   1       3    1    0  -0.006859      1.147340E-03     -1.741460E-04   1.320786E-03
1   1       3    3    2  -0.006859      1.147340E-03     -1.741460E-04   4.129839E-04
1   1      -3   -2   -3  -0.006859      1.147340E-03     -1.741460E-04   4.129839E-04
1   1      -1   -3    0  -0.006859      1.147340E-03     -1.741460E-04   1.320786E-03
1   1      -1   -1    2  -0.006859      1.147340E-03     -1.741460E-04   1.831861E-03
1   1      -1    0   -3  -0.006859      1.147340E-03     -1.741460E-04   1.320786E-03
1   1       0   -1   -3  -0.006859      1.147340E-03     -1.741460E-04   1.320786E-03
1   1       0    1    3  -0.006859      1.147340E-03     -1.741460E-04   1.320786E-03
1   1       1    0    3  -0.006859      1.147340E-03     -1.741460E-04   1.320786E-03
1   1       1    1   -2  -0.006859      1.147340E-03     -1.741460E-04   1.831861E-03
1   1       1    3    0  -0.006859      1.147340E-03     -1.741460E-04   1.320786E-03
1   1       3    2    3  -0.006859      1.147340E-03     -1.741460E-04   4.129839E-04
1   1      -2   -3   -3  -0.006859      1.147340E-03     -1.741460E-04   4.129839E-04
1   1       2    3    3  -0.006859      1.147340E-03     -1.741460E-04   4.129839E-04
1   1      -3   -3   -1   0.023675     -7.680650E-04      3.990260E-04  -1.953489E-04
1   1       3    3    1   0.023675     -7.680650E-04      3.990260E-04  -1.953489E-04
1   1      -3   -3   -3   0.109641     -3.440250E-03      2.617430E-04  -1.471199E-03
1   1      -3   -2    0   0.023675     -7.680650E-04      3.990260E-04  -6.347990E-04
1   1      -3   -1   -3   0.023675     -7.680650E-04      3.990260E-04  -1.953489E-04
1   1      -3    0   -2   0.023675     -7.680650E-04      3.990260E-04  -6.347990E-04
1   1      -3    0    0   0.109641     -3.440250E-03      2.617430E-04  -4.814315E-03
1   1      -2    1   -2   0.023675     -7.680650E-04      3.990260E-04  -8.323553E-04
1   1      -1    2    2   0.023675     -7.680650E-04      3.990260E-04  -8.323553E-04
1   1       0   -3   -2   0.023675     -7.680650E-04      3.990260E-04  -6.347990E-04
1   1       0   -3    0   0.109641     -3.440250E-03      2.617430E-04  -4.814315E-03
1   1       0    0   -3   0.109641     -3.440250E-03      2.617430E-04  -4.814315E-03
1   1       0    0    3   0.109641     -3.440250E-03      2.617430E-04  -4.814315E-03
1   1       0    3    0   0.109641     -3.440250E-03      2.617430E-04  -4.814315E-03
1   1       0    3    2   0.023675     -7.680650E-04      3.990260E-04  -6.347990E-04
1   1       1   -2   -2   0.023675     -7.680650E-04      3.990260E-04  -8.323553E-04
1   1       2   -1    2   0.023675     -7.680650E-04      3.990260E-04  -8.323553E-04
1   1       3    0    0   0.109641     -3.440250E-03      2.617430E-04  -4.814315E-03
1   1       3    0    2   0.023675     -7.680650E-04      3.990260E-04  -6.347990E-04
1   1       3    1    3   0.023675     -7.680650E-04      3.990260E-04  -1.953489E-04
1   1       3    2    0   0.023675     -7.680650E-04      3.990260E-04  -6.347990E-04
1   1       3    3    3   0.109641     -3.440250E-03      2.617430E-04  -1.471199E-03
1   1      -2   -3    0   0.023675     -7.680650E-04      3.990260E-04  -6.347990E-04
1   1      -2   -2    1   0.023675     -7.680650E-04      3.990260E-04  -8.323553E-04
1   1      -2    0   -3   0.023675     -7.680650E-04      3.990260E-04  -6.347990E-04
1   1      -1   -3   -3   0.023675     -7.680650E-04      3.990260E-04  -1.953489E-04
1   1       0   -2   -3   0.023675     -7.680650E-04      3.990260E-04  -6.347990E-04
1   1       0    2    3   0.023675     -7.680650E-04      3.990260E-04  -6.347990E-04
1   1       1    3    3   0.023675     -7.680650E-04      3.990260E-04  -1.953489E-04
1   1       2    0    3   0.023675     -7.680650E-04      3.990260E-04  -6.347990E-04
1   1       2    2   -1   0.023675     -7.680650E-04      3.990260E-04  -8.323553E-04
1   1       2    3    0   0.023675     -7.680650E-04      3.990260E-04  -6.347990E-04
1   1      -4   -2   -2  -0.006120     -2.138630E-03      2.407010E-04  -8.128174E-04
1   1      -2   -4   -2  -0.006120     -2.138630E-03      2.407010E-04  -8.128174E-04
1   1       2    4    2  -0.006120     -2.138630E-03      2.407010E-04  -8.128174E-04
1   1       4    2    2  -0.006120     -2.138630E-03      2.407010E-04  -8.128174E-04
1   1      -2   -2   -4  -0.006120     -2.138630E-03      2.407010E-04  -8.128174E-04
1   1      -2    0    2  -0.006120     -2.138630E-03      2.407010E-04  -4.014123E-03
1   1      -2    2    0  -0.006120     -2.138630E-03      2.407010E-04  -4.014123E-03
1   1       0   -2    2  -0.006120     -2.138630E-03      2.407010E-04  -4.014123E-03
1   1       0    2   -2  -0.006120     -2.138630E-03      2.407010E-04  -4.014123E-03
1   1       2   -2    0  -0.006120     -2.138630E-03      2.407010E-04  -4.014123E-03
1   1       2    0   -2  -0.006120     -2.138630E-03      2.407010E-04  -4.014123E-03
1   1       2    2    4  -0.006120     -2.138630E-03      2.407010E-04  -8.128174E-04
1   1      -4   -3   -2  -0.000773     -6.206650E-04      4.693930E-04  -1.211998E-04
1   1      -4   -2   -1  -0.000773     -6.206650E-04      4.693930E-04  -1.183343E-04
1   1      -3   -2   -4  -0.000773     -6.206650E-04      4.693930E-04  -1.211998E-04
1   1      -2   -4   -1  -0.000773     -6.206650E-04      4.693930E-04  -1.183343E-04
1   1      -2   -1    2  -0.000773     -6.206650E-04      4.693930E-04  -9.897665E-04
1   1      -2    1    2  -0.000773     -6.206650E-04      4.693930E-04  -9.897665E-04
1   1      -1   -2    2  -0.000773     -6.206650E-04      4.693930E-04  -9.897665E-04
1   1      -1    2   -2  -0.000773     -6.206650E-04      4.693930E-04  -9.897665E-04
1   1       1   -2    2  -0.000773     -6.206650E-04      4.693930E-04  -9.897665E-04
1   1       1    2   -2  -0.000773     -6.206650E-04      4.693930E-04  -9.897665E-04
1   1       2   -1   -2  -0.000773     -6.206650E-04      4.693930E-04  -9.897665E-04
1   1       2    1   -2  -0.000773     -6.206650E-04      4.693930E-04  -9.897665E-04
1   1       2    4    1  -0.000773     -6.206650E-04      4.693930E-04  -1.183343E-04
1   1       3    2    4  -0.000773     -6.206650E-04      4.693930E-04  -1.211998E-04
1   1       4    2    1  -0.000773     -6.206650E-04      4.693930E-04  -1.183343E-04
1   1       4    3    2  -0.000773     -6.206650E-04      4.693930E-04  -1.211998E-04
1   1      -4   -2   -3  -0.000773     -6.206650E-04      4.693930E-04  -1.211998E-04
1   1      -4   -1   -2  -0.000773     -6.206650E-04      4.693930E-04  -1.183343E-04
1   1      -3   -4   -2  -0.000773     -6.206650E-04      4.693930E-04  -1.211998E-04
1   1      -3   -1    1  -0.000773     -6.206650E-04      4.693930E-04  -6.892527E-04
1   1      -3    1   -1  -0.000773     -6.206650E-04      4.693930E-04  -6.892527E-04
1   1      -2   -4   -3  -0.000773     -6.206650E-04      4.693930E-04  -1.211998E-04
1   1      -2   -3   -4  -0.000773     -6.206650E-04      4.693930E-04  -1.211998E-04
1   1      -2   -1   -4  -0.000773     -6.206650E-04      4.693930E-04  -1.183343E-04
1   1      -2    2   -1  -0.000773     -6.206650E-04      4.693930E-04  -9.897665E-04
1   1      -2    2    1  -0.000773     -6.206650E-04      4.693930E-04  -9.897665E-04
1   1      -1   -4   -2  -0.000773     -6.206650E-04      4.693930E-04  -1.183343E-04
1   1      -1   -3    1  -0.000773     -6.206650E-04      4.693930E-04  -6.892527E-04
1   1      -1   -2   -4  -0.000773     -6.206650E-04      4.693930E-04  -1.183343E-04
1   1      -1    1   -3  -0.000773     -6.206650E-04      4.693930E-04  -6.892527E-04
1   1      -1    1    3  -0.000773     -6.206650E-04      4.693930E-04  -6.892527E-04
1   1      -1    3    1  -0.000773     -6.206650E-04      4.693930E-04  -6.892527E-04
1   1       1   -3   -1  -0.000773     -6.206650E-04      4.693930E-04  -6.892527E-04
1   1       1   -1   -3  -0.000773     -6.206650E-04      4.693930E-04  -6.892527E-04
1   1       1   -1    3  -0.000773     -6.206650E-04      4.693930E-04  -6.892527E-04
1   1       1    2    4  -0.000773     -6.206650E-04      4.693930E-04  -1.183343E-04
1   1       1    3   -1  -0.000773     -6.206650E-04      4.693930E-04  -6.892527E-04
1   1       1    4    2  -0.000773     -6.206650E-04      4.693930E-04  -1.183343E-04
1   1       2   -2   -1  -0.000773     -6.206650E-04      4.693930E-04  -9.897665E-04
1   1       2   -2    1  -0.000773     -6.206650E-04      4.693930E-04  -9.897665E-04
1   1       2    1    4  -0.000773     -6.206650E-04      4.693930E-04  -1.183343E-04
1   1       2    3    4  -0.000773     -6.206650E-04      4.693930E-04  -1.211998E-04
1   1       2    4    3  -0.000773     -6.206650E-04      4.693930E-04  -1.211998E-04
1   1       3   -1    1  -0.000773     -6.206650E-04      4.693930E-04  -6.892527E-04
1   1       3    1   -1  -0.000773     -6.206650E-04      4.693930E-04  -6.892527E-04
1   1       3    4    2  -0.000773     -6.206650E-04      4.693930E-04  -1.211998E-04
1   1       4    1    2  -0.000773     -6.206650E-04      4.693930E-04  -1.183343E-04
1   1       4    2    3  -0.000773     -6.206650E-04      4.693930E-04  -1.211998E-04
1   1      -4   -1   -1   0.013266      5.809580E-04     -2.093330E-04   2.363893E-04
1   1      -3   -4   -3   0.013266      5.809580E-04     -2.093330E-04   1.671837E-04
1   1      -3   -3   -4   0.013266      5.809580E-04     -2.093330E-04   1.671837E-04
1   1      -3   -3    0  -0.004777     -2.481300E-03      4.754720E-04  -1.012430E-03
1   1      -3    0   -3  -0.004777     -2.481300E-03      4.754720E-04  -1.012430E-03
1   1      -3    0    1   0.013266      5.809580E-04     -2.093330E-04   7.013612E-04
1   1      -3    1    0   0.013266      5.809580E-04     -2.093330E-04   7.013612E-04
1   1      -1   -4   -1   0.013266      5.809580E-04     -2.093330E-04   2.363893E-04
1   1       0   -3   -3  -0.004777     -2.481300E-03      4.754720E-04  -1.012430E-03
1   1       0   -3    1   0.013266      5.809580E-04     -2.093330E-04   7.013612E-04
1   1       0    3   -1   0.013266      5.809580E-04     -2.093330E-04   7.013612E-04
1   1       0    3    3  -0.004777     -2.481300E-03      4.754720E-04  -1.012430E-03
1   1       1    4    1   0.013266      5.809580E-04     -2.093330E-04   2.363893E-04
1   1       3   -1    0   0.013266      5.809580E-04     -2.093330E-04   7.013612E-04
1   1       3    0   -1   0.013266      5.809580E-04     -2.093330E-04   7.013612E-04
1   1       3    0    3  -0.004777     -2.481300E-03      4.754720E-04  -1.012430E-03
1   1       3    3    0  -0.004777     -2.481300E-03      4.754720E-04  -1.012430E-03
1   1       3    3    4   0.013266      5.809580E-04     -2.093330E-04   1.671837E-04
1   1       3    4    3   0.013266      5.809580E-04     -2.093330E-04   1.671837E-04
1   1       4    1    1   0.013266      5.809580E-04     -2.093330E-04   2.363893E-04
1   1      -4   -3   -3   0.013266      5.809580E-04     -2.093330E-04   1.671837E-04
1   1      -1   -1   -4   0.013266      5.809580E-04     -2.093330E-04   2.363893E-04
1   1      -1    0    3   0.013266      5.809580E-04     -2.093330E-04   7.013612E-04
1   1      -1    3    0   0.013266      5.809580E-04     -2.093330E-04   7.013612E-04
1   1       0   -1    3   0.013266      5.809580E-04     -2.093330E-04   7.013612E-04
1   1       0    1   -3   0.013266      5.809580E-04     -2.093330E-04   7.013612E-04
1   1       1   -3    0   0.013266      5.809580E-04     -2.093330E-04   7.013612E-04
1   1       1    0   -3   0.013266      5.809580E-04     -2.093330E-04   7.013612E-04
1   1       1    1    4   0.013266      5.809580E-04     -2.093330E-04   2.363893E-04
1   1       4    3    3   0.013266      5.809580E-04     -2.093330E-04   1.671837E-04
1   1      -4   -3   -1  -0.010185      2.408670E-04     -8.757980E-05   7.688069E-05
1   1      -4   -1   -3  -0.010185      2.408670E-04     -8.757980E-05   7.688069E-05
1   1      -3   -4   -1  -0.010185      2.408670E-04     -8.757980E-05   7.688069E-05
1   1      -3   -2    1  -0.010185      2.408670E-04     -8.757980E-05   1.747898E-04
1   1      -3   -1   -4  -0.010185      2.408670E-04     -8.757980E-05   7.688069E-05
1   1      -3    1   -2  -0.010185      2.408670E-04     -8.757980E-05   1.747898E-04
1   1      -2    1   -3  -0.010185      2.408670E-04     -8.757980E-05   1.747898E-04
1   1      -1   -4   -3  -0.010185      2.408670E-04     -8.757980E-05   7.688069E-05
1   1      -1   -3   -4  -0.010185      2.408670E-04     -8.757980E-05   7.688069E-05
1   1      -1    2    3  -0.010185      2.408670E-04     -8.757980E-05   1.747898E-04
1   1      -1    3    2  -0.010185      2.408670E-04     -8.757980E-05   1.747898E-04
1   1       1   -3   -2  -0.010185      2.408670E-04     -8.757980E-05   1.747898E-04
1   1       1   -2   -3  -0.010185      2.408670E-04     -8.757980E-05   1.747898E-04
1   1       1    3    4  -0.010185      2.408670E-04     -8.757980E-05   7.688069E-05
1   1       1    4    3  -0.010185      2.408670E-04     -8.757980E-05   7.688069E-05
1   1       2   -1    3  -0.010185      2.408670E-04     -8.757980E-05   1.747898E-04
1   1       3   -1    2  -0.010185      2.408670E-04     -8.757980E-05   1.747898E-04
1   1       3    1    4  -0.010185      2.408670E-04     -8.757980E-05   7.688069E-05
1   1       3    2   -1  -0.010185      2.408670E-04     -8.757980E-05   1.747898E-04
1   1       3    4    1  -0.010185      2.408670E-04     -8.757980E-05   7.688069E-05
1   1       4    1    3  -0.010185      2.408670E-04     -8.757980E-05   7.688069E-05
1   1       4    3    1  -0.010185      2.408670E-04     -8.757980E-05   7.688069E-05
1   1      -2   -3    1  -0.010185      2.408670E-04     -8.757980E-05   1.747898E-04
1   1       2    3   -1  -0.010185      2.408670E-04     -8.757980E-05   1.747898E-04
1   1      -4   -4   -3   0.038212     -1.778310E-03      2.823590E-04  -3.973184E-04
1   1      -4   -3   -4   0.038212     -1.778310E-03      2.823590E-04  -3.973184E-04
1   1      -4   -1    0   0.038212     -1.778310E-03      2.823590E-04  -8.818837E-04
1   1      -4    0   -1   0.038212     -1.778310E-03      2.823590E-04  -8.818837E-04
1   1      -3   -4   -4   0.038212     -1.778310E-03      2.823590E-04  -3.973184E-04
1   1      -3    1    1   0.038212     -1.778310E-03      2.823590E-04  -2.370425E-03
1   1      -1   -4    0   0.038212     -1.778310E-03      2.823590E-04  -8.818837E-04
1   1      -1   -1    3   0.038212     -1.778310E-03      2.823590E-04  -2.370425E-03
1   1      -1    0   -4   0.038212     -1.778310E-03      2.823590E-04  -8.818837E-04
1   1      -1    3   -1   0.038212     -1.778310E-03      2.823590E-04  -2.370425E-03
1   1       0   -4   -1   0.038212     -1.778310E-03      2.823590E-04  -8.818837E-04
1   1       0   -1   -4   0.038212     -1.778310E-03      2.823590E-04  -8.818837E-04
1   1       0    1    4   0.038212     -1.778310E-03      2.823590E-04  -8.818837E-04
1   1       0    4    1   0.038212     -1.778310E-03      2.823590E-04  -8.818837E-04
1   1       1   -3    1   0.038212     -1.778310E-03      2.823590E-04  -2.370425E-03
1   1       1    0    4   0.038212     -1.778310E-03      2.823590E-04  -8.818837E-04
1   1       1    1   -3   0.038212     -1.778310E-03      2.823590E-04  -2.370425E-03
1   1       1    4    0   0.038212     -1.778310E-03      2.823590E-04  -8.818837E-04
1   1       3   -1   -1   0.038212     -1.778310E-03      2.823590E-04  -2.370425E-03
1   1       3    4    4   0.038212     -1.778310E-03      2.823590E-04  -3.973184E-04
1   1       4    0    1   0.038212     -1.778310E-03      2.823590E-04  -8.818837E-04
1   1       4    1    0   0.038212     -1.778310E-03      2.823590E-04  -8.818837E-04
1   1       4    3    4   0.038212     -1.778310E-03      2.823590E-04  -3.973184E-04
1   1       4    4    3   0.038212     -1.778310E-03      2.823590E-04  -3.973184E-04
1   1      -4   -4   -2  -0.004144     -1.070320E-04      1.442910E-05  -2.802427E-05
1   1      -4   -2   -4  -0.004144     -1.070320E-04      1.442910E-05  -2.802427E-05
1   1      -4   -2    0  -0.004144     -1.070320E-04      1.442910E-05  -4.245064E-05
1   1      -4    0   -2  -0.004144     -1.070320E-04      1.442910E-05  -4.245064E-05
1   1      -2   -4   -4  -0.004144     -1.070320E-04      1.442910E-05  -2.802427E-05
1   1      -2   -4    0  -0.004144     -1.070320E-04      1.442910E-05  -4.245064E-05
1   1      -2   -2    2  -0.004144     -1.070320E-04      1.442910E-05  -1.839966E-04
1   1      -2    0   -4  -0.004144     -1.070320E-04      1.442910E-05  -4.245064E-05
1   1      -2    2   -2  -0.004144     -1.070320E-04      1.442910E-05  -1.839966E-04
1   1      -2    2    2  -0.004144     -1.070320E-04      1.442910E-05  -1.839966E-04
1   1       0   -4   -2  -0.004144     -1.070320E-04      1.442910E-05  -4.245064E-05
1   1       0   -2   -4  -0.004144     -1.070320E-04      1.442910E-05  -4.245064E-05
1   1       0    2    4  -0.004144     -1.070320E-04      1.442910E-05  -4.245064E-05
1   1       0    4    2  -0.004144     -1.070320E-04      1.442910E-05  -4.245064E-05
1   1       2   -2   -2  -0.004144     -1.070320E-04      1.442910E-05  -1.839966E-04
1   1       2   -2    2  -0.004144     -1.070320E-04      1.442910E-05  -1.839966E-04
1   1       2    0    4  -0.004144     -1.070320E-04      1.442910E-05  -4.245064E-05
1   1       2    2   -2  -0.004144     -1.070320E-04      1.442910E-05  -1.839966E-04
1   1       2    4    0  -0.004144     -1.070320E-04      1.442910E-05  -4.245064E-05
1   1       2    4    4  -0.004144     -1.070320E-04      1.442910E-05  -2.802427E-05
1   1       4    0    2  -0.004144     -1.070320E-04      1.442910E-05  -4.245064E-05
1   1       4    2    0  -0.004144     -1.070320E-04      1.442910E-05  -4.245064E-05
1   1       4    2    4  -0.004144     -1.070320E-04      1.442910E-05  -2.802427E-05
1   1       4    4    2  -0.004144     -1.070320E-04      1.442910E-05  -2.802427E-05
1   1      -4   -4   -4  -0.052567     -5.290820E-04      1.113730E-03   1.656781E-04
1   1      -4    0    0  -0.052567     -5.290820E-04      1.113730E-03   6.650957E-05
1   1       0   -4    0  -0.052567     -5.290820E-04      1.113730E-03   6.650957E-05
1   1       0    0   -4  -0.052567     -5.290820E-04      1.113730E-03   6.650957E-05
1   1       0    0    4  -0.052567     -5.290820E-04      1.113730E-03   6.650957E-05
1   1       0    4    0  -0.052567     -5.290820E-04      1.113730E-03   6.650957E-05
1   1       4    0    0  -0.052567     -5.290820E-04      1.113730E-03   6.650957E-05
1   1       4    4    4  -0.052567     -5.290820E-04      1.113730E-03   1.656781E-04
1   1      -4   -4   -1  -0.008343     -7.445080E-04     -4.736190E-05  -3.080996E-04
1   1      -4   -3    0  -0.008343     -7.445080E-04     -4.736190E-05  -3.122394E-04
1   1      -3   -4    0  -0.008343     -7.445080E-04     -4.736190E-05  -3.122394E-04
1   1      -3   -3   -5  -0.011504     -9.348570E-04     -1.095880E-05  -2.408117E-04
1   1      -3   -3    1  -0.008343     -7.445080E-04     -4.736190E-05  -5.514960E-04
1   1      -3    0    2  -0.011504     -9.348570E-04     -1.095880E-05  -1.247622E-03
1   1      -3    2    0  -0.011504     -9.348570E-04     -1.095880E-05  -1.247622E-03
1   1      -2   -5   -2  -0.011504     -9.348570E-04     -1.095880E-05  -3.288201E-04
1   1       0   -3    2  -0.011504     -9.348570E-04     -1.095880E-05  -1.247622E-03
1   1       0    3   -2  -0.011504     -9.348570E-04     -1.095880E-05  -1.247622E-03
1   1       2    5    2  -0.011504     -9.348570E-04     -1.095880E-05  -3.288201E-04
1   1       3   -2    0  -0.011504     -9.348570E-04     -1.095880E-05  -1.247622E-03
1   1       3    0   -2  -0.011504     -9.348570E-04     -1.095880E-05  -1.247622E-03
1   1       3    3   -1  -0.008343     -7.445080E-04     -4.736190E-05  -5.514960E-04
1   1       3    3    5  -0.011504     -9.348570E-04     -1.095880E-05  -2.408117E-04
1   1       3    4    0  -0.008343     -7.445080E-04     -4.736190E-05  -3.122394E-04
1   1       4    3    0  -0.008343     -7.445080E-04     -4.736190E-05  -3.122394E-04
1   1       4    4    1  -0.008343     -7.445080E-04     -4.736190E-05  -3.080996E-04
1   1      -5   -3   -3  -0.011504     -9.348570E-04     -1.095880E-05  -2.408117E-04
1   1      -5   -2   -2  -0.011504     -9.348570E-04     -1.095880E-05  -3.288201E-04
1   1      -4   -1   -4  -0.008343     -7.445080E-04     -4.736190E-05  -3.080996E-04
1   1      -4    0   -3  -0.008343     -7.445080E-04     -4.736190E-05  -3.122394E-04
1   1      -3   -5   -3  -0.011504     -9.348570E-04     -1.095880E-05  -2.408117E-04
1   1      -3    0   -4  -0.008343     -7.445080E-04     -4.736190E-05  -3.122394E-04
1   1      -3    1   -3  -0.008343     -7.445080E-04     -4.736190E-05  -5.514960E-04
1   1      -2   -2   -5  -0.011504     -9.348570E-04     -1.095880E-05  -3.288201E-04
1   1      -2    0    3  -0.011504     -9.348570E-04     -1.095880E-05  -1.247622E-03
1   1      -2    3    0  -0.011504     -9.348570E-04     -1.095880E-05  -1.247622E-03
1   1      -1   -4   -4  -0.008343     -7.445080E-04     -4.736190E-05  -3.080996E-04
1   1      -1    3    3  -0.008343     -7.445080E-04     -4.736190E-05  -5.514960E-04
1   1       0   -4   -3  -0.008343     -7.445080E-04     -4.736190E-05  -3.122394E-04
1   1       0   -3   -4  -0.008343     -7.445080E-04     -4.736190E-05  -3.122394E-04
1   1       0   -2    3  -0.011504     -9.348570E-04     -1.095880E-05  -1.247622E-03
1   1       0    2   -3  -0.011504     -9.348570E-04     -1.095880E-05  -1.247622E-03
1   1       0    3    4  -0.008343     -7.445080E-04     -4.736190E-05  -3.122394E-04
1   1       0    4    3  -0.008343     -7.445080E-04     -4.736190E-05  -3.122394E-04
1   1       1   -3   -3  -0.008343     -7.445080E-04     -4.736190E-05  -5.514960E-04
1   1       1    4    4  -0.008343     -7.445080E-04     -4.736190E-05  -3.080996E-04
1   1       2   -3    0  -0.011504     -9.348570E-04     -1.095880E-05  -1.247622E-03
1   1       2    0   -3  -0.011504     -9.348570E-04     -1.095880E-05  -1.247622E-03
1   1       2    2    5  -0.011504     -9.348570E-04     -1.095880E-05  -3.288201E-04
1   1       3   -1    3  -0.008343     -7.445080E-04     -4.736190E-05  -5.514960E-04
1   1       3    0    4  -0.008343     -7.445080E-04     -4.736190E-05  -3.122394E-04
1   1       3    5    3  -0.011504     -9.348570E-04     -1.095880E-05  -2.408117E-04
1   1       4    0    3  -0.008343     -7.445080E-04     -4.736190E-05  -3.122394E-04
1   1       4    1    4  -0.008343     -7.445080E-04     -4.736190E-05  -3.080996E-04
1   1       5    2    2  -0.011504     -9.348570E-04     -1.095880E-05  -3.288201E-04
1   1       5    3    3  -0.011504     -9.348570E-04     -1.095880E-05  -2.408117E-04
1   1      -5   -3   -2  -0.003242     -2.417360E-04     -1.330880E-05  -7.422408E-05
1   1      -3   -5   -2  -0.003242     -2.417360E-04     -1.330880E-05  -7.422408E-05
1   1      -3   -2   -5  -0.003242     -2.417360E-04     -1.330880E-05  -7.422408E-05
1   1      -3   -1    2  -0.003242     -2.417360E-04     -1.330880E-05  -3.586184E-04
1   1      -3    2   -1  -0.003242     -2.417360E-04     -1.330880E-05  -3.586184E-04
1   1      -2   -5   -3  -0.003242     -2.417360E-04     -1.330880E-05  -7.422408E-05
1   1      -2   -3   -5  -0.003242     -2.417360E-04     -1.330880E-05  -7.422408E-05
1   1      -2    1    3  -0.003242     -2.417360E-04     -1.330880E-05  -3.586184E-04
1   1      -2    3    1  -0.003242     -2.417360E-04     -1.330880E-05  -3.586184E-04
1   1      -1   -3    2  -0.003242     -2.417360E-04     -1.330880E-05  -3.586184E-04
1   1      -1    2   -3  -0.003242     -2.417360E-04     -1.330880E-05  -3.586184E-04
1   1       1   -2    3  -0.003242     -2.417360E-04     -1.330880E-05  -3.586184E-04
1   1       1    3   -2  -0.003242     -2.417360E-04     -1.330880E-05  -3.586184E-04
1   1       2   -3   -1  -0.003242     -2.417360E-04     -1.330880E-05  -3.586184E-04
1   1       2   -1   -3  -0.003242     -2.417360E-04     -1.330880E-05  -3.586184E-04
1   1       2    3    5  -0.003242     -2.417360E-04     -1.330880E-05  -7.422408E-05
1   1       2    5    3  -0.003242     -2.417360E-04     -1.330880E-05  -7.422408E-05
1   1       3   -2    1  -0.003242     -2.417360E-04     -1.330880E-05  -3.586184E-04
1   1       3    1   -2  -0.003242     -2.417360E-04     -1.330880E-05  -3.586184E-04
1   1       3    2    5  -0.003242     -2.417360E-04     -1.330880E-05  -7.422408E-05
1   1       3    5    2  -0.003242     -2.417360E-04     -1.330880E-05  -7.422408E-05
1   1       5    3    2  -0.003242     -2.417360E-04     -1.330880E-05  -7.422408E-05
1   1      -5   -2   -3  -0.003242     -2.417360E-04     -1.330880E-05  -7.422408E-05
1   1       5    2    3  -0.003242     -2.417360E-04     -1.330880E-05  -7.422408E-05
1   1      -5   -2   -1  -0.000097     -1.465060E-04     -5.359850E-05  -6.580781E-05
1   1      -5   -1   -2  -0.000097     -1.465060E-04     -5.359850E-05  -6.580781E-05
1   1      -4   -3   -5  -0.000097     -1.465060E-04     -5.359850E-05  -4.952907E-05
1   1      -3    1    2  -0.000097     -1.465060E-04     -5.359850E-05  -2.033338E-04
1   1      -3    2    1  -0.000097     -1.465060E-04     -5.359850E-05  -2.033338E-04
1   1      -2   -5   -1  -0.000097     -1.465060E-04     -5.359850E-05  -6.580781E-05
1   1      -2   -1   -5  -0.000097     -1.465060E-04     -5.359850E-05  -6.580781E-05
1   1      -2   -1    3  -0.000097     -1.465060E-04     -5.359850E-05  -2.033338E-04
1   1      -1   -5   -2  -0.000097     -1.465060E-04     -5.359850E-05  -6.580781E-05
1   1      -1   -2   -5  -0.000097     -1.465060E-04     -5.359850E-05  -6.580781E-05
1   1      -1   -2    3  -0.000097     -1.465060E-04     -5.359850E-05  -2.033338E-04
1   1      -1    1   -4  -0.000097     -1.465060E-04     -5.359850E-05  -9.907410E-05
1   1      -1    1    4  -0.000097     -1.465060E-04     -5.359850E-05  -9.907410E-05
1   1      -1    3   -2  -0.000097     -1.465060E-04     -5.359850E-05  -2.033338E-04
1   1       1   -3    2  -0.000097     -1.465060E-04     -5.359850E-05  -2.033338E-04
1   1       1   -1   -4  -0.000097     -1.465060E-04     -5.359850E-05  -9.907410E-05
1   1       1   -1    4  -0.000097     -1.465060E-04     -5.359850E-05  -9.907410E-05
1   1       1    2   -3  -0.000097     -1.465060E-04     -5.359850E-05  -2.033338E-04
1   1       1    2    5  -0.000097     -1.465060E-04     -5.359850E-05  -6.580781E-05
1   1       1    5    2  -0.000097     -1.465060E-04     -5.359850E-05  -6.580781E-05
1   1       2    1   -3  -0.000097     -1.465060E-04     -5.359850E-05  -2.033338E-04
1   1       2    1    5  -0.000097     -1.465060E-04     -5.359850E-05  -6.580781E-05
1   1       2    5    1  -0.000097     -1.465060E-04     -5.359850E-05  -6.580781E-05
1   1       3   -2   -1  -0.000097     -1.465060E-04     -5.359850E-05  -2.033338E-04
1   1       3   -1   -2  -0.000097     -1.465060E-04     -5.359850E-05  -2.033338E-04
1   1       4    3    5  -0.000097     -1.465060E-04     -5.359850E-05  -4.952907E-05
1   1       5    1    2  -0.000097     -1.465060E-04     -5.359850E-05  -6.580781E-05
1   1       5    2    1  -0.000097     -1.465060E-04     -5.359850E-05  -6.580781E-05
1   1      -5   -4   -3  -0.000097     -1.465060E-04     -5.359850E-05  -4.952907E-05
1   1      -5   -3   -4  -0.000097     -1.465060E-04     -5.359850E-05  -4.952907E-05
1   1      -4   -5   -3  -0.000097     -1.465060E-04     -5.359850E-05  -4.952907E-05
1   1      -4   -1    1  -0.000097     -1.465060E-04     -5.359850E-05  -9.907410E-05
1   1      -4    1   -1  -0.000097     -1.465060E-04     -5.359850E-05  -9.907410E-05
1   1      -3   -5   -4  -0.000097     -1.465060E-04     -5.359850E-05  -4.952907E-05
1   1      -3   -4   -5  -0.000097     -1.465060E-04     -5.359850E-05  -4.952907E-05
1   1      -2    3   -1  -0.000097     -1.465060E-04     -5.359850E-05  -2.033338E-04
1   1      -1   -4    1  -0.000097     -1.465060E-04     -5.359850E-05  -9.907410E-05
1   1      -1    4    1  -0.000097     -1.465060E-04     -5.359850E-05  -9.907410E-05
1   1       1   -4   -1  -0.000097     -1.465060E-04     -5.359850E-05  -9.907410E-05
1   1       1    4   -1  -0.000097     -1.465060E-04     -5.359850E-05  -9.907410E-05
1   1       2   -3    1  -0.000097     -1.465060E-04     -5.359850E-05  -2.033338E-04
1   1       3    4    5  -0.000097     -1.465060E-04     -5.359850E-05  -4.952907E-05
1   1       3    5    4  -0.000097     -1.465060E-04     -5.359850E-05  -4.952907E-05
1   1       4   -1    1  -0.000097     -1.465060E-04     -5.359850E-05  -9.907410E-05
1   1       4    1   -1  -0.000097     -1.465060E-04     -5.359850E-05  -9.907410E-05
1   1       4    5    3  -0.000097     -1.465060E-04     -5.359850E-05  -4.952907E-05
1   1       5    3    4  -0.000097     -1.465060E-04     -5.359850E-05  -4.952907E-05
1   1       5    4    3  -0.000097     -1.465060E-04     -5.359850E-05  -4.952907E-05
1   1      -5   -4   -4   0.008444      8.174860E-04     -1.374630E-04   1.668454E-04
1   1      -5   -4   -2  -0.000214     -1.130800E-06     -4.960410E-05  -1.336415E-05
1   1      -5   -3   -1  -0.000214     -1.130800E-06     -4.960410E-05  -1.452971E-05
1   1      -5   -2   -4  -0.000214     -1.130800E-06     -4.960410E-05  -1.336415E-05
1   1      -5   -1   -3  -0.000214     -1.130800E-06     -4.960410E-05  -1.452971E-05
1   1      -5   -1   -1   0.008444      8.174860E-04     -1.374630E-04   2.878658E-04
1   1      -4   -5   -4   0.008444      8.174860E-04     -1.374630E-04   1.668454E-04
1   1      -4   -5   -2  -0.000214     -1.130800E-06     -4.960410E-05  -1.336415E-05
1   1      -4   -4   -5   0.008444      8.174860E-04     -1.374630E-04   1.668454E-04
1   1      -4   -2   -5  -0.000214     -1.130800E-06     -4.960410E-05  -1.336415E-05
1   1      -4   -2    1  -0.000214     -1.130800E-06     -4.960410E-05  -1.651592E-05
1   1      -4    0    1   0.008444      8.174860E-04     -1.374630E-04   5.654709E-04
1   1      -4    1   -2  -0.000214     -1.130800E-06     -4.960410E-05  -1.651592E-05
1   1      -4    1    0   0.008444      8.174860E-04     -1.374630E-04   5.654709E-04
1   1      -3   -5   -1  -0.000214     -1.130800E-06     -4.960410E-05  -1.452971E-05
1   1      -3   -2    2  -0.000214     -1.130800E-06     -4.960410E-05  -1.788199E-05
1   1      -3   -1   -5  -0.000214     -1.130800E-06     -4.960410E-05  -1.452971E-05
1   1      -3    2   -2  -0.000214     -1.130800E-06     -4.960410E-05  -1.788199E-05
1   1      -2   -5   -4  -0.000214     -1.130800E-06     -4.960410E-05  -1.336415E-05
1   1      -2   -4   -5  -0.000214     -1.130800E-06     -4.960410E-05  -1.336415E-05
1   1      -2   -4    1  -0.000214     -1.130800E-06     -4.960410E-05  -1.651592E-05
1   1      -2   -3    2  -0.000214     -1.130800E-06     -4.960410E-05  -1.788199E-05
1   1      -2    1   -4  -0.000214     -1.130800E-06     -4.960410E-05  -1.651592E-05
1   1      -2    2   -3  -0.000214     -1.130800E-06     -4.960410E-05  -1.788199E-05
1   1      -2    2    3  -0.000214     -1.130800E-06     -4.960410E-05  -1.788199E-05
1   1      -2    3    2  -0.000214     -1.130800E-06     -4.960410E-05  -1.788199E-05
1   1      -1   -5   -3  -0.000214     -1.130800E-06     -4.960410E-05  -1.452971E-05
1   1      -1   -5   -1   0.008444      8.174860E-04     -1.374630E-04   2.878658E-04
1   1      -1   -3   -5  -0.000214     -1.130800E-06     -4.960410E-05  -1.452971E-05
1   1      -1   -1   -5   0.008444      8.174860E-04     -1.374630E-04   2.878658E-04
1   1      -1    0    4   0.008444      8.174860E-04     -1.374630E-04   5.654709E-04
1   1      -1    2    4  -0.000214     -1.130800E-06     -4.960410E-05  -1.651592E-05
1   1      -1    4    0   0.008444      8.174860E-04     -1.374630E-04   5.654709E-04
1   1      -1    4    2  -0.000214     -1.130800E-06     -4.960410E-05  -1.651592E-05
1   1       0   -4    1   0.008444      8.174860E-04     -1.374630E-04   5.654709E-04
1   1       0   -1    4   0.008444      8.174860E-04     -1.374630E-04   5.654709E-04
1   1       0    1   -4   0.008444      8.174860E-04     -1.374630E-04   5.654709E-04
1   1       0    4   -1   0.008444      8.174860E-04     -1.374630E-04   5.654709E-04
1   1       1   -4   -2  -0.000214     -1.130800E-06     -4.960410E-05  -1.651592E-05
1   1       1   -4    0   0.008444      8.174860E-04     -1.374630E-04   5.654709E-04
1   1       1   -2   -4  -0.000214     -1.130800E-06     -4.960410E-05  -1.651592E-05
1   1       1    0   -4   0.008444      8.174860E-04     -1.374630E-04   5.654709E-04
1   1       1    1    5   0.008444      8.174860E-04     -1.374630E-04   2.878658E-04
1   1       1    3    5  -0.000214     -1.130800E-06     -4.960410E-05  -1.452971E-05
1   1       1    5    1   0.008444      8.174860E-04     -1.374630E-04   2.878658E-04
1   1       1    5    3  -0.000214     -1.130800E-06     -4.960410E-05  -1.452971E-05
1   1       2   -3   -2  -0.000214     -1.130800E-06     -4.960410E-05  -1.788199E-05
1   1       2   -2   -3  -0.000214     -1.130800E-06     -4.960410E-05  -1.788199E-05
1   1       2   -2    3  -0.000214     -1.130800E-06     -4.960410E-05  -1.788199E-05
1   1       2   -1    4  -0.000214     -1.130800E-06     -4.960410E-05  -1.651592E-05
1   1       2    3   -2  -0.000214     -1.130800E-06     -4.960410E-05  -1.788199E-05
1   1       2    4   -1  -0.000214     -1.130800E-06     -4.960410E-05  -1.651592E-05
1   1       2    4    5  -0.000214     -1.130800E-06     -4.960410E-05  -1.336415E-05
1   1       2    5    4  -0.000214     -1.130800E-06     -4.960410E-05  -1.336415E-05
1   1       3   -2    2  -0.000214     -1.130800E-06     -4.960410E-05  -1.788199E-05
1   1       3    1    5  -0.000214     -1.130800E-06     -4.960410E-05  -1.452971E-05
1   1       3    2   -2  -0.000214     -1.130800E-06     -4.960410E-05  -1.788199E-05
1   1       3    5    1  -0.000214     -1.130800E-06     -4.960410E-05  -1.452971E-05
1   1       4   -1    0   0.008444      8.174860E-04     -1.374630E-04   5.654709E-04
1   1       4   -1    2  -0.000214     -1.130800E-06     -4.960410E-05  -1.651592E-05
1   1       4    0   -1   0.008444      8.174860E-04     -1.374630E-04   5.654709E-04
1   1       4    2   -1  -0.000214     -1.130800E-06     -4.960410E-05  -1.651592E-05
1   1       4    2    5  -0.000214     -1.130800E-06     -4.960410E-05  -1.336415E-05
1   1       4    4    5   0.008444      8.174860E-04     -1.374630E-04   1.668454E-04
1   1       4    5    2  -0.000214     -1.130800E-06     -4.960410E-05  -1.336415E-05
1   1       4    5    4   0.008444      8.174860E-04     -1.374630E-04   1.668454E-04
1   1       5    1    1   0.008444      8.174860E-04     -1.374630E-04   2.878658E-04
1   1       5    1    3  -0.000214     -1.130800E-06     -4.960410E-05  -1.452971E-05
1   1       5    2    4  -0.000214     -1.130800E-06     -4.960410E-05  -1.336415E-05
1   1       5    3    1  -0.000214     -1.130800E-06     -4.960410E-05  -1.452971E-05
1   1       5    4    2  -0.000214     -1.130800E-06     -4.960410E-05  -1.336415E-05
1   1       5    4    4   0.008444      8.174860E-04     -1.374630E-04   1.668454E-04
1   1      -4   -4    0  -0.010106     -3.290930E-03      4.992560E-04  -8.853610E-04
1   1      -4    0   -4  -0.010106     -3.290930E-03      4.992560E-04  -8.853610E-04
1   1       0   -4   -4  -0.010106     -3.290930E-03      4.992560E-04  -8.853610E-04
1   1       0    4    4  -0.010106     -3.290930E-03      4.992560E-04  -8.853610E-04
1   1       4    0    4  -0.010106     -3.290930E-03      4.992560E-04  -8.853610E-04
1   1       4    4    0  -0.010106     -3.290930E-03      4.992560E-04  -8.853610E-04
1   1      -2   -5    0   0.000990     -1.652490E-04      1.964010E-04   1.871766E-06
1   1      -2   -2    3   0.000990     -1.652490E-04      1.964010E-04  -7.080201E-05
1   1       2    2   -3   0.000990     -1.652490E-04      1.964010E-04  -7.080201E-05
1   1       2    5    0   0.000990     -1.652490E-04      1.964010E-04   1.871766E-06
1   1      -5   -5   -3   0.000990     -1.652490E-04      1.964010E-04   9.706813E-06
1   1      -5   -3   -5   0.000990     -1.652490E-04      1.964010E-04   9.706813E-06
1   1      -5   -2    0   0.000990     -1.652490E-04      1.964010E-04   1.871766E-06
1   1      -5    0   -2   0.000990     -1.652490E-04      1.964010E-04   1.871766E-06
1   1      -3   -5   -5   0.000990     -1.652490E-04      1.964010E-04   9.706813E-06
1   1      -3    2    2   0.000990     -1.652490E-04      1.964010E-04  -7.080201E-05
1   1      -2    0   -5   0.000990     -1.652490E-04      1.964010E-04   1.871766E-06
1   1      -2    3   -2   0.000990     -1.652490E-04      1.964010E-04  -7.080201E-05
1   1       0   -5   -2   0.000990     -1.652490E-04      1.964010E-04   1.871766E-06
1   1       0   -2   -5   0.000990     -1.652490E-04      1.964010E-04   1.871766E-06
1   1       0    2    5   0.000990     -1.652490E-04      1.964010E-04   1.871766E-06
1   1       0    5    2   0.000990     -1.652490E-04      1.964010E-04   1.871766E-06
1   1       2   -3    2   0.000990     -1.652490E-04      1.964010E-04  -7.080201E-05
1   1       2    0    5   0.000990     -1.652490E-04      1.964010E-04   1.871766E-06
1   1       3   -2   -2   0.000990     -1.652490E-04      1.964010E-04  -7.080201E-05
1   1       3    5    5   0.000990     -1.652490E-04      1.964010E-04   9.706813E-06
1   1       5    0    2   0.000990     -1.652490E-04      1.964010E-04   1.871766E-06
1   1       5    2    0   0.000990     -1.652490E-04      1.964010E-04   1.871766E-06
1   1       5    3    5   0.000990     -1.652490E-04      1.964010E-04   9.706813E-06
1   1       5    5    3   0.000990     -1.652490E-04      1.964010E-04   9.706813E-06
1   1      -5   -5   -4  -0.022349     -6.400790E-04     -1.400910E-05  -1.588430E-04
1   1      -5   -4   -1   0.000949     -6.443070E-05     -5.410810E-05  -3.060614E-05
1   1      -5   -1   -4   0.000949     -6.443070E-05     -5.410810E-05  -3.060614E-05
1   1      -5   -1    0  -0.022349     -6.400790E-04     -1.400910E-05  -2.228752E-04
1   1      -4   -5   -5  -0.022349     -6.400790E-04     -1.400910E-05  -1.588430E-04
1   1      -4   -5   -1   0.000949     -6.443070E-05     -5.410810E-05  -3.060614E-05
1   1      -4   -3    1   0.000949     -6.443070E-05     -5.410810E-05  -4.222754E-05
1   1      -4   -1   -5   0.000949     -6.443070E-05     -5.410810E-05  -3.060614E-05
1   1      -4    1   -3   0.000949     -6.443070E-05     -5.410810E-05  -4.222754E-05
1   1      -4    1    1  -0.022349     -6.400790E-04     -1.400910E-05  -3.585273E-04
1   1      -3   -4    1   0.000949     -6.443070E-05     -5.410810E-05  -4.222754E-05
1   1      -3    1   -4   0.000949     -6.443070E-05     -5.410810E-05  -4.222754E-05
1   1      -1   -5   -4   0.000949     -6.443070E-05     -5.410810E-05  -3.060614E-05
1   1      -1   -5    0  -0.022349     -6.400790E-04     -1.400910E-05  -2.228752E-04
1   1      -1   -4   -5   0.000949     -6.443070E-05     -5.410810E-05  -3.060614E-05
1   1      -1   -1    4  -0.022349     -6.400790E-04     -1.400910E-05  -3.585273E-04
1   1      -1    0   -5  -0.022349     -6.400790E-04     -1.400910E-05  -2.228752E-04
1   1      -1    3    4   0.000949     -6.443070E-05     -5.410810E-05  -4.222754E-05
1   1      -1    4    3   0.000949     -6.443070E-05     -5.410810E-05  -4.222754E-05
1   1       0   -5   -1  -0.022349     -6.400790E-04     -1.400910E-05  -2.228752E-04
1   1       0   -1   -5  -0.022349     -6.400790E-04     -1.400910E-05  -2.228752E-04
1   1       0    1    5  -0.022349     -6.400790E-04     -1.400910E-05  -2.228752E-04
1   1       0    5    1  -0.022349     -6.400790E-04     -1.400910E-05  -2.228752E-04
1   1       1   -4   -3   0.000949     -6.443070E-05     -5.410810E-05  -4.222754E-05
1   1       1   -3   -4   0.000949     -6.443070E-05     -5.410810E-05  -4.222754E-05
1   1       1    0    5  -0.022349     -6.400790E-04     -1.400910E-05  -2.228752E-04
1   1       1    1   -4  -0.022349     -6.400790E-04     -1.400910E-05  -3.585273E-04
1   1       1    4    5   0.000949     -6.443070E-05     -5.410810E-05  -3.060614E-05
1   1       1    5    0  -0.022349     -6.400790E-04     -1.400910E-05  -2.228752E-04
1   1       1    5    4   0.000949     -6.443070E-05     -5.410810E-05  -3.060614E-05
1   1       3   -1    4   0.000949     -6.443070E-05     -5.410810E-05  -4.222754E-05
1   1       3    4   -1   0.000949     -6.443070E-05     -5.410810E-05  -4.222754E-05
1   1       4   -1   -1  -0.022349     -6.400790E-04     -1.400910E-05  -3.585273E-04
1   1       4   -1    3   0.000949     -6.443070E-05     -5.410810E-05  -4.222754E-05
1   1       4    1    5   0.000949     -6.443070E-05     -5.410810E-05  -3.060614E-05
1   1       4    3   -1   0.000949     -6.443070E-05     -5.410810E-05  -4.222754E-05
1   1       4    5    1   0.000949     -6.443070E-05     -5.410810E-05  -3.060614E-05
1   1       4    5    5  -0.022349     -6.400790E-04     -1.400910E-05  -1.588430E-04
1   1       5    1    0  -0.022349     -6.400790E-04     -1.400910E-05  -2.228752E-04
1   1       5    1    4   0.000949     -6.443070E-05     -5.410810E-05  -3.060614E-05
1   1       5    4    1   0.000949     -6.443070E-05     -5.410810E-05  -3.060614E-05
1   1       5    5    4  -0.022349     -6.400790E-04     -1.400910E-05  -1.588430E-04
1   1      -5   -4   -5  -0.022349     -6.400790E-04     -1.400910E-05  -1.588430E-04
1   1      -5    0   -1  -0.022349     -6.400790E-04     -1.400910E-05  -2.228752E-04
1   1      -1    4   -1  -0.022349     -6.400790E-04     -1.400910E-05  -3.585273E-04
1   1       1   -4    1  -0.022349     -6.400790E-04     -1.400910E-05  -3.585273E-04
1   1       5    0    1  -0.022349     -6.400790E-04     -1.400910E-05  -2.228752E-04
1   1       5    4    5  -0.022349     -6.400790E-04     -1.400910E-05  -1.588430E-04
1   1      -6   -3   -3   0.008709      1.871760E-04      2.466720E-06   4.540939E-05
1   1      -5   -5   -2   0.009512     -2.231640E-04     -4.079650E-05  -6.696476E-05
1   1      -5   -2   -5   0.009512     -2.231640E-04     -4.079650E-05  -6.696476E-05
1   1      -3   -3    2   0.009512     -2.231640E-04     -4.079650E-05  -9.964345E-05
1   1      -3    0    3   0.008709      1.871760E-04      2.466720E-06   1.092750E-04
1   1      -3    3    0   0.008709      1.871760E-04      2.466720E-06   1.092750E-04
1   1      -2   -5   -5   0.009512     -2.231640E-04     -4.079650E-05  -6.696476E-05
1   1       0   -3    3   0.008709      1.871760E-04      2.466720E-06   1.092750E-04
1   1       0    3   -3   0.008709      1.871760E-04      2.466720E-06   1.092750E-04
1   1       2    5    5   0.009512     -2.231640E-04     -4.079650E-05  -6.696476E-05
1   1       3   -3    0   0.008709      1.871760E-04      2.466720E-06   1.092750E-04
1   1       3    0   -3   0.008709      1.871760E-04      2.466720E-06   1.092750E-04
1   1       3    3   -2   0.009512     -2.231640E-04     -4.079650E-05  -9.964345E-05
1   1       5    2    5   0.009512     -2.231640E-04     -4.079650E-05  -6.696476E-05
1   1       5    5    2   0.009512     -2.231640E-04     -4.079650E-05  -6.696476E-05
1   1       6    3    3   0.008709      1.871760E-04      2.466720E-06   4.540939E-05
1   1      -5   -3    0   0.009512     -2.231640E-04     -4.079650E-05  -7.705483E-05
1   1      -5    0   -3   0.009512     -2.231640E-04     -4.079650E-05  -7.705483E-05
1   1      -3   -6   -3   0.008709      1.871760E-04      2.466720E-06   4.540939E-05
1   1      -3   -5    0   0.009512     -2.231640E-04     -4.079650E-05  -7.705483E-05
1   1      -3   -3   -6   0.008709      1.871760E-04      2.466720E-06   4.540939E-05
1   1      -3    0   -5   0.009512     -2.231640E-04     -4.079650E-05  -7.705483E-05
1   1      -3    2   -3   0.009512     -2.231640E-04     -4.079650E-05  -9.964345E-05
1   1      -2    3    3   0.009512     -2.231640E-04     -4.079650E-05  -9.964345E-05
1   1       0   -5   -3   0.009512     -2.231640E-04     -4.079650E-05  -7.705483E-05
1   1       0   -3   -5   0.009512     -2.231640E-04     -4.079650E-05  -7.705483E-05
1   1       0    3    5   0.009512     -2.231640E-04     -4.079650E-05  -7.705483E-05
1   1       0    5    3   0.009512     -2.231640E-04     -4.079650E-05  -7.705483E-05
1   1       2   -3   -3   0.009512     -2.231640E-04     -4.079650E-05  -9.964345E-05
1   1       3   -2    3   0.009512     -2.231640E-04     -4.079650E-05  -9.964345E-05
1   1       3    0    5   0.009512     -2.231640E-04     -4.079650E-05  -7.705483E-05
1   1       3    3    6   0.008709      1.871760E-04      2.466720E-06   4.540939E-05
1   1       3    5    0   0.009512     -2.231640E-04     -4.079650E-05  -7.705483E-05
1   1       3    6    3   0.008709      1.871760E-04      2.466720E-06   4.540939E-05
1   1       5    0    3   0.009512     -2.231640E-04     -4.079650E-05  -7.705483E-05
1   1       5    3    0   0.009512     -2.231640E-04     -4.079650E-05  -7.705483E-05
1   1      -6   -4   -3  -0.000977      2.085320E-05     -3.942640E-05  -4.988559E-06
1   1      -6   -3   -4  -0.000977      2.085320E-05     -3.942640E-05  -4.988559E-06
1   1      -6   -3   -2  -0.000977      2.085320E-05     -3.942640E-05  -5.047468E-06
1   1      -6   -2   -3  -0.000977      2.085320E-05     -3.942640E-05  -5.047468E-06
1   1      -4   -1    2  -0.000977      2.085320E-05     -3.942640E-05  -1.769801E-06
1   1      -4    2   -1  -0.000977      2.085320E-05     -3.942640E-05  -1.769801E-06
1   1      -3   -6   -4  -0.000977      2.085320E-05     -3.942640E-05  -4.988559E-06
1   1      -3   -4   -6  -0.000977      2.085320E-05     -3.942640E-05  -4.988559E-06
1   1      -3   -1    3  -0.000977      2.085320E-05     -3.942640E-05   1.199859E-06
1   1      -3    3   -1  -0.000977      2.085320E-05     -3.942640E-05   1.199859E-06
1   1      -3    3    1  -0.000977      2.085320E-05     -3.942640E-05   1.199859E-06
1   1      -2    4    1  -0.000977      2.085320E-05     -3.942640E-05  -1.769801E-06
1   1      -1   -4    2  -0.000977      2.085320E-05     -3.942640E-05  -1.769801E-06
1   1       1    4   -2  -0.000977      2.085320E-05     -3.942640E-05  -1.769801E-06
1   1       2   -4   -1  -0.000977      2.085320E-05     -3.942640E-05  -1.769801E-06
1   1       3   -3   -1  -0.000977      2.085320E-05     -3.942640E-05   1.199859E-06
1   1       3   -3    1  -0.000977      2.085320E-05     -3.942640E-05   1.199859E-06
1   1       3    1   -3  -0.000977      2.085320E-05     -3.942640E-05   1.199859E-06
1   1       3    4    6  -0.000977      2.085320E-05     -3.942640E-05  -4.988559E-06
1   1       3    6    4  -0.000977      2.085320E-05     -3.942640E-05  -4.988559E-06
1   1       4   -2    1  -0.000977      2.085320E-05     -3.942640E-05  -1.769801E-06
1   1       4    1   -2  -0.000977      2.085320E-05     -3.942640E-05  -1.769801E-06
1   1       6    2    3  -0.000977      2.085320E-05     -3.942640E-05  -5.047468E-06
1   1       6    3    2  -0.000977      2.085320E-05     -3.942640E-05  -5.047468E-06
1   1       6    3    4  -0.000977      2.085320E-05     -3.942640E-05  -4.988559E-06
1   1       6    4    3  -0.000977      2.085320E-05     -3.942640E-05  -4.988559E-06
1   1      -5   -5   -5  -0.011656     -1.542680E-03     -2.295790E-05  -3.833476E-04
1   1      -5    0    0  -0.011656     -1.542680E-03     -2.295790E-05  -5.399725E-04
1   1      -4   -3   -6  -0.000977      2.085320E-05     -3.942640E-05  -4.988559E-06
1   1      -3   -6   -2  -0.000977      2.085320E-05     -3.942640E-05  -5.047468E-06
1   1      -3   -2   -6  -0.000977      2.085320E-05     -3.942640E-05  -5.047468E-06
1   1      -3    1    3  -0.000977      2.085320E-05     -3.942640E-05   1.199859E-06
1   1      -2   -6   -3  -0.000977      2.085320E-05     -3.942640E-05  -5.047468E-06
1   1      -2   -3   -6  -0.000977      2.085320E-05     -3.942640E-05  -5.047468E-06
1   1      -2    1    4  -0.000977      2.085320E-05     -3.942640E-05  -1.769801E-06
1   1      -1   -3    3  -0.000977      2.085320E-05     -3.942640E-05   1.199859E-06
1   1      -1    2   -4  -0.000977      2.085320E-05     -3.942640E-05  -1.769801E-06
1   1      -1    3   -3  -0.000977      2.085320E-05     -3.942640E-05   1.199859E-06
1   1       0   -5    0  -0.011656     -1.542680E-03     -2.295790E-05  -5.399725E-04
1   1       0    0   -5  -0.011656     -1.542680E-03     -2.295790E-05  -5.399725E-04
1   1       0    0    5  -0.011656     -1.542680E-03     -2.295790E-05  -5.399725E-04
1   1       0    5    0  -0.011656     -1.542680E-03     -2.295790E-05  -5.399725E-04
1   1       1   -3    3  -0.000977      2.085320E-05     -3.942640E-05   1.199859E-06
1   1       1   -2    4  -0.000977      2.085320E-05     -3.942640E-05  -1.769801E-06
1   1       1    3   -3  -0.000977      2.085320E-05     -3.942640E-05   1.199859E-06
1   1       2   -1   -4  -0.000977      2.085320E-05     -3.942640E-05  -1.769801E-06
1   1       2    3    6  -0.000977      2.085320E-05     -3.942640E-05  -5.047468E-06
1   1       2    6    3  -0.000977      2.085320E-05     -3.942640E-05  -5.047468E-06
1   1       3   -1   -3  -0.000977      2.085320E-05     -3.942640E-05   1.199859E-06
1   1       3    2    6  -0.000977      2.085320E-05     -3.942640E-05  -5.047468E-06
1   1       3    6    2  -0.000977      2.085320E-05     -3.942640E-05  -5.047468E-06
1   1       4    3    6  -0.000977      2.085320E-05     -3.942640E-05  -4.988559E-06
1   1       5    0    0  -0.011656     -1.542680E-03     -2.295790E-05  -5.399725E-04
1   1       5    5    5  -0.011656     -1.542680E-03     -2.295790E-05  -3.833476E-04
1   1      -4   -6   -3  -0.000977      2.085320E-05     -3.942640E-05  -4.988559E-06
1   1       4    6    3  -0.000977      2.085320E-05     -3.942640E-05  -4.988559E-06
1   1      -6   -4   -4   0.005383      8.970430E-05      1.192160E-05   2.485303E-05
1   1      -6   -2   -2   0.005383      8.970430E-05      1.192160E-05   2.616294E-05
1   1      -4   -4   -6   0.005383      8.970430E-05      1.192160E-05   2.485303E-05
1   1      -4    0    2   0.005383      8.970430E-05      1.192160E-05   4.592710E-05
1   1      -4    2    0   0.005383      8.970430E-05      1.192160E-05   4.592710E-05
1   1      -2   -6   -2   0.005383      8.970430E-05      1.192160E-05   2.616294E-05
1   1      -2   -2   -6   0.005383      8.970430E-05      1.192160E-05   2.616294E-05
1   1      -2    0    4   0.005383      8.970430E-05      1.192160E-05   4.592710E-05
1   1      -2    4    0   0.005383      8.970430E-05      1.192160E-05   4.592710E-05
1   1       0   -4    2   0.005383      8.970430E-05      1.192160E-05   4.592710E-05
1   1       0   -2    4   0.005383      8.970430E-05      1.192160E-05   4.592710E-05
1   1       0    2   -4   0.005383      8.970430E-05      1.192160E-05   4.592710E-05
1   1       0    4   -2   0.005383      8.970430E-05      1.192160E-05   4.592710E-05
1   1       2   -4    0   0.005383      8.970430E-05      1.192160E-05   4.592710E-05
1   1       2    0   -4   0.005383      8.970430E-05      1.192160E-05   4.592710E-05
1   1       2    2    6   0.005383      8.970430E-05      1.192160E-05   2.616294E-05
1   1       2    6    2   0.005383      8.970430E-05      1.192160E-05   2.616294E-05
1   1       4   -2    0   0.005383      8.970430E-05      1.192160E-05   4.592710E-05
1   1       4    0   -2   0.005383      8.970430E-05      1.192160E-05   4.592710E-05
1   1       4    4    6   0.005383      8.970430E-05      1.192160E-05   2.485303E-05
1   1       6    2    2   0.005383      8.970430E-05      1.192160E-05   2.616294E-05
1   1       6    4    4   0.005383      8.970430E-05      1.192160E-05   2.485303E-05
1   1      -4   -6   -4   0.005383      8.970430E-05      1.192160E-05   2.485303E-05
1   1       4    6    4   0.005383      8.970430E-05      1.192160E-05   2.485303E-05
1   1      -6   -4   -2  -0.000726      3.299440E-04      4.323740E-05   9.325205E-05
1   1      -6   -2   -4  -0.000726      3.299440E-04      4.323740E-05   9.325205E-05
1   1      -4   -6   -2  -0.000726      3.299440E-04      4.323740E-05   9.325205E-05
1   1      -4   -2   -6  -0.000726      3.299440E-04      4.323740E-05   9.325205E-05
1   1      -4   -2    2  -0.000726      3.299440E-04      4.323740E-05   1.270308E-04
1   1      -4    2   -2  -0.000726      3.299440E-04      4.323740E-05   1.270308E-04
1   1      -2   -6   -4  -0.000726      3.299440E-04      4.323740E-05   9.325205E-05
1   1      -2   -4   -6  -0.000726      3.299440E-04      4.323740E-05   9.325205E-05
1   1      -2   -4    2  -0.000726      3.299440E-04      4.323740E-05   1.270308E-04
1   1      -2    2   -4  -0.000726      3.299440E-04      4.323740E-05   1.270308E-04
1   1      -2    2    4  -0.000726      3.299440E-04      4.323740E-05   1.270308E-04
1   1      -2    4    2  -0.000726      3.299440E-04      4.323740E-05   1.270308E-04
1   1       2   -4   -2  -0.000726      3.299440E-04      4.323740E-05   1.270308E-04
1   1       2   -2   -4  -0.000726      3.299440E-04      4.323740E-05   1.270308E-04
1   1       2   -2    4  -0.000726      3.299440E-04      4.323740E-05   1.270308E-04
1   1       2    4   -2  -0.000726      3.299440E-04      4.323740E-05   1.270308E-04
1   1       2    4    6  -0.000726      3.299440E-04      4.323740E-05   9.325205E-05
1   1       2    6    4  -0.000726      3.299440E-04      4.323740E-05   9.325205E-05
1   1       4   -2    2  -0.000726      3.299440E-04      4.323740E-05   1.270308E-04
1   1       4    2   -2  -0.000726      3.299440E-04      4.323740E-05   1.270308E-04
1   1       4    2    6  -0.000726      3.299440E-04      4.323740E-05   9.325205E-05
1   1       4    6    2  -0.000726      3.299440E-04      4.323740E-05   9.325205E-05
1   1       6    2    4  -0.000726      3.299440E-04      4.323740E-05   9.325205E-05
1   1       6    4    2  -0.000726      3.299440E-04      4.323740E-05   9.325205E-05
1   1      -6   -5   -4   0.003452      9.437510E-05     -1.778750E-04  -2.148261E-05
1   1      -6   -2   -1   0.003452      9.437510E-05     -1.778750E-04  -2.327434E-05
1   1      -6   -1   -2   0.003452      9.437510E-05     -1.778750E-04  -2.327434E-05
1   1      -4    2    1   0.003452      9.437510E-05     -1.778750E-04  -1.296988E-05
1   1      -2    4   -1   0.003452      9.437510E-05     -1.778750E-04  -1.296988E-05
1   1      -1    5    1   0.003452      9.437510E-05     -1.778750E-04  -1.952782E-05
1   1       1   -5   -1   0.003452      9.437510E-05     -1.778750E-04  -1.952782E-05
1   1       2   -4    1   0.003452      9.437510E-05     -1.778750E-04  -1.296988E-05
1   1       4   -2   -1   0.003452      9.437510E-05     -1.778750E-04  -1.296988E-05
1   1       6    1    2   0.003452      9.437510E-05     -1.778750E-04  -2.327434E-05
1   1       6    2    1   0.003452      9.437510E-05     -1.778750E-04  -2.327434E-05
1   1       6    5    4   0.003452      9.437510E-05     -1.778750E-04  -2.148261E-05
1   1      -6   -4   -5   0.003452      9.437510E-05     -1.778750E-04  -2.148261E-05
1   1      -5   -5   -1   0.002039      3.336020E-04      1.667490E-05   8.580980E-05
1   1      -5   -4   -6   0.003452      9.437510E-05     -1.778750E-04  -2.148261E-05
1   1      -5   -4    0   0.002039      3.336020E-04      1.667490E-05   9.806625E-05
1   1      -4   -6   -5   0.003452      9.437510E-05     -1.778750E-04  -2.148261E-05
1   1      -4   -5   -6   0.003452      9.437510E-05     -1.778750E-04  -2.148261E-05
1   1      -4   -5    0   0.002039      3.336020E-04      1.667490E-05   9.806625E-05
1   1      -4   -4    1   0.002039      3.336020E-04      1.667490E-05   9.797116E-05
1   1      -4    1    2   0.003452      9.437510E-05     -1.778750E-04  -1.296988E-05
1   1      -2   -6   -1   0.003452      9.437510E-05     -1.778750E-04  -2.327434E-05
1   1      -2   -1   -6   0.003452      9.437510E-05     -1.778750E-04  -2.327434E-05
1   1      -2   -1    4   0.003452      9.437510E-05     -1.778750E-04  -1.296988E-05
1   1      -1   -6   -2   0.003452      9.437510E-05     -1.778750E-04  -2.327434E-05
1   1      -1   -5    1   0.003452      9.437510E-05     -1.778750E-04  -1.952782E-05
1   1      -1   -2   -6   0.003452      9.437510E-05     -1.778750E-04  -2.327434E-05
1   1      -1   -2    4   0.003452      9.437510E-05     -1.778750E-04  -1.296988E-05
1   1      -1    1   -5   0.003452      9.437510E-05     -1.778750E-04  -1.952782E-05
1   1      -1    1    5   0.003452      9.437510E-05     -1.778750E-04  -1.952782E-05
1   1      -1    4   -2   0.003452      9.437510E-05     -1.778750E-04  -1.296988E-05
1   1       1   -4    2   0.003452      9.437510E-05     -1.778750E-04  -1.296988E-05
1   1       1   -1   -5   0.003452      9.437510E-05     -1.778750E-04  -1.952782E-05
1   1       1   -1    5   0.003452      9.437510E-05     -1.778750E-04  -1.952782E-05
1   1       1    2   -4   0.003452      9.437510E-05     -1.778750E-04  -1.296988E-05
1   1       1    2    6   0.003452      9.437510E-05     -1.778750E-04  -2.327434E-05
1   1       1    5   -1   0.003452      9.437510E-05     -1.778750E-04  -1.952782E-05
1   1       1    6    2   0.003452      9.437510E-05     -1.778750E-04  -2.327434E-05
1   1       2    1   -4   0.003452      9.437510E-05     -1.778750E-04  -1.296988E-05
1   1       2    1    6   0.003452      9.437510E-05     -1.778750E-04  -2.327434E-05
1   1       2    6    1   0.003452      9.437510E-05     -1.778750E-04  -2.327434E-05
1   1       4   -1   -2   0.003452      9.437510E-05     -1.778750E-04  -1.296988E-05
1   1       4    4   -1   0.002039      3.336020E-04      1.667490E-05   9.797116E-05
1   1       4    5    0   0.002039      3.336020E-04      1.667490E-05   9.806625E-05
1   1       4    5    6   0.003452      9.437510E-05     -1.778750E-04  -2.148261E-05
1   1       4    6    5   0.003452      9.437510E-05     -1.778750E-04  -2.148261E-05
1   1       5    4    0   0.002039      3.336020E-04      1.667490E-05   9.806625E-05
1   1       5    4    6   0.003452      9.437510E-05     -1.778750E-04  -2.148261E-05
1   1       5    5    1   0.002039      3.336020E-04      1.667490E-05   8.580980E-05
1   1       6    4    5   0.003452      9.437510E-05     -1.778750E-04  -2.148261E-05
1   1      -5   -6   -4   0.003452      9.437510E-05     -1.778750E-04  -2.148261E-05
1   1      -5   -1   -5   0.002039      3.336020E-04      1.667490E-05   8.580980E-05
1   1      -5   -1    1   0.003452      9.437510E-05     -1.778750E-04  -1.952782E-05
1   1      -5    0   -4   0.002039      3.336020E-04      1.667490E-05   9.806625E-05
1   1      -5    1   -1   0.003452      9.437510E-05     -1.778750E-04  -1.952782E-05
1   1      -4    0   -5   0.002039      3.336020E-04      1.667490E-05   9.806625E-05
1   1      -4    1   -4   0.002039      3.336020E-04      1.667490E-05   9.797116E-05
1   1      -1   -5   -5   0.002039      3.336020E-04      1.667490E-05   8.580980E-05
1   1      -1    4    4   0.002039      3.336020E-04      1.667490E-05   9.797116E-05
1   1       0   -5   -4   0.002039      3.336020E-04      1.667490E-05   9.806625E-05
1   1       0   -4   -5   0.002039      3.336020E-04      1.667490E-05   9.806625E-05
1   1       0    4    5   0.002039      3.336020E-04      1.667490E-05   9.806625E-05
1   1       0    5    4   0.002039      3.336020E-04      1.667490E-05   9.806625E-05
1   1       1   -4   -4   0.002039      3.336020E-04      1.667490E-05   9.797116E-05
1   1       1    5    5   0.002039      3.336020E-04      1.667490E-05   8.580980E-05
1   1       4   -1    4   0.002039      3.336020E-04      1.667490E-05   9.797116E-05
1   1       4    0    5   0.002039      3.336020E-04      1.667490E-05   9.806625E-05
1   1       5   -1    1   0.003452      9.437510E-05     -1.778750E-04  -1.952782E-05
1   1       5    0    4   0.002039      3.336020E-04      1.667490E-05   9.806625E-05
1   1       5    1   -1   0.003452      9.437510E-05     -1.778750E-04  -1.952782E-05
1   1       5    1    5   0.002039      3.336020E-04      1.667490E-05   8.580980E-05
1   1       5    6    4   0.003452      9.437510E-05     -1.778750E-04  -2.148261E-05
1   1      -6   -3   -5  -0.001075      2.941200E-05     -1.557740E-06   6.795072E-06
1   1      -6   -3   -1  -0.001075      2.941200E-05     -1.557740E-06   6.943331E-06
1   1      -6   -1   -3  -0.001075      2.941200E-05     -1.557740E-06   6.943331E-06
1   1      -3    3   -2  -0.001075      2.941200E-05     -1.557740E-06   1.339231E-05
1   1      -3    3    2  -0.001075      2.941200E-05     -1.557740E-06   1.339231E-05
1   1      -1    5    2  -0.001075      2.941200E-05     -1.557740E-06   9.510828E-06
1   1       1   -5   -2  -0.001075      2.941200E-05     -1.557740E-06   9.510828E-06
1   1       3   -3   -2  -0.001075      2.941200E-05     -1.557740E-06   1.339231E-05
1   1       3   -3    2  -0.001075      2.941200E-05     -1.557740E-06   1.339231E-05
1   1       6    1    3  -0.001075      2.941200E-05     -1.557740E-06   6.943331E-06
1   1       6    3    1  -0.001075      2.941200E-05     -1.557740E-06   6.943331E-06
1   1       6    3    5  -0.001075      2.941200E-05     -1.557740E-06   6.795072E-06
1   1      -6   -5   -3  -0.001075      2.941200E-05     -1.557740E-06   6.795072E-06
1   1      -5   -3   -6  -0.001075      2.941200E-05     -1.557740E-06   6.795072E-06
1   1      -5   -2    1  -0.001075      2.941200E-05     -1.557740E-06   9.510828E-06
1   1      -5    1   -2  -0.001075      2.941200E-05     -1.557740E-06   9.510828E-06
1   1      -3   -6   -5  -0.001075      2.941200E-05     -1.557740E-06   6.795072E-06
1   1      -3   -6   -1  -0.001075      2.941200E-05     -1.557740E-06   6.943331E-06
1   1      -3   -5   -6  -0.001075      2.941200E-05     -1.557740E-06   6.795072E-06
1   1      -3   -2    3  -0.001075      2.941200E-05     -1.557740E-06   1.339231E-05
1   1      -3   -1   -6  -0.001075      2.941200E-05     -1.557740E-06   6.943331E-06
1   1      -3    2    3  -0.001075      2.941200E-05     -1.557740E-06   1.339231E-05
1   1      -2   -5    1  -0.001075      2.941200E-05     -1.557740E-06   9.510828E-06
1   1      -2   -3    3  -0.001075      2.941200E-05     -1.557740E-06   1.339231E-05
1   1      -2    1   -5  -0.001075      2.941200E-05     -1.557740E-06   9.510828E-06
1   1      -2    3   -3  -0.001075      2.941200E-05     -1.557740E-06   1.339231E-05
1   1      -1   -6   -3  -0.001075      2.941200E-05     -1.557740E-06   6.943331E-06
1   1      -1   -3   -6  -0.001075      2.941200E-05     -1.557740E-06   6.943331E-06
1   1      -1    2    5  -0.001075      2.941200E-05     -1.557740E-06   9.510828E-06
1   1       1   -2   -5  -0.001075      2.941200E-05     -1.557740E-06   9.510828E-06
1   1       1    3    6  -0.001075      2.941200E-05     -1.557740E-06   6.943331E-06
1   1       1    6    3  -0.001075      2.941200E-05     -1.557740E-06   6.943331E-06
1   1       2   -3    3  -0.001075      2.941200E-05     -1.557740E-06   1.339231E-05
1   1       2   -1    5  -0.001075      2.941200E-05     -1.557740E-06   9.510828E-06
1   1       2    3   -3  -0.001075      2.941200E-05     -1.557740E-06   1.339231E-05
1   1       2    5   -1  -0.001075      2.941200E-05     -1.557740E-06   9.510828E-06
1   1       3   -2   -3  -0.001075      2.941200E-05     -1.557740E-06   1.339231E-05
1   1       3    1    6  -0.001075      2.941200E-05     -1.557740E-06   6.943331E-06
1   1       3    2   -3  -0.001075      2.941200E-05     -1.557740E-06   1.339231E-05
1   1       3    5    6  -0.001075      2.941200E-05     -1.557740E-06   6.795072E-06
1   1       3    6    1  -0.001075      2.941200E-05     -1.557740E-06   6.943331E-06
1   1       3    6    5  -0.001075      2.941200E-05     -1.557740E-06   6.795072E-06
1   1       5   -1    2  -0.001075      2.941200E-05     -1.557740E-06   9.510828E-06
1   1       5    2   -1  -0.001075      2.941200E-05     -1.557740E-06   9.510828E-06
1   1       5    3    6  -0.001075      2.941200E-05     -1.557740E-06   6.795072E-06
1   1       6    5    3  -0.001075      2.941200E-05     -1.557740E-06   6.795072E-06
1   1      -5   -6   -3  -0.001075      2.941200E-05     -1.557740E-06   6.795072E-06
1   1       5    6    3  -0.001075      2.941200E-05     -1.557740E-06   6.795072E-06
1   1      -6   -5   -5  -0.013494     -1.304260E-04      2.526570E-04   3.043696E-05
1   1      -6   -1   -1  -0.013494     -1.304260E-04      2.526570E-04   3.341304E-05
1   1      -1   -1   -6  -0.013494     -1.304260E-04      2.526570E-04   3.341304E-05
1   1      -1    0    5  -0.013494     -1.304260E-04      2.526570E-04   2.686189E-05
1   1      -1    5    0  -0.013494     -1.304260E-04      2.526570E-04   2.686189E-05
1   1       0   -1    5  -0.013494     -1.304260E-04      2.526570E-04   2.686189E-05
1   1       0    1   -5  -0.013494     -1.304260E-04      2.526570E-04   2.686189E-05
1   1       1   -5    0  -0.013494     -1.304260E-04      2.526570E-04   2.686189E-05
1   1       1    0   -5  -0.013494     -1.304260E-04      2.526570E-04   2.686189E-05
1   1       1    1    6  -0.013494     -1.304260E-04      2.526570E-04   3.341304E-05
1   1       6    1    1  -0.013494     -1.304260E-04      2.526570E-04   3.341304E-05
1   1       6    5    5  -0.013494     -1.304260E-04      2.526570E-04   3.043696E-05
1   1      -5   -6   -5  -0.013494     -1.304260E-04      2.526570E-04   3.043696E-05
1   1      -5   -5   -6  -0.013494     -1.304260E-04      2.526570E-04   3.043696E-05
1   1      -5    0    1  -0.013494     -1.304260E-04      2.526570E-04   2.686189E-05
1   1      -5    1    0  -0.013494     -1.304260E-04      2.526570E-04   2.686189E-05
1   1      -1   -6   -1  -0.013494     -1.304260E-04      2.526570E-04   3.341304E-05
1   1       0   -5    1  -0.013494     -1.304260E-04      2.526570E-04   2.686189E-05
1   1       0    5   -1  -0.013494     -1.304260E-04      2.526570E-04   2.686189E-05
1   1       1    6    1  -0.013494     -1.304260E-04      2.526570E-04   3.341304E-05
1   1       5   -1    0  -0.013494     -1.304260E-04      2.526570E-04   2.686189E-05
1   1       5    0   -1  -0.013494     -1.304260E-04      2.526570E-04   2.686189E-05
1   1       5    5    6  -0.013494     -1.304260E-04      2.526570E-04   3.043696E-05
1   1       5    6    5  -0.013494     -1.304260E-04      2.526570E-04   3.043696E-05
1   1      -6   -4   -1  -0.000739      9.029590E-05     -1.252380E-05   1.907210E-05
1   1      -6   -2   -5  -0.000739      9.029590E-05     -1.252380E-05   1.885797E-05
1   1      -6   -1   -4  -0.000739      9.029590E-05     -1.252380E-05   1.907210E-05
1   1      -4    2   -3  -0.000739      9.029590E-05     -1.252380E-05   2.231598E-05
1   1      -2    4    3  -0.000739      9.029590E-05     -1.252380E-05   2.231598E-05
1   1      -1    5    3  -0.000739      9.029590E-05     -1.252380E-05   2.231645E-05
1   1       1   -5   -3  -0.000739      9.029590E-05     -1.252380E-05   2.231645E-05
1   1       2   -4   -3  -0.000739      9.029590E-05     -1.252380E-05   2.231598E-05
1   1       4   -2    3  -0.000739      9.029590E-05     -1.252380E-05   2.231598E-05
1   1       6    1    4  -0.000739      9.029590E-05     -1.252380E-05   1.907210E-05
1   1       6    2    5  -0.000739      9.029590E-05     -1.252380E-05   1.885797E-05
1   1       6    4    1  -0.000739      9.029590E-05     -1.252380E-05   1.907210E-05
1   1      -6   -5   -2  -0.000739      9.029590E-05     -1.252380E-05   1.885797E-05
1   1      -5   -6   -2  -0.000739      9.029590E-05     -1.252380E-05   1.885797E-05
1   1      -5   -3    1  -0.000739      9.029590E-05     -1.252380E-05   2.231645E-05
1   1      -5   -2   -6  -0.000739      9.029590E-05     -1.252380E-05   1.885797E-05
1   1      -5    1   -3  -0.000739      9.029590E-05     -1.252380E-05   2.231645E-05
1   1      -4   -6   -1  -0.000739      9.029590E-05     -1.252380E-05   1.907210E-05
1   1      -4   -3    2  -0.000739      9.029590E-05     -1.252380E-05   2.231598E-05
1   1      -4   -1   -6  -0.000739      9.029590E-05     -1.252380E-05   1.907210E-05
1   1      -3   -5    1  -0.000739      9.029590E-05     -1.252380E-05   2.231645E-05
1   1      -3   -4    2  -0.000739      9.029590E-05     -1.252380E-05   2.231598E-05
1   1      -3    1   -5  -0.000739      9.029590E-05     -1.252380E-05   2.231645E-05
1   1      -3    2   -4  -0.000739      9.029590E-05     -1.252380E-05   2.231598E-05
1   1      -2   -6   -5  -0.000739      9.029590E-05     -1.252380E-05   1.885797E-05
1   1      -2   -5   -6  -0.000739      9.029590E-05     -1.252380E-05   1.885797E-05
1   1      -2    3    4  -0.000739      9.029590E-05     -1.252380E-05   2.231598E-05
1   1      -1   -6   -4  -0.000739      9.029590E-05     -1.252380E-05   1.907210E-05
1   1      -1   -4   -6  -0.000739      9.029590E-05     -1.252380E-05   1.907210E-05
1   1      -1    3    5  -0.000739      9.029590E-05     -1.252380E-05   2.231645E-05
1   1       1   -3   -5  -0.000739      9.029590E-05     -1.252380E-05   2.231645E-05
1   1       1    4    6  -0.000739      9.029590E-05     -1.252380E-05   1.907210E-05
1   1       1    6    4  -0.000739      9.029590E-05     -1.252380E-05   1.907210E-05
1   1       2   -3   -4  -0.000739      9.029590E-05     -1.252380E-05   2.231598E-05
1   1       2    5    6  -0.000739      9.029590E-05     -1.252380E-05   1.885797E-05
1   1       2    6    5  -0.000739      9.029590E-05     -1.252380E-05   1.885797E-05
1   1       3   -2    4  -0.000739      9.029590E-05     -1.252380E-05   2.231598E-05
1   1       3   -1    5  -0.000739      9.029590E-05     -1.252380E-05   2.231645E-05
1   1       3    4   -2  -0.000739      9.029590E-05     -1.252380E-05   2.231598E-05
1   1       3    5   -1  -0.000739      9.029590E-05     -1.252380E-05   2.231645E-05
1   1       4    1    6  -0.000739      9.029590E-05     -1.252380E-05   1.907210E-05
1   1       4    3   -2  -0.000739      9.029590E-05     -1.252380E-05   2.231598E-05
1   1       4    6    1  -0.000739      9.029590E-05     -1.252380E-05   1.907210E-05
1   1       5   -1    3  -0.000739      9.029590E-05     -1.252380E-05   2.231645E-05
1   1       5    2    6  -0.000739      9.029590E-05     -1.252380E-05   1.885797E-05
1   1       5    3   -1  -0.000739      9.029590E-05     -1.252380E-05   2.231645E-05
1   1       5    6    2  -0.000739      9.029590E-05     -1.252380E-05   1.885797E-05
1   1       6    5    2  -0.000739      9.029590E-05     -1.252380E-05   1.885797E-05
1   1      -6   -6   -4  -0.000570      4.238420E-04     -2.594630E-05   9.881077E-05
1   1      -6   -2    0  -0.000570      4.238420E-04     -2.594630E-05   1.007065E-04
1   1      -6    0   -2  -0.000570      4.238420E-04     -2.594630E-05   1.007065E-04
1   1      -4    2    2  -0.000570      4.238420E-04     -2.594630E-05   1.677763E-04
1   1      -2    4   -2  -0.000570      4.238420E-04     -2.594630E-05   1.677763E-04
1   1       0   -6   -2  -0.000570      4.238420E-04     -2.594630E-05   1.007065E-04
1   1       0    6    2  -0.000570      4.238420E-04     -2.594630E-05   1.007065E-04
1   1       2   -4    2  -0.000570      4.238420E-04     -2.594630E-05   1.677763E-04
1   1       4   -2   -2  -0.000570      4.238420E-04     -2.594630E-05   1.677763E-04
1   1       6    0    2  -0.000570      4.238420E-04     -2.594630E-05   1.007065E-04
1   1       6    2    0  -0.000570      4.238420E-04     -2.594630E-05   1.007065E-04
1   1       6    6    4  -0.000570      4.238420E-04     -2.594630E-05   9.881077E-05
1   1      -6   -4   -6  -0.000570      4.238420E-04     -2.594630E-05   9.881077E-05
1   1      -2   -6    0  -0.000570      4.238420E-04     -2.594630E-05   1.007065E-04
1   1      -2   -2    4  -0.000570      4.238420E-04     -2.594630E-05   1.677763E-04
1   1      -2    0   -6  -0.000570      4.238420E-04     -2.594630E-05   1.007065E-04
1   1       0   -2   -6  -0.000570      4.238420E-04     -2.594630E-05   1.007065E-04
1   1       0    2    6  -0.000570      4.238420E-04     -2.594630E-05   1.007065E-04
1   1       2    0    6  -0.000570      4.238420E-04     -2.594630E-05   1.007065E-04
1   1       2    2   -4  -0.000570      4.238420E-04     -2.594630E-05   1.677763E-04
1   1       2    6    0  -0.000570      4.238420E-04     -2.594630E-05   1.007065E-04
1   1       6    4    6  -0.000570      4.238420E-04     -2.594630E-05   9.881077E-05
1   1      -4   -6   -6  -0.000570      4.238420E-04     -2.594630E-05   9.881077E-05
1   1       4    6    6  -0.000570      4.238420E-04     -2.594630E-05   9.881077E-05
1   1      -6   -6   -5   0.010735     -3.718670E-04      3.877520E-05   0.000000E+00
1   1      -6   -3    0  -0.004643      4.947200E-04     -1.488370E-05   1.201351E-04
1   1      -6   -1    0   0.010735     -3.718670E-04      3.877520E-05  -9.480078E-05
1   1      -6    0   -3  -0.004643      4.947200E-04     -1.488370E-05   1.201351E-04
1   1      -6    0   -1   0.010735     -3.718670E-04      3.877520E-05  -9.480078E-05
1   1      -3   -3    3  -0.004643      4.947200E-04     -1.488370E-05   1.413338E-04
1   1      -3    3   -3  -0.004643      4.947200E-04     -1.488370E-05   1.413338E-04
1   1      -3    3    3  -0.004643      4.947200E-04     -1.488370E-05   1.413338E-04
1   1      -1    5   -1   0.010735     -3.718670E-04      3.877520E-05  -1.349804E-04
1   1       0   -6   -3  -0.004643      4.947200E-04     -1.488370E-05   1.201351E-04
1   1       0   -6   -1   0.010735     -3.718670E-04      3.877520E-05  -9.480078E-05
1   1       0    6    1   0.010735     -3.718670E-04      3.877520E-05  -9.480078E-05
1   1       0    6    3  -0.004643      4.947200E-04     -1.488370E-05   1.201351E-04
1   1       1   -5    1   0.010735     -3.718670E-04      3.877520E-05  -1.349804E-04
1   1       3   -3   -3  -0.004643      4.947200E-04     -1.488370E-05   1.413338E-04
1   1       3   -3    3  -0.004643      4.947200E-04     -1.488370E-05   1.413338E-04
1   1       3    3   -3  -0.004643      4.947200E-04     -1.488370E-05   1.413338E-04
1   1       6    0    1   0.010735     -3.718670E-04      3.877520E-05  -9.480078E-05
1   1       6    0    3  -0.004643      4.947200E-04     -1.488370E-05   1.201351E-04
1   1       6    1    0   0.010735     -3.718670E-04      3.877520E-05  -9.480078E-05
1   1       6    3    0  -0.004643      4.947200E-04     -1.488370E-05   1.201351E-04
1   1       6    6    5   0.010735     -3.718670E-04      3.877520E-05   0.000000E+00
1   1      -7   -4   -4   0.001128     -1.489630E-04      1.637450E-05  -3.292401E-05
1   1      -7   -3   -3   0.001128     -1.489630E-04      1.637450E-05  -3.205931E-05
1   1      -6   -6   -3  -0.004643      4.947200E-04     -1.488370E-05   1.188873E-04
1   1      -6   -5   -6   0.010735     -3.718670E-04      3.877520E-05   0.000000E+00
1   1      -4   -7   -4   0.001128     -1.489630E-04      1.637450E-05  -3.292401E-05
1   1      -4   -4   -7   0.001128     -1.489630E-04      1.637450E-05  -3.292401E-05
1   1      -4    0    3   0.001128     -1.489630E-04      1.637450E-05  -5.301787E-05
1   1      -4    3    0   0.001128     -1.489630E-04      1.637450E-05  -5.301787E-05
1   1      -3   -7   -3   0.001128     -1.489630E-04      1.637450E-05  -3.205931E-05
1   1      -3   -3   -7   0.001128     -1.489630E-04      1.637450E-05  -3.205931E-05
1   1      -3    0    4   0.001128     -1.489630E-04      1.637450E-05  -5.301787E-05
1   1      -3    4    0   0.001128     -1.489630E-04      1.637450E-05  -5.301787E-05
1   1      -1   -6    0   0.010735     -3.718670E-04      3.877520E-05  -9.480078E-05
1   1      -1   -1    5   0.010735     -3.718670E-04      3.877520E-05  -1.349804E-04
1   1      -1    0   -6   0.010735     -3.718670E-04      3.877520E-05  -9.480078E-05
1   1       0   -4    3   0.001128     -1.489630E-04      1.637450E-05  -5.301787E-05
1   1       0   -3    4   0.001128     -1.489630E-04      1.637450E-05  -5.301787E-05
1   1       0   -1   -6   0.010735     -3.718670E-04      3.877520E-05  -9.480078E-05
1   1       0    1    6   0.010735     -3.718670E-04      3.877520E-05  -9.480078E-05
1   1       0    3   -4   0.001128     -1.489630E-04      1.637450E-05  -5.301787E-05
1   1       0    4   -3   0.001128     -1.489630E-04      1.637450E-05  -5.301787E-05
1   1       1    0    6   0.010735     -3.718670E-04      3.877520E-05  -9.480078E-05
1   1       1    1   -5   0.010735     -3.718670E-04      3.877520E-05  -1.349804E-04
1   1       1    6    0   0.010735     -3.718670E-04      3.877520E-05  -9.480078E-05
1   1       3   -4    0   0.001128     -1.489630E-04      1.637450E-05  -5.301787E-05
1   1       3    0   -4   0.001128     -1.489630E-04      1.637450E-05  -5.301787E-05
1   1       3    3    7   0.001128     -1.489630E-04      1.637450E-05  -3.205931E-05
1   1       3    7    3   0.001128     -1.489630E-04      1.637450E-05  -3.205931E-05
1   1       4   -3    0   0.001128     -1.489630E-04      1.637450E-05  -5.301787E-05
1   1       4    0   -3   0.001128     -1.489630E-04      1.637450E-05  -5.301787E-05
1   1       4    4    7   0.001128     -1.489630E-04      1.637450E-05  -3.292401E-05
1   1       4    7    4   0.001128     -1.489630E-04      1.637450E-05  -3.292401E-05
1   1       6    5    6   0.010735     -3.718670E-04      3.877520E-05   0.000000E+00
1   1       6    6    3  -0.004643      4.947200E-04     -1.488370E-05   1.188873E-04
1   1       7    3    3   0.001128     -1.489630E-04      1.637450E-05  -3.205931E-05
1   1       7    4    4   0.001128     -1.489630E-04      1.637450E-05  -3.292401E-05
1   1      -6   -3   -6  -0.004643      4.947200E-04     -1.488370E-05   1.188873E-04
1   1      -5   -6   -6   0.010735     -3.718670E-04      3.877520E-05   0.000000E+00
1   1      -5    1    1   0.010735     -3.718670E-04      3.877520E-05  -1.349804E-04
1   1      -3   -6   -6  -0.004643      4.947200E-04     -1.488370E-05   1.188873E-04
1   1      -3   -6    0  -0.004643      4.947200E-04     -1.488370E-05   1.201351E-04
1   1      -3    0   -6  -0.004643      4.947200E-04     -1.488370E-05   1.201351E-04
1   1       0   -3   -6  -0.004643      4.947200E-04     -1.488370E-05   1.201351E-04
1   1       0    3    6  -0.004643      4.947200E-04     -1.488370E-05   1.201351E-04
1   1       3    0    6  -0.004643      4.947200E-04     -1.488370E-05   1.201351E-04
1   1       3    6    0  -0.004643      4.947200E-04     -1.488370E-05   1.201351E-04
1   1       3    6    6  -0.004643      4.947200E-04     -1.488370E-05   1.188873E-04
1   1       5   -1   -1   0.010735     -3.718670E-04      3.877520E-05  -1.349804E-04
1   1       5    6    6   0.010735     -3.718670E-04      3.877520E-05   0.000000E+00
1   1       6    3    6  -0.004643      4.947200E-04     -1.488370E-05   1.188873E-04
1   1      -7   -4   -3  -0.000018     -1.278440E-04     -5.329740E-06  -3.295679E-05
1   1      -7   -3   -4  -0.000018     -1.278440E-04     -5.329740E-06  -3.295679E-05
1   1      -4   -7   -3  -0.000018     -1.278440E-04     -5.329740E-06  -3.295679E-05
1   1      -4   -3   -7  -0.000018     -1.278440E-04     -5.329740E-06  -3.295679E-05
1   1      -4   -1    3  -0.000018     -1.278440E-04     -5.329740E-06  -4.454793E-05
1   1      -4    3   -1  -0.000018     -1.278440E-04     -5.329740E-06  -4.454793E-05
1   1      -3   -7   -4  -0.000018     -1.278440E-04     -5.329740E-06  -3.295679E-05
1   1      -3   -4   -7  -0.000018     -1.278440E-04     -5.329740E-06  -3.295679E-05
1   1      -3    1    4  -0.000018     -1.278440E-04     -5.329740E-06  -4.454793E-05
1   1      -3    4    1  -0.000018     -1.278440E-04     -5.329740E-06  -4.454793E-05
1   1      -1   -4    3  -0.000018     -1.278440E-04     -5.329740E-06  -4.454793E-05
1   1      -1    3   -4  -0.000018     -1.278440E-04     -5.329740E-06  -4.454793E-05
1   1       1   -3    4  -0.000018     -1.278440E-04     -5.329740E-06  -4.454793E-05
1   1       1    4   -3  -0.000018     -1.278440E-04     -5.329740E-06  -4.454793E-05
1   1       3   -4   -1  -0.000018     -1.278440E-04     -5.329740E-06  -4.454793E-05
1   1       3   -1   -4  -0.000018     -1.278440E-04     -5.329740E-06  -4.454793E-05
1   1       3    4    7  -0.000018     -1.278440E-04     -5.329740E-06  -3.295679E-05
1   1       3    7    4  -0.000018     -1.278440E-04     -5.329740E-06  -3.295679E-05
1   1       4   -3    1  -0.000018     -1.278440E-04     -5.329740E-06  -4.454793E-05
1   1       4    1   -3  -0.000018     -1.278440E-04     -5.329740E-06  -4.454793E-05
1   1       4    3    7  -0.000018     -1.278440E-04     -5.329740E-06  -3.295679E-05
1   1       4    7    3  -0.000018     -1.278440E-04     -5.329740E-06  -3.295679E-05
1   1       7    3    4  -0.000018     -1.278440E-04     -5.329740E-06  -3.295679E-05
1   1       7    4    3  -0.000018     -1.278440E-04     -5.329740E-06  -3.295679E-05
1   1      -5   -5    0  -0.003727      1.672770E-03      3.118880E-05   4.311893E-04
1   1      -5    0   -5  -0.003727      1.672770E-03      3.118880E-05   4.311893E-04
1   1       0   -5   -5  -0.003727      1.672770E-03      3.118880E-05   4.311893E-04
1   1       0    5    5  -0.003727      1.672770E-03      3.118880E-05   4.311893E-04
1   1       5    0    5  -0.003727      1.672770E-03      3.118880E-05   4.311893E-04
1   1       5    5    0  -0.003727      1.672770E-03      3.118880E-05   4.311893E-04
