i   j      dx   dy   dz        Jij               χ⁰↑               χ⁰↓            Xzz
1   1    -1.0 -1.0 -1.0   0.000000      2.715540E-03      2.715540E-03   1.441845E-03
1   1    -1.0  0.0  0.0   0.000000      2.715540E-03      2.715540E-03   1.442302E-03
1   1     0.0 -1.0  0.0   0.000000      2.715540E-03      2.715540E-03   1.442302E-03
1   1     0.0  0.0 -1.0   0.000000      2.715540E-03      2.715540E-03   1.442302E-03
1   1     0.0  0.0  1.0   0.000000      2.715540E-03      2.715540E-03   1.442302E-03
1   1     0.0  1.0  0.0   0.000000      2.715540E-03      2.715540E-03   1.442302E-03
1   1     1.0  0.0  0.0   0.000000      2.715540E-03      2.715540E-03   1.442302E-03
1   1     1.0  1.0  1.0   0.000000      2.715540E-03      2.715540E-03   1.441845E-03
1   1    -1.0 -1.0  0.0   0.000000      7.366890E-04      7.366890E-04   3.929160E-04
1   1    -1.0  0.0 -1.0   0.000000      7.366890E-04      7.366890E-04   3.929160E-04
1   1     0.0 -1.0 -1.0   0.000000      7.366890E-04      7.366890E-04   3.929160E-04
1   1     0.0  1.0  1.0   0.000000      7.366890E-04      7.366890E-04   3.929160E-04
1   1     1.0  0.0  1.0   0.000000      7.366890E-04      7.366890E-04   3.929160E-04
1   1     1.0  1.0  0.0   0.000000      7.366890E-04      7.366890E-04   3.929160E-04
1   1    -2.0 -1.0 -1.0   0.000000     -1.275030E-04     -1.275030E-04  -6.813598E-05
1   1    -1.0 -2.0 -1.0   0.000000     -1.275030E-04     -1.275030E-04  -6.813598E-05
1   1    -1.0 -1.0 -2.0   0.000000     -1.275030E-04     -1.275030E-04  -6.813598E-05
1   1    -1.0  0.0  1.0   0.000000     -1.275030E-04     -1.275030E-04  -6.814789E-05
1   1    -1.0  1.0  0.0   0.000000     -1.275030E-04     -1.275030E-04  -6.814789E-05
1   1     0.0 -1.0  1.0   0.000000     -1.275030E-04     -1.275030E-04  -6.814789E-05
1   1     0.0  1.0 -1.0   0.000000     -1.275030E-04     -1.275030E-04  -6.814789E-05
1   1     1.0 -1.0  0.0   0.000000     -1.275030E-04     -1.275030E-04  -6.814789E-05
1   1     1.0  0.0 -1.0   0.000000     -1.275030E-04     -1.275030E-04  -6.814789E-05
1   1     1.0  1.0  2.0   0.000000     -1.275030E-04     -1.275030E-04  -6.813598E-05
1   1     1.0  2.0  1.0   0.000000     -1.275030E-04     -1.275030E-04  -6.813598E-05
1   1     2.0  1.0  1.0   0.000000     -1.275030E-04     -1.275030E-04  -6.813598E-05
1   1    -2.0 -1.0 -2.0   0.000000      3.263510E-04      3.263510E-04   1.742409E-04
1   1    -2.0  0.0 -1.0   0.000000      3.263510E-04      3.263510E-04   1.742972E-04
1   1    -1.0  0.0 -2.0   0.000000      3.263510E-04      3.263510E-04   1.742972E-04
1   1    -1.0  1.0 -1.0   0.000000      3.263510E-04      3.263510E-04   1.743252E-04
1   1     1.0 -1.0  1.0   0.000000      3.263510E-04      3.263510E-04   1.743252E-04
1   1     1.0  0.0  2.0   0.000000      3.263510E-04      3.263510E-04   1.742972E-04
1   1     2.0  0.0  1.0   0.000000      3.263510E-04      3.263510E-04   1.742972E-04
1   1     2.0  1.0  2.0   0.000000      3.263510E-04      3.263510E-04   1.742409E-04
1   1    -2.0 -2.0 -1.0   0.000000      3.263510E-04      3.263510E-04   1.742409E-04
1   1    -2.0 -1.0  0.0   0.000000      3.263510E-04      3.263510E-04   1.742972E-04
1   1    -1.0 -2.0 -2.0   0.000000      3.263510E-04      3.263510E-04   1.742409E-04
1   1    -1.0 -2.0  0.0   0.000000      3.263510E-04      3.263510E-04   1.742972E-04
1   1    -1.0 -1.0  1.0   0.000000      3.263510E-04      3.263510E-04   1.743252E-04
1   1    -1.0  1.0  1.0   0.000000      3.263510E-04      3.263510E-04   1.743252E-04
1   1     0.0 -2.0 -1.0   0.000000      3.263510E-04      3.263510E-04   1.742972E-04
1   1     0.0 -1.0 -2.0   0.000000      3.263510E-04      3.263510E-04   1.742972E-04
1   1     0.0  1.0  2.0   0.000000      3.263510E-04      3.263510E-04   1.742972E-04
1   1     0.0  2.0  1.0   0.000000      3.263510E-04      3.263510E-04   1.742972E-04
1   1     1.0 -1.0 -1.0   0.000000      3.263510E-04      3.263510E-04   1.743252E-04
1   1     1.0  1.0 -1.0   0.000000      3.263510E-04      3.263510E-04   1.743252E-04
1   1     1.0  2.0  0.0   0.000000      3.263510E-04      3.263510E-04   1.742972E-04
1   1     1.0  2.0  2.0   0.000000      3.263510E-04      3.263510E-04   1.742409E-04
1   1     2.0  1.0  0.0   0.000000      3.263510E-04      3.263510E-04   1.742972E-04
1   1     2.0  2.0  1.0   0.000000      3.263510E-04      3.263510E-04   1.742409E-04
1   1    -2.0 -2.0 -2.0   0.000000      2.383890E-04      2.383890E-04   1.272613E-04
1   1    -2.0  0.0  0.0   0.000000      2.383890E-04      2.383890E-04   1.273568E-04
1   1     0.0 -2.0  0.0   0.000000      2.383890E-04      2.383890E-04   1.273568E-04
1   1     0.0  0.0 -2.0   0.000000      2.383890E-04      2.383890E-04   1.273568E-04
1   1     0.0  0.0  2.0   0.000000      2.383890E-04      2.383890E-04   1.273568E-04
1   1     0.0  2.0  0.0   0.000000      2.383890E-04      2.383890E-04   1.273568E-04
1   1     2.0  0.0  0.0   0.000000      2.383890E-04      2.383890E-04   1.273568E-04
1   1     2.0  2.0  2.0   0.000000      2.383890E-04      2.383890E-04   1.272613E-04
1   1    -2.0 -2.0  0.0   0.000000     -1.653390E-04     -1.653390E-04  -8.839938E-05
1   1    -2.0  0.0 -2.0   0.000000     -1.653390E-04     -1.653390E-04  -8.839938E-05
1   1     0.0 -2.0 -2.0   0.000000     -1.653390E-04     -1.653390E-04  -8.839938E-05
1   1     0.0  2.0  2.0   0.000000     -1.653390E-04     -1.653390E-04  -8.839938E-05
1   1     2.0  0.0  2.0   0.000000     -1.653390E-04     -1.653390E-04  -8.839938E-05
1   1     2.0  2.0  0.0   0.000000     -1.653390E-04     -1.653390E-04  -8.839938E-05
1   1    -3.0 -1.0 -1.0   0.000000     -6.841900E-05     -6.841900E-05  -3.659035E-05
1   1    -2.0 -2.0 -3.0   0.000000     -6.841900E-05     -6.841900E-05  -3.656732E-05
1   1    -2.0  1.0  0.0   0.000000     -6.841900E-05     -6.841900E-05  -3.658289E-05
1   1    -1.0 -1.0 -3.0   0.000000     -6.841900E-05     -6.841900E-05  -3.659035E-05
1   1    -1.0  2.0  0.0   0.000000     -6.841900E-05     -6.841900E-05  -3.658289E-05
1   1     0.0 -2.0  1.0   0.000000     -6.841900E-05     -6.841900E-05  -3.658289E-05
1   1     0.0 -1.0  2.0   0.000000     -6.841900E-05     -6.841900E-05  -3.658289E-05
1   1     0.0  1.0 -2.0   0.000000     -6.841900E-05     -6.841900E-05  -3.658289E-05
1   1     0.0  2.0 -1.0   0.000000     -6.841900E-05     -6.841900E-05  -3.658289E-05
1   1     1.0 -2.0  0.0   0.000000     -6.841900E-05     -6.841900E-05  -3.658289E-05
1   1     1.0  1.0  3.0   0.000000     -6.841900E-05     -6.841900E-05  -3.659035E-05
1   1     2.0 -1.0  0.0   0.000000     -6.841900E-05     -6.841900E-05  -3.658289E-05
1   1     2.0  2.0  3.0   0.000000     -6.841900E-05     -6.841900E-05  -3.656732E-05
1   1     3.0  1.0  1.0   0.000000     -6.841900E-05     -6.841900E-05  -3.659035E-05
1   1    -3.0 -2.0 -2.0   0.000000     -6.841900E-05     -6.841900E-05  -3.656732E-05
1   1    -2.0 -3.0 -2.0   0.000000     -6.841900E-05     -6.841900E-05  -3.656732E-05
1   1    -2.0  0.0  1.0   0.000000     -6.841900E-05     -6.841900E-05  -3.658289E-05
1   1    -1.0 -3.0 -1.0   0.000000     -6.841900E-05     -6.841900E-05  -3.659035E-05
1   1    -1.0  0.0  2.0   0.000000     -6.841900E-05     -6.841900E-05  -3.658289E-05
1   1     1.0  0.0 -2.0   0.000000     -6.841900E-05     -6.841900E-05  -3.658289E-05
1   1     1.0  3.0  1.0   0.000000     -6.841900E-05     -6.841900E-05  -3.659035E-05
1   1     2.0  0.0 -1.0   0.000000     -6.841900E-05     -6.841900E-05  -3.658289E-05
1   1     2.0  3.0  2.0   0.000000     -6.841900E-05     -6.841900E-05  -3.656732E-05
1   1     3.0  2.0  2.0   0.000000     -6.841900E-05     -6.841900E-05  -3.656732E-05
1   1    -3.0 -1.0 -2.0   0.000000     -5.313050E-06     -5.313050E-06  -2.840155E-06
1   1    -2.0 -1.0 -3.0   0.000000     -5.313050E-06     -5.313050E-06  -2.840155E-06
1   1    -2.0 -1.0  1.0   0.000000     -5.313050E-06     -5.313050E-06  -2.840544E-06
1   1    -2.0  1.0 -1.0   0.000000     -5.313050E-06     -5.313050E-06  -2.840544E-06
1   1    -1.0 -3.0 -2.0   0.000000     -5.313050E-06     -5.313050E-06  -2.840155E-06
1   1    -1.0 -2.0 -3.0   0.000000     -5.313050E-06     -5.313050E-06  -2.840155E-06
1   1    -1.0 -2.0  1.0   0.000000     -5.313050E-06     -5.313050E-06  -2.840544E-06
1   1    -1.0  1.0 -2.0   0.000000     -5.313050E-06     -5.313050E-06  -2.840544E-06
1   1    -1.0  1.0  2.0   0.000000     -5.313050E-06     -5.313050E-06  -2.840544E-06
1   1    -1.0  2.0  1.0   0.000000     -5.313050E-06     -5.313050E-06  -2.840544E-06
1   1     1.0 -2.0 -1.0   0.000000     -5.313050E-06     -5.313050E-06  -2.840544E-06
1   1     1.0 -1.0 -2.0   0.000000     -5.313050E-06     -5.313050E-06  -2.840544E-06
1   1     1.0 -1.0  2.0   0.000000     -5.313050E-06     -5.313050E-06  -2.840544E-06
1   1     1.0  2.0 -1.0   0.000000     -5.313050E-06     -5.313050E-06  -2.840544E-06
1   1     1.0  2.0  3.0   0.000000     -5.313050E-06     -5.313050E-06  -2.840155E-06
1   1     1.0  3.0  2.0   0.000000     -5.313050E-06     -5.313050E-06  -2.840155E-06
1   1     2.0 -1.0  1.0   0.000000     -5.313050E-06     -5.313050E-06  -2.840544E-06
1   1     2.0  1.0 -1.0   0.000000     -5.313050E-06     -5.313050E-06  -2.840544E-06
1   1     2.0  1.0  3.0   0.000000     -5.313050E-06     -5.313050E-06  -2.840155E-06
1   1     3.0  1.0  2.0   0.000000     -5.313050E-06     -5.313050E-06  -2.840155E-06
1   1    -3.0 -2.0 -1.0   0.000000     -5.313050E-06     -5.313050E-06  -2.840155E-06
1   1    -2.0 -3.0 -1.0   0.000000     -5.313050E-06     -5.313050E-06  -2.840155E-06
1   1     2.0  3.0  1.0   0.000000     -5.313050E-06     -5.313050E-06  -2.840155E-06
1   1     3.0  2.0  1.0   0.000000     -5.313050E-06     -5.313050E-06  -2.840155E-06
1   1    -3.0 -3.0 -2.0   0.000000      9.402380E-05      9.402380E-05   5.026308E-05
1   1    -3.0 -2.0 -3.0   0.000000      9.402380E-05      9.402380E-05   5.026308E-05
1   1    -3.0 -1.0  0.0   0.000000      9.402380E-05      9.402380E-05   5.029037E-05
1   1    -3.0  0.0 -1.0   0.000000      9.402380E-05      9.402380E-05   5.029037E-05
1   1    -2.0 -3.0 -3.0   0.000000      9.402380E-05      9.402380E-05   5.026308E-05
1   1    -2.0  1.0  1.0   0.000000      9.402380E-05      9.402380E-05   5.027919E-05
1   1    -1.0 -3.0  0.0   0.000000      9.402380E-05      9.402380E-05   5.029037E-05
1   1    -1.0 -1.0  2.0   0.000000      9.402380E-05      9.402380E-05   5.027919E-05
1   1    -1.0  0.0 -3.0   0.000000      9.402380E-05      9.402380E-05   5.029037E-05
1   1    -1.0  2.0 -1.0   0.000000      9.402380E-05      9.402380E-05   5.027919E-05
1   1     0.0 -3.0 -1.0   0.000000      9.402380E-05      9.402380E-05   5.029037E-05
1   1     0.0 -1.0 -3.0   0.000000      9.402380E-05      9.402380E-05   5.029037E-05
1   1     0.0  1.0  3.0   0.000000      9.402380E-05      9.402380E-05   5.029037E-05
1   1     0.0  3.0  1.0   0.000000      9.402380E-05      9.402380E-05   5.029037E-05
1   1     1.0 -2.0  1.0   0.000000      9.402380E-05      9.402380E-05   5.027919E-05
1   1     1.0  0.0  3.0   0.000000      9.402380E-05      9.402380E-05   5.029037E-05
1   1     1.0  1.0 -2.0   0.000000      9.402380E-05      9.402380E-05   5.027919E-05
1   1     1.0  3.0  0.0   0.000000      9.402380E-05      9.402380E-05   5.029037E-05
1   1     2.0 -1.0 -1.0   0.000000      9.402380E-05      9.402380E-05   5.027919E-05
1   1     2.0  3.0  3.0   0.000000      9.402380E-05      9.402380E-05   5.026308E-05
1   1     3.0  0.0  1.0   0.000000      9.402380E-05      9.402380E-05   5.029037E-05
1   1     3.0  1.0  0.0   0.000000      9.402380E-05      9.402380E-05   5.029037E-05
1   1     3.0  2.0  3.0   0.000000      9.402380E-05      9.402380E-05   5.026308E-05
1   1     3.0  3.0  2.0   0.000000      9.402380E-05      9.402380E-05   5.026308E-05
1   1    -3.0 -3.0 -3.0   0.000000      2.907450E-05      2.907450E-05   1.555478E-05
1   1    -3.0  0.0  0.0   0.000000      2.907450E-05      2.907450E-05   1.555712E-05
1   1     0.0 -3.0  0.0   0.000000      2.907450E-05      2.907450E-05   1.555712E-05
1   1     0.0  0.0 -3.0   0.000000      2.907450E-05      2.907450E-05   1.555712E-05
1   1     0.0  0.0  3.0   0.000000      2.907450E-05      2.907450E-05   1.555712E-05
1   1     0.0  3.0  0.0   0.000000      2.907450E-05      2.907450E-05   1.555712E-05
1   1     3.0  0.0  0.0   0.000000      2.907450E-05      2.907450E-05   1.555712E-05
1   1     3.0  3.0  3.0   0.000000      2.907450E-05      2.907450E-05   1.555478E-05
1   1    -3.0 -3.0 -1.0   0.000000      2.340200E-05      2.340200E-05   1.251489E-05
1   1    -3.0 -2.0  0.0   0.000000      2.340200E-05      2.340200E-05   1.251667E-05
1   1    -3.0 -1.0 -3.0   0.000000      2.340200E-05      2.340200E-05   1.251489E-05
1   1    -3.0  0.0 -2.0   0.000000      2.340200E-05      2.340200E-05   1.251667E-05
1   1    -2.0 -3.0  0.0   0.000000      2.340200E-05      2.340200E-05   1.251667E-05
1   1    -2.0 -2.0  1.0   0.000000      2.340200E-05      2.340200E-05   1.251560E-05
1   1    -2.0  0.0 -3.0   0.000000      2.340200E-05      2.340200E-05   1.251667E-05
1   1    -2.0  1.0 -2.0   0.000000      2.340200E-05      2.340200E-05   1.251560E-05
1   1    -1.0 -3.0 -3.0   0.000000      2.340200E-05      2.340200E-05   1.251489E-05
1   1    -1.0  2.0  2.0   0.000000      2.340200E-05      2.340200E-05   1.251560E-05
1   1     0.0 -3.0 -2.0   0.000000      2.340200E-05      2.340200E-05   1.251667E-05
1   1     0.0 -2.0 -3.0   0.000000      2.340200E-05      2.340200E-05   1.251667E-05
1   1     0.0  2.0  3.0   0.000000      2.340200E-05      2.340200E-05   1.251667E-05
1   1     0.0  3.0  2.0   0.000000      2.340200E-05      2.340200E-05   1.251667E-05
1   1     1.0 -2.0 -2.0   0.000000      2.340200E-05      2.340200E-05   1.251560E-05
1   1     1.0  3.0  3.0   0.000000      2.340200E-05      2.340200E-05   1.251489E-05
1   1     2.0 -1.0  2.0   0.000000      2.340200E-05      2.340200E-05   1.251560E-05
1   1     2.0  0.0  3.0   0.000000      2.340200E-05      2.340200E-05   1.251667E-05
1   1     2.0  2.0 -1.0   0.000000      2.340200E-05      2.340200E-05   1.251560E-05
1   1     2.0  3.0  0.0   0.000000      2.340200E-05      2.340200E-05   1.251667E-05
1   1     3.0  0.0  2.0   0.000000      2.340200E-05      2.340200E-05   1.251667E-05
1   1     3.0  1.0  3.0   0.000000      2.340200E-05      2.340200E-05   1.251489E-05
1   1     3.0  2.0  0.0   0.000000      2.340200E-05      2.340200E-05   1.251667E-05
1   1     3.0  3.0  1.0   0.000000      2.340200E-05      2.340200E-05   1.251489E-05
1   1    -4.0 -2.0 -2.0   0.000000     -6.193430E-05     -6.193430E-05  -3.309143E-05
1   1    -2.0 -4.0 -2.0   0.000000     -6.193430E-05     -6.193430E-05  -3.309143E-05
1   1    -2.0 -2.0 -4.0   0.000000     -6.193430E-05     -6.193430E-05  -3.309143E-05
1   1    -2.0  0.0  2.0   0.000000     -6.193430E-05     -6.193430E-05  -3.310068E-05
1   1    -2.0  2.0  0.0   0.000000     -6.193430E-05     -6.193430E-05  -3.310068E-05
1   1     0.0 -2.0  2.0   0.000000     -6.193430E-05     -6.193430E-05  -3.310068E-05
1   1     0.0  2.0 -2.0   0.000000     -6.193430E-05     -6.193430E-05  -3.310068E-05
1   1     2.0 -2.0  0.0   0.000000     -6.193430E-05     -6.193430E-05  -3.310068E-05
1   1     2.0  0.0 -2.0   0.000000     -6.193430E-05     -6.193430E-05  -3.310068E-05
1   1     2.0  2.0  4.0   0.000000     -6.193430E-05     -6.193430E-05  -3.309143E-05
1   1     2.0  4.0  2.0   0.000000     -6.193430E-05     -6.193430E-05  -3.309143E-05
1   1     4.0  2.0  2.0   0.000000     -6.193430E-05     -6.193430E-05  -3.309143E-05
1   1    -4.0 -3.0 -2.0   0.000000     -3.355710E-05     -3.355710E-05  -1.794312E-05
1   1    -3.0 -4.0 -2.0   0.000000     -3.355710E-05     -3.355710E-05  -1.794312E-05
1   1     3.0  4.0  2.0   0.000000     -3.355710E-05     -3.355710E-05  -1.794312E-05
1   1     4.0  3.0  2.0   0.000000     -3.355710E-05     -3.355710E-05  -1.794312E-05
1   1    -4.0 -2.0 -3.0   0.000000     -3.355710E-05     -3.355710E-05  -1.794312E-05
1   1    -4.0 -2.0 -1.0   0.000000     -3.355710E-05     -3.355710E-05  -1.794740E-05
1   1    -2.0 -4.0 -3.0   0.000000     -3.355710E-05     -3.355710E-05  -1.794312E-05
1   1    -2.0  1.0  2.0   0.000000     -3.355710E-05     -3.355710E-05  -1.794719E-05
1   1    -1.0 -3.0  1.0   0.000000     -3.355710E-05     -3.355710E-05  -1.794610E-05
1   1    -1.0 -2.0  2.0   0.000000     -3.355710E-05     -3.355710E-05  -1.794719E-05
1   1    -1.0  1.0 -3.0   0.000000     -3.355710E-05     -3.355710E-05  -1.794610E-05
1   1    -1.0  1.0  3.0   0.000000     -3.355710E-05     -3.355710E-05  -1.794610E-05
1   1    -1.0  2.0 -2.0   0.000000     -3.355710E-05     -3.355710E-05  -1.794719E-05
1   1     1.0 -2.0  2.0   0.000000     -3.355710E-05     -3.355710E-05  -1.794719E-05
1   1     1.0 -1.0 -3.0   0.000000     -3.355710E-05     -3.355710E-05  -1.794610E-05
1   1     1.0 -1.0  3.0   0.000000     -3.355710E-05     -3.355710E-05  -1.794610E-05
1   1     1.0  2.0 -2.0   0.000000     -3.355710E-05     -3.355710E-05  -1.794719E-05
1   1     1.0  3.0 -1.0   0.000000     -3.355710E-05     -3.355710E-05  -1.794610E-05
1   1     2.0 -1.0 -2.0   0.000000     -3.355710E-05     -3.355710E-05  -1.794719E-05
1   1     2.0  4.0  3.0   0.000000     -3.355710E-05     -3.355710E-05  -1.794312E-05
1   1     4.0  2.0  1.0   0.000000     -3.355710E-05     -3.355710E-05  -1.794740E-05
1   1     4.0  2.0  3.0   0.000000     -3.355710E-05     -3.355710E-05  -1.794312E-05
1   1    -4.0 -1.0 -2.0   0.000000     -3.355710E-05     -3.355710E-05  -1.794740E-05
1   1    -3.0 -2.0 -4.0   0.000000     -3.355710E-05     -3.355710E-05  -1.794312E-05
1   1    -3.0 -1.0  1.0   0.000000     -3.355710E-05     -3.355710E-05  -1.794610E-05
1   1    -3.0  1.0 -1.0   0.000000     -3.355710E-05     -3.355710E-05  -1.794610E-05
1   1    -2.0 -4.0 -1.0   0.000000     -3.355710E-05     -3.355710E-05  -1.794740E-05
1   1    -2.0 -3.0 -4.0   0.000000     -3.355710E-05     -3.355710E-05  -1.794312E-05
1   1    -2.0 -1.0 -4.0   0.000000     -3.355710E-05     -3.355710E-05  -1.794740E-05
1   1    -2.0 -1.0  2.0   0.000000     -3.355710E-05     -3.355710E-05  -1.794719E-05
1   1    -2.0  2.0 -1.0   0.000000     -3.355710E-05     -3.355710E-05  -1.794719E-05
1   1    -2.0  2.0  1.0   0.000000     -3.355710E-05     -3.355710E-05  -1.794719E-05
1   1    -1.0 -4.0 -2.0   0.000000     -3.355710E-05     -3.355710E-05  -1.794740E-05
1   1    -1.0 -2.0 -4.0   0.000000     -3.355710E-05     -3.355710E-05  -1.794740E-05
1   1    -1.0  3.0  1.0   0.000000     -3.355710E-05     -3.355710E-05  -1.794610E-05
1   1     1.0 -3.0 -1.0   0.000000     -3.355710E-05     -3.355710E-05  -1.794610E-05
1   1     1.0  2.0  4.0   0.000000     -3.355710E-05     -3.355710E-05  -1.794740E-05
1   1     1.0  4.0  2.0   0.000000     -3.355710E-05     -3.355710E-05  -1.794740E-05
1   1     2.0 -2.0 -1.0   0.000000     -3.355710E-05     -3.355710E-05  -1.794719E-05
1   1     2.0 -2.0  1.0   0.000000     -3.355710E-05     -3.355710E-05  -1.794719E-05
1   1     2.0  1.0 -2.0   0.000000     -3.355710E-05     -3.355710E-05  -1.794719E-05
1   1     2.0  1.0  4.0   0.000000     -3.355710E-05     -3.355710E-05  -1.794740E-05
1   1     2.0  3.0  4.0   0.000000     -3.355710E-05     -3.355710E-05  -1.794312E-05
1   1     2.0  4.0  1.0   0.000000     -3.355710E-05     -3.355710E-05  -1.794740E-05
1   1     3.0 -1.0  1.0   0.000000     -3.355710E-05     -3.355710E-05  -1.794610E-05
1   1     3.0  1.0 -1.0   0.000000     -3.355710E-05     -3.355710E-05  -1.794610E-05
1   1     3.0  2.0  4.0   0.000000     -3.355710E-05     -3.355710E-05  -1.794312E-05
1   1     4.0  1.0  2.0   0.000000     -3.355710E-05     -3.355710E-05  -1.794740E-05
1   1    -4.0 -3.0 -3.0   0.000000     -1.669610E-05     -1.669610E-05  -8.926335E-06
1   1    -4.0 -1.0 -1.0   0.000000     -1.669610E-05     -1.669610E-05  -8.927590E-06
1   1    -3.0 -4.0 -3.0   0.000000     -1.669610E-05     -1.669610E-05  -8.926335E-06
1   1    -3.0 -3.0 -4.0   0.000000     -1.669610E-05     -1.669610E-05  -8.926335E-06
1   1    -3.0 -3.0  0.0   0.000000     -1.284550E-05     -1.284550E-05  -6.866510E-06
1   1    -3.0  0.0 -3.0   0.000000     -1.284550E-05     -1.284550E-05  -6.866510E-06
1   1    -3.0  0.0  1.0   0.000000     -1.669610E-05     -1.669610E-05  -8.929900E-06
1   1    -3.0  1.0  0.0   0.000000     -1.669610E-05     -1.669610E-05  -8.929900E-06
1   1    -1.0 -4.0 -1.0   0.000000     -1.669610E-05     -1.669610E-05  -8.927590E-06
1   1    -1.0 -1.0 -4.0   0.000000     -1.669610E-05     -1.669610E-05  -8.927590E-06
1   1    -1.0  0.0  3.0   0.000000     -1.669610E-05     -1.669610E-05  -8.929900E-06
1   1    -1.0  3.0  0.0   0.000000     -1.669610E-05     -1.669610E-05  -8.929900E-06
1   1     0.0 -3.0 -3.0   0.000000     -1.284550E-05     -1.284550E-05  -6.866510E-06
1   1     0.0 -3.0  1.0   0.000000     -1.669610E-05     -1.669610E-05  -8.929900E-06
1   1     0.0 -1.0  3.0   0.000000     -1.669610E-05     -1.669610E-05  -8.929900E-06
1   1     0.0  1.0 -3.0   0.000000     -1.669610E-05     -1.669610E-05  -8.929900E-06
1   1     0.0  3.0 -1.0   0.000000     -1.669610E-05     -1.669610E-05  -8.929900E-06
1   1     0.0  3.0  3.0   0.000000     -1.284550E-05     -1.284550E-05  -6.866510E-06
1   1     1.0 -3.0  0.0   0.000000     -1.669610E-05     -1.669610E-05  -8.929900E-06
1   1     1.0  0.0 -3.0   0.000000     -1.669610E-05     -1.669610E-05  -8.929900E-06
1   1     1.0  1.0  4.0   0.000000     -1.669610E-05     -1.669610E-05  -8.927590E-06
1   1     1.0  4.0  1.0   0.000000     -1.669610E-05     -1.669610E-05  -8.927590E-06
1   1     3.0 -1.0  0.0   0.000000     -1.669610E-05     -1.669610E-05  -8.929900E-06
1   1     3.0  0.0 -1.0   0.000000     -1.669610E-05     -1.669610E-05  -8.929900E-06
1   1     3.0  0.0  3.0   0.000000     -1.284550E-05     -1.284550E-05  -6.866510E-06
1   1     3.0  3.0  0.0   0.000000     -1.284550E-05     -1.284550E-05  -6.866510E-06
1   1     3.0  3.0  4.0   0.000000     -1.669610E-05     -1.669610E-05  -8.926335E-06
1   1     3.0  4.0  3.0   0.000000     -1.669610E-05     -1.669610E-05  -8.926335E-06
1   1     4.0  1.0  1.0   0.000000     -1.669610E-05     -1.669610E-05  -8.927590E-06
1   1     4.0  3.0  3.0   0.000000     -1.669610E-05     -1.669610E-05  -8.926335E-06
1   1    -4.0 -3.0 -1.0   0.000000      3.414350E-05      3.414350E-05   1.826557E-05
1   1    -3.0 -4.0 -1.0   0.000000      3.414350E-05      3.414350E-05   1.826557E-05
1   1     3.0  4.0  1.0   0.000000      3.414350E-05      3.414350E-05   1.826557E-05
1   1     4.0  3.0  1.0   0.000000      3.414350E-05      3.414350E-05   1.826557E-05
1   1    -3.0 -1.0 -4.0   0.000000      3.414350E-05      3.414350E-05   1.826557E-05
1   1    -3.0  1.0 -2.0   0.000000      3.414350E-05      3.414350E-05   1.826146E-05
1   1    -2.0  1.0 -3.0   0.000000      3.414350E-05      3.414350E-05   1.826146E-05
1   1    -1.0  2.0  3.0   0.000000      3.414350E-05      3.414350E-05   1.826146E-05
1   1     1.0 -2.0 -3.0   0.000000      3.414350E-05      3.414350E-05   1.826146E-05
1   1     2.0 -1.0  3.0   0.000000      3.414350E-05      3.414350E-05   1.826146E-05
1   1     3.0 -1.0  2.0   0.000000      3.414350E-05      3.414350E-05   1.826146E-05
1   1     3.0  1.0  4.0   0.000000      3.414350E-05      3.414350E-05   1.826557E-05
1   1    -4.0 -1.0 -3.0   0.000000      3.414350E-05      3.414350E-05   1.826557E-05
1   1    -3.0 -2.0  1.0   0.000000      3.414350E-05      3.414350E-05   1.826146E-05
1   1    -2.0 -3.0  1.0   0.000000      3.414350E-05      3.414350E-05   1.826146E-05
1   1    -1.0 -4.0 -3.0   0.000000      3.414350E-05      3.414350E-05   1.826557E-05
1   1    -1.0 -3.0 -4.0   0.000000      3.414350E-05      3.414350E-05   1.826557E-05
1   1    -1.0  3.0  2.0   0.000000      3.414350E-05      3.414350E-05   1.826146E-05
1   1     1.0 -3.0 -2.0   0.000000      3.414350E-05      3.414350E-05   1.826146E-05
1   1     1.0  3.0  4.0   0.000000      3.414350E-05      3.414350E-05   1.826557E-05
1   1     1.0  4.0  3.0   0.000000      3.414350E-05      3.414350E-05   1.826557E-05
1   1     2.0  3.0 -1.0   0.000000      3.414350E-05      3.414350E-05   1.826146E-05
1   1     3.0  2.0 -1.0   0.000000      3.414350E-05      3.414350E-05   1.826146E-05
1   1     4.0  1.0  3.0   0.000000      3.414350E-05      3.414350E-05   1.826557E-05
1   1    -4.0 -4.0 -3.0   0.000000      3.440240E-05      3.440240E-05   1.840110E-05
1   1    -4.0 -3.0 -4.0   0.000000      3.440240E-05      3.440240E-05   1.840110E-05
1   1    -4.0 -1.0  0.0   0.000000      3.440240E-05      3.440240E-05   1.840079E-05
1   1    -4.0  0.0 -1.0   0.000000      3.440240E-05      3.440240E-05   1.840079E-05
1   1    -3.0 -4.0 -4.0   0.000000      3.440240E-05      3.440240E-05   1.840110E-05
1   1    -3.0  1.0  1.0   0.000000      3.440240E-05      3.440240E-05   1.839820E-05
1   1    -1.0 -4.0  0.0   0.000000      3.440240E-05      3.440240E-05   1.840079E-05
1   1    -1.0 -1.0  3.0   0.000000      3.440240E-05      3.440240E-05   1.839820E-05
1   1    -1.0  0.0 -4.0   0.000000      3.440240E-05      3.440240E-05   1.840079E-05
1   1    -1.0  3.0 -1.0   0.000000      3.440240E-05      3.440240E-05   1.839820E-05
1   1     0.0 -4.0 -1.0   0.000000      3.440240E-05      3.440240E-05   1.840079E-05
1   1     0.0 -1.0 -4.0   0.000000      3.440240E-05      3.440240E-05   1.840079E-05
1   1     0.0  1.0  4.0   0.000000      3.440240E-05      3.440240E-05   1.840079E-05
1   1     0.0  4.0  1.0   0.000000      3.440240E-05      3.440240E-05   1.840079E-05
1   1     1.0 -3.0  1.0   0.000000      3.440240E-05      3.440240E-05   1.839820E-05
1   1     1.0  0.0  4.0   0.000000      3.440240E-05      3.440240E-05   1.840079E-05
1   1     1.0  1.0 -3.0   0.000000      3.440240E-05      3.440240E-05   1.839820E-05
1   1     1.0  4.0  0.0   0.000000      3.440240E-05      3.440240E-05   1.840079E-05
1   1     3.0 -1.0 -1.0   0.000000      3.440240E-05      3.440240E-05   1.839820E-05
1   1     3.0  4.0  4.0   0.000000      3.440240E-05      3.440240E-05   1.840110E-05
1   1     4.0  0.0  1.0   0.000000      3.440240E-05      3.440240E-05   1.840079E-05
1   1     4.0  1.0  0.0   0.000000      3.440240E-05      3.440240E-05   1.840079E-05
1   1     4.0  3.0  4.0   0.000000      3.440240E-05      3.440240E-05   1.840110E-05
1   1     4.0  4.0  3.0   0.000000      3.440240E-05      3.440240E-05   1.840110E-05
1   1    -4.0 -2.0 -4.0   0.000000      3.053680E-05      3.053680E-05   1.634819E-05
1   1    -4.0  0.0 -2.0   0.000000      3.053680E-05      3.053680E-05   1.634376E-05
1   1    -2.0  0.0 -4.0   0.000000      3.053680E-05      3.053680E-05   1.634376E-05
1   1    -2.0  2.0 -2.0   0.000000      3.053680E-05      3.053680E-05   1.634323E-05
1   1     2.0 -2.0  2.0   0.000000      3.053680E-05      3.053680E-05   1.634323E-05
1   1     2.0  0.0  4.0   0.000000      3.053680E-05      3.053680E-05   1.634376E-05
1   1     4.0  0.0  2.0   0.000000      3.053680E-05      3.053680E-05   1.634376E-05
1   1     4.0  2.0  4.0   0.000000      3.053680E-05      3.053680E-05   1.634819E-05
1   1    -4.0 -4.0 -2.0   0.000000      3.053680E-05      3.053680E-05   1.634819E-05
1   1    -4.0 -2.0  0.0   0.000000      3.053680E-05      3.053680E-05   1.634376E-05
1   1    -2.0 -4.0 -4.0   0.000000      3.053680E-05      3.053680E-05   1.634819E-05
1   1    -2.0 -4.0  0.0   0.000000      3.053680E-05      3.053680E-05   1.634376E-05
1   1    -2.0 -2.0  2.0   0.000000      3.053680E-05      3.053680E-05   1.634323E-05
1   1    -2.0  2.0  2.0   0.000000      3.053680E-05      3.053680E-05   1.634323E-05
1   1     0.0 -4.0 -2.0   0.000000      3.053680E-05      3.053680E-05   1.634376E-05
1   1     0.0 -2.0 -4.0   0.000000      3.053680E-05      3.053680E-05   1.634376E-05
1   1     0.0  2.0  4.0   0.000000      3.053680E-05      3.053680E-05   1.634376E-05
1   1     0.0  4.0  2.0   0.000000      3.053680E-05      3.053680E-05   1.634376E-05
1   1     2.0 -2.0 -2.0   0.000000      3.053680E-05      3.053680E-05   1.634323E-05
1   1     2.0  2.0 -2.0   0.000000      3.053680E-05      3.053680E-05   1.634323E-05
1   1     2.0  4.0  0.0   0.000000      3.053680E-05      3.053680E-05   1.634376E-05
1   1     2.0  4.0  4.0   0.000000      3.053680E-05      3.053680E-05   1.634819E-05
1   1     4.0  2.0  0.0   0.000000      3.053680E-05      3.053680E-05   1.634376E-05
1   1     4.0  4.0  2.0   0.000000      3.053680E-05      3.053680E-05   1.634819E-05
1   1    -4.0 -4.0 -4.0   0.000000     -4.378980E-06     -4.378980E-06  -2.340182E-06
1   1    -4.0  0.0  0.0   0.000000     -4.378980E-06     -4.378980E-06  -2.339744E-06
1   1     0.0 -4.0  0.0   0.000000     -4.378980E-06     -4.378980E-06  -2.339744E-06
1   1     0.0  0.0 -4.0   0.000000     -4.378980E-06     -4.378980E-06  -2.339744E-06
1   1     0.0  0.0  4.0   0.000000     -4.378980E-06     -4.378980E-06  -2.339744E-06
1   1     0.0  4.0  0.0   0.000000     -4.378980E-06     -4.378980E-06  -2.339744E-06
1   1     4.0  0.0  0.0   0.000000     -4.378980E-06     -4.378980E-06  -2.339744E-06
1   1     4.0  4.0  4.0   0.000000     -4.378980E-06     -4.378980E-06  -2.340182E-06
1   1    -4.0 -4.0 -1.0   0.000000     -2.436490E-05     -2.436490E-05  -1.301159E-05
1   1    -4.0 -3.0  0.0   0.000000     -2.436490E-05     -2.436490E-05  -1.301098E-05
1   1    -4.0 -1.0 -4.0   0.000000     -2.436490E-05     -2.436490E-05  -1.301159E-05
1   1    -4.0  0.0 -3.0   0.000000     -2.436490E-05     -2.436490E-05  -1.301098E-05
1   1    -3.0 -4.0  0.0   0.000000     -2.436490E-05     -2.436490E-05  -1.301098E-05
1   1    -3.0 -3.0  1.0   0.000000     -2.436490E-05     -2.436490E-05  -1.301421E-05
1   1    -3.0  0.0 -4.0   0.000000     -2.436490E-05     -2.436490E-05  -1.301098E-05
1   1    -3.0  1.0 -3.0   0.000000     -2.436490E-05     -2.436490E-05  -1.301421E-05
1   1    -2.0 -5.0 -2.0   0.000000     -2.175230E-05     -2.175230E-05  -1.162462E-05
1   1    -1.0 -4.0 -4.0   0.000000     -2.436490E-05     -2.436490E-05  -1.301159E-05
1   1    -1.0  3.0  3.0   0.000000     -2.436490E-05     -2.436490E-05  -1.301421E-05
1   1     0.0 -4.0 -3.0   0.000000     -2.436490E-05     -2.436490E-05  -1.301098E-05
1   1     0.0 -3.0 -4.0   0.000000     -2.436490E-05     -2.436490E-05  -1.301098E-05
1   1     0.0  3.0  4.0   0.000000     -2.436490E-05     -2.436490E-05  -1.301098E-05
1   1     0.0  4.0  3.0   0.000000     -2.436490E-05     -2.436490E-05  -1.301098E-05
1   1     1.0 -3.0 -3.0   0.000000     -2.436490E-05     -2.436490E-05  -1.301421E-05
1   1     1.0  4.0  4.0   0.000000     -2.436490E-05     -2.436490E-05  -1.301159E-05
1   1     2.0  5.0  2.0   0.000000     -2.175230E-05     -2.175230E-05  -1.162462E-05
1   1     3.0 -1.0  3.0   0.000000     -2.436490E-05     -2.436490E-05  -1.301421E-05
1   1     3.0  0.0  4.0   0.000000     -2.436490E-05     -2.436490E-05  -1.301098E-05
1   1     3.0  3.0 -1.0   0.000000     -2.436490E-05     -2.436490E-05  -1.301421E-05
1   1     3.0  4.0  0.0   0.000000     -2.436490E-05     -2.436490E-05  -1.301098E-05
1   1     4.0  0.0  3.0   0.000000     -2.436490E-05     -2.436490E-05  -1.301098E-05
1   1     4.0  1.0  4.0   0.000000     -2.436490E-05     -2.436490E-05  -1.301159E-05
1   1     4.0  3.0  0.0   0.000000     -2.436490E-05     -2.436490E-05  -1.301098E-05
1   1     4.0  4.0  1.0   0.000000     -2.436490E-05     -2.436490E-05  -1.301159E-05
1   1    -5.0 -3.0 -3.0   0.000000     -2.175230E-05     -2.175230E-05  -1.162602E-05
1   1    -5.0 -2.0 -2.0   0.000000     -2.175230E-05     -2.175230E-05  -1.162462E-05
1   1    -3.0 -5.0 -3.0   0.000000     -2.175230E-05     -2.175230E-05  -1.162602E-05
1   1    -3.0 -3.0 -5.0   0.000000     -2.175230E-05     -2.175230E-05  -1.162602E-05
1   1    -3.0  0.0  2.0   0.000000     -2.175230E-05     -2.175230E-05  -1.162481E-05
1   1    -3.0  2.0  0.0   0.000000     -2.175230E-05     -2.175230E-05  -1.162481E-05
1   1    -2.0 -2.0 -5.0   0.000000     -2.175230E-05     -2.175230E-05  -1.162462E-05
1   1    -2.0  0.0  3.0   0.000000     -2.175230E-05     -2.175230E-05  -1.162481E-05
1   1    -2.0  3.0  0.0   0.000000     -2.175230E-05     -2.175230E-05  -1.162481E-05
1   1     0.0 -3.0  2.0   0.000000     -2.175230E-05     -2.175230E-05  -1.162481E-05
1   1     0.0 -2.0  3.0   0.000000     -2.175230E-05     -2.175230E-05  -1.162481E-05
1   1     0.0  2.0 -3.0   0.000000     -2.175230E-05     -2.175230E-05  -1.162481E-05
1   1     0.0  3.0 -2.0   0.000000     -2.175230E-05     -2.175230E-05  -1.162481E-05
1   1     2.0 -3.0  0.0   0.000000     -2.175230E-05     -2.175230E-05  -1.162481E-05
1   1     2.0  0.0 -3.0   0.000000     -2.175230E-05     -2.175230E-05  -1.162481E-05
1   1     2.0  2.0  5.0   0.000000     -2.175230E-05     -2.175230E-05  -1.162462E-05
1   1     3.0 -2.0  0.0   0.000000     -2.175230E-05     -2.175230E-05  -1.162481E-05
1   1     3.0  0.0 -2.0   0.000000     -2.175230E-05     -2.175230E-05  -1.162481E-05
1   1     3.0  3.0  5.0   0.000000     -2.175230E-05     -2.175230E-05  -1.162602E-05
1   1     3.0  5.0  3.0   0.000000     -2.175230E-05     -2.175230E-05  -1.162602E-05
1   1     5.0  2.0  2.0   0.000000     -2.175230E-05     -2.175230E-05  -1.162462E-05
1   1     5.0  3.0  3.0   0.000000     -2.175230E-05     -2.175230E-05  -1.162602E-05
1   1    -2.0 -5.0 -3.0   0.000000     -2.709890E-05     -2.709890E-05  -1.446709E-05
1   1     2.0  5.0  3.0   0.000000     -2.709890E-05     -2.709890E-05  -1.446709E-05
1   1    -5.0 -3.0 -2.0   0.000000     -2.709890E-05     -2.709890E-05  -1.446709E-05
1   1    -3.0 -5.0 -2.0   0.000000     -2.709890E-05     -2.709890E-05  -1.446709E-05
1   1    -3.0 -2.0 -5.0   0.000000     -2.709890E-05     -2.709890E-05  -1.446709E-05
1   1    -3.0 -1.0  2.0   0.000000     -2.709890E-05     -2.709890E-05  -1.446446E-05
1   1    -2.0 -3.0 -5.0   0.000000     -2.709890E-05     -2.709890E-05  -1.446709E-05
1   1    -2.0  1.0  3.0   0.000000     -2.709890E-05     -2.709890E-05  -1.446446E-05
1   1    -1.0 -3.0  2.0   0.000000     -2.709890E-05     -2.709890E-05  -1.446446E-05
1   1    -1.0  2.0 -3.0   0.000000     -2.709890E-05     -2.709890E-05  -1.446446E-05
1   1     1.0 -2.0  3.0   0.000000     -2.709890E-05     -2.709890E-05  -1.446446E-05
1   1     1.0  3.0 -2.0   0.000000     -2.709890E-05     -2.709890E-05  -1.446446E-05
1   1     2.0 -1.0 -3.0   0.000000     -2.709890E-05     -2.709890E-05  -1.446446E-05
1   1     2.0  3.0  5.0   0.000000     -2.709890E-05     -2.709890E-05  -1.446709E-05
1   1     3.0  1.0 -2.0   0.000000     -2.709890E-05     -2.709890E-05  -1.446446E-05
1   1     3.0  2.0  5.0   0.000000     -2.709890E-05     -2.709890E-05  -1.446709E-05
1   1     3.0  5.0  2.0   0.000000     -2.709890E-05     -2.709890E-05  -1.446709E-05
1   1     5.0  3.0  2.0   0.000000     -2.709890E-05     -2.709890E-05  -1.446709E-05
1   1    -5.0 -2.0 -3.0   0.000000     -2.709890E-05     -2.709890E-05  -1.446709E-05
1   1    -3.0  2.0 -1.0   0.000000     -2.709890E-05     -2.709890E-05  -1.446446E-05
1   1    -2.0  3.0  1.0   0.000000     -2.709890E-05     -2.709890E-05  -1.446446E-05
1   1     2.0 -3.0 -1.0   0.000000     -2.709890E-05     -2.709890E-05  -1.446446E-05
1   1     3.0 -2.0  1.0   0.000000     -2.709890E-05     -2.709890E-05  -1.446446E-05
1   1     5.0  2.0  3.0   0.000000     -2.709890E-05     -2.709890E-05  -1.446709E-05
1   1    -4.0 -3.0 -5.0   0.000000     -1.806470E-05     -1.806470E-05  -9.646945E-06
1   1    -3.0 -4.0 -5.0   0.000000     -1.806470E-05     -1.806470E-05  -9.646945E-06
1   1    -2.0 -5.0 -1.0   0.000000     -1.806470E-05     -1.806470E-05  -9.644351E-06
1   1    -2.0 -1.0 -5.0   0.000000     -1.806470E-05     -1.806470E-05  -9.644351E-06
1   1    -2.0 -1.0  3.0   0.000000     -1.806470E-05     -1.806470E-05  -9.645108E-06
1   1    -1.0 -2.0 -5.0   0.000000     -1.806470E-05     -1.806470E-05  -9.644351E-06
1   1    -1.0 -2.0  3.0   0.000000     -1.806470E-05     -1.806470E-05  -9.645108E-06
1   1    -1.0  1.0 -4.0   0.000000     -1.806470E-05     -1.806470E-05  -9.645841E-06
1   1    -1.0  3.0 -2.0   0.000000     -1.806470E-05     -1.806470E-05  -9.645108E-06
1   1     1.0 -3.0  2.0   0.000000     -1.806470E-05     -1.806470E-05  -9.645108E-06
1   1     1.0 -1.0  4.0   0.000000     -1.806470E-05     -1.806470E-05  -9.645841E-06
1   1     1.0  2.0 -3.0   0.000000     -1.806470E-05     -1.806470E-05  -9.645108E-06
1   1     1.0  2.0  5.0   0.000000     -1.806470E-05     -1.806470E-05  -9.644351E-06
1   1     2.0  1.0 -3.0   0.000000     -1.806470E-05     -1.806470E-05  -9.645108E-06
1   1     2.0  1.0  5.0   0.000000     -1.806470E-05     -1.806470E-05  -9.644351E-06
1   1     2.0  5.0  1.0   0.000000     -1.806470E-05     -1.806470E-05  -9.644351E-06
1   1     3.0  4.0  5.0   0.000000     -1.806470E-05     -1.806470E-05  -9.646945E-06
1   1     4.0  3.0  5.0   0.000000     -1.806470E-05     -1.806470E-05  -9.646945E-06
1   1    -5.0 -4.0 -3.0   0.000000     -1.806470E-05     -1.806470E-05  -9.646945E-06
1   1    -5.0 -3.0 -4.0   0.000000     -1.806470E-05     -1.806470E-05  -9.646945E-06
1   1    -5.0 -2.0 -1.0   0.000000     -1.806470E-05     -1.806470E-05  -9.644351E-06
1   1    -4.0 -5.0 -3.0   0.000000     -1.806470E-05     -1.806470E-05  -9.646945E-06
1   1    -4.0 -1.0  1.0   0.000000     -1.806470E-05     -1.806470E-05  -9.645841E-06
1   1    -4.0  1.0 -1.0   0.000000     -1.806470E-05     -1.806470E-05  -9.645841E-06
1   1    -3.0 -5.0 -4.0   0.000000     -1.806470E-05     -1.806470E-05  -9.646945E-06
1   1    -3.0  1.0  2.0   0.000000     -1.806470E-05     -1.806470E-05  -9.645108E-06
1   1    -3.0  2.0  1.0   0.000000     -1.806470E-05     -1.806470E-05  -9.645108E-06
1   1    -2.0  3.0 -1.0   0.000000     -1.806470E-05     -1.806470E-05  -9.645108E-06
1   1    -1.0 -5.0 -2.0   0.000000     -1.806470E-05     -1.806470E-05  -9.644351E-06
1   1    -1.0 -4.0  1.0   0.000000     -1.806470E-05     -1.806470E-05  -9.645841E-06
1   1    -1.0  1.0  4.0   0.000000     -1.806470E-05     -1.806470E-05  -9.645841E-06
1   1    -1.0  4.0  1.0   0.000000     -1.806470E-05     -1.806470E-05  -9.645841E-06
1   1     1.0 -4.0 -1.0   0.000000     -1.806470E-05     -1.806470E-05  -9.645841E-06
1   1     1.0 -1.0 -4.0   0.000000     -1.806470E-05     -1.806470E-05  -9.645841E-06
1   1     1.0  4.0 -1.0   0.000000     -1.806470E-05     -1.806470E-05  -9.645841E-06
1   1     1.0  5.0  2.0   0.000000     -1.806470E-05     -1.806470E-05  -9.644351E-06
1   1     2.0 -3.0  1.0   0.000000     -1.806470E-05     -1.806470E-05  -9.645108E-06
1   1     3.0 -2.0 -1.0   0.000000     -1.806470E-05     -1.806470E-05  -9.645108E-06
1   1     3.0 -1.0 -2.0   0.000000     -1.806470E-05     -1.806470E-05  -9.645108E-06
1   1     3.0  5.0  4.0   0.000000     -1.806470E-05     -1.806470E-05  -9.646945E-06
1   1     4.0 -1.0  1.0   0.000000     -1.806470E-05     -1.806470E-05  -9.645841E-06
1   1     4.0  1.0 -1.0   0.000000     -1.806470E-05     -1.806470E-05  -9.645841E-06
1   1     4.0  5.0  3.0   0.000000     -1.806470E-05     -1.806470E-05  -9.646945E-06
1   1     5.0  2.0  1.0   0.000000     -1.806470E-05     -1.806470E-05  -9.644351E-06
1   1     5.0  3.0  4.0   0.000000     -1.806470E-05     -1.806470E-05  -9.646945E-06
1   1     5.0  4.0  3.0   0.000000     -1.806470E-05     -1.806470E-05  -9.646945E-06
1   1    -5.0 -1.0 -2.0   0.000000     -1.806470E-05     -1.806470E-05  -9.644351E-06
1   1     5.0  1.0  2.0   0.000000     -1.806470E-05     -1.806470E-05  -9.644351E-06
1   1    -5.0 -3.0 -1.0   0.000000     -1.437760E-06     -1.437760E-06  -7.663486E-07
1   1    -4.0 -2.0 -5.0   0.000000     -1.437760E-06     -1.437760E-06  -7.665522E-07
1   1    -4.0 -2.0  1.0   0.000000     -1.437760E-06     -1.437760E-06  -7.664001E-07
1   1    -3.0 -5.0 -1.0   0.000000     -1.437760E-06     -1.437760E-06  -7.663486E-07
1   1    -3.0 -1.0 -5.0   0.000000     -1.437760E-06     -1.437760E-06  -7.663486E-07
1   1    -2.0 -5.0 -4.0   0.000000     -1.437760E-06     -1.437760E-06  -7.665522E-07
1   1    -2.0 -4.0 -5.0   0.000000     -1.437760E-06     -1.437760E-06  -7.665522E-07
1   1    -2.0 -4.0  1.0   0.000000     -1.437760E-06     -1.437760E-06  -7.664001E-07
1   1    -2.0  1.0 -4.0   0.000000     -1.437760E-06     -1.437760E-06  -7.664001E-07
1   1    -2.0  2.0 -3.0   0.000000     -1.437760E-06     -1.437760E-06  -7.664718E-07
1   1    -2.0  2.0  3.0   0.000000     -1.437760E-06     -1.437760E-06  -7.664718E-07
1   1    -1.0 -5.0 -3.0   0.000000     -1.437760E-06     -1.437760E-06  -7.663486E-07
1   1    -1.0 -3.0 -5.0   0.000000     -1.437760E-06     -1.437760E-06  -7.663486E-07
1   1    -1.0  2.0  4.0   0.000000     -1.437760E-06     -1.437760E-06  -7.664001E-07
1   1     1.0 -2.0 -4.0   0.000000     -1.437760E-06     -1.437760E-06  -7.664001E-07
1   1     1.0  3.0  5.0   0.000000     -1.437760E-06     -1.437760E-06  -7.663486E-07
1   1     1.0  5.0  3.0   0.000000     -1.437760E-06     -1.437760E-06  -7.663486E-07
1   1     2.0 -2.0 -3.0   0.000000     -1.437760E-06     -1.437760E-06  -7.664718E-07
1   1     2.0 -2.0  3.0   0.000000     -1.437760E-06     -1.437760E-06  -7.664718E-07
1   1     2.0 -1.0  4.0   0.000000     -1.437760E-06     -1.437760E-06  -7.664001E-07
1   1     2.0  4.0 -1.0   0.000000     -1.437760E-06     -1.437760E-06  -7.664001E-07
1   1     2.0  4.0  5.0   0.000000     -1.437760E-06     -1.437760E-06  -7.665522E-07
1   1     2.0  5.0  4.0   0.000000     -1.437760E-06     -1.437760E-06  -7.665522E-07
1   1     3.0  1.0  5.0   0.000000     -1.437760E-06     -1.437760E-06  -7.663486E-07
1   1     3.0  5.0  1.0   0.000000     -1.437760E-06     -1.437760E-06  -7.663486E-07
1   1     4.0  2.0 -1.0   0.000000     -1.437760E-06     -1.437760E-06  -7.664001E-07
1   1     4.0  2.0  5.0   0.000000     -1.437760E-06     -1.437760E-06  -7.665522E-07
1   1     5.0  3.0  1.0   0.000000     -1.437760E-06     -1.437760E-06  -7.663486E-07
1   1    -5.0 -4.0 -4.0   0.000000     -8.092280E-07     -8.092280E-07  -4.315883E-07
1   1    -5.0 -4.0 -2.0   0.000000     -1.437760E-06     -1.437760E-06  -7.665522E-07
1   1    -5.0 -2.0 -4.0   0.000000     -1.437760E-06     -1.437760E-06  -7.665522E-07
1   1    -5.0 -1.0 -3.0   0.000000     -1.437760E-06     -1.437760E-06  -7.663486E-07
1   1    -5.0 -1.0 -1.0   0.000000     -8.092280E-07     -8.092280E-07  -4.315024E-07
1   1    -4.0 -5.0 -4.0   0.000000     -8.092280E-07     -8.092280E-07  -4.315883E-07
1   1    -4.0 -5.0 -2.0   0.000000     -1.437760E-06     -1.437760E-06  -7.665522E-07
1   1    -4.0 -4.0 -5.0   0.000000     -8.092280E-07     -8.092280E-07  -4.315883E-07
1   1    -4.0  0.0  1.0   0.000000     -8.092280E-07     -8.092280E-07  -4.314475E-07
1   1    -4.0  1.0 -2.0   0.000000     -1.437760E-06     -1.437760E-06  -7.664001E-07
1   1    -4.0  1.0  0.0   0.000000     -8.092280E-07     -8.092280E-07  -4.314475E-07
1   1    -3.0 -2.0  2.0   0.000000     -1.437760E-06     -1.437760E-06  -7.664718E-07
1   1    -3.0  2.0 -2.0   0.000000     -1.437760E-06     -1.437760E-06  -7.664718E-07
1   1    -2.0 -3.0  2.0   0.000000     -1.437760E-06     -1.437760E-06  -7.664718E-07
1   1    -2.0  3.0  2.0   0.000000     -1.437760E-06     -1.437760E-06  -7.664718E-07
1   1    -1.0 -5.0 -1.0   0.000000     -8.092280E-07     -8.092280E-07  -4.315024E-07
1   1    -1.0 -1.0 -5.0   0.000000     -8.092280E-07     -8.092280E-07  -4.315024E-07
1   1    -1.0  0.0  4.0   0.000000     -8.092280E-07     -8.092280E-07  -4.314475E-07
1   1    -1.0  4.0  0.0   0.000000     -8.092280E-07     -8.092280E-07  -4.314475E-07
1   1    -1.0  4.0  2.0   0.000000     -1.437760E-06     -1.437760E-06  -7.664001E-07
1   1     0.0 -4.0  1.0   0.000000     -8.092280E-07     -8.092280E-07  -4.314475E-07
1   1     0.0 -1.0  4.0   0.000000     -8.092280E-07     -8.092280E-07  -4.314475E-07
1   1     0.0  1.0 -4.0   0.000000     -8.092280E-07     -8.092280E-07  -4.314475E-07
1   1     0.0  4.0 -1.0   0.000000     -8.092280E-07     -8.092280E-07  -4.314475E-07
1   1     1.0 -4.0 -2.0   0.000000     -1.437760E-06     -1.437760E-06  -7.664001E-07
1   1     1.0 -4.0  0.0   0.000000     -8.092280E-07     -8.092280E-07  -4.314475E-07
1   1     1.0  0.0 -4.0   0.000000     -8.092280E-07     -8.092280E-07  -4.314475E-07
1   1     1.0  1.0  5.0   0.000000     -8.092280E-07     -8.092280E-07  -4.315024E-07
1   1     1.0  5.0  1.0   0.000000     -8.092280E-07     -8.092280E-07  -4.315024E-07
1   1     2.0 -3.0 -2.0   0.000000     -1.437760E-06     -1.437760E-06  -7.664718E-07
1   1     2.0  3.0 -2.0   0.000000     -1.437760E-06     -1.437760E-06  -7.664718E-07
1   1     3.0 -2.0  2.0   0.000000     -1.437760E-06     -1.437760E-06  -7.664718E-07
1   1     3.0  2.0 -2.0   0.000000     -1.437760E-06     -1.437760E-06  -7.664718E-07
1   1     4.0 -1.0  0.0   0.000000     -8.092280E-07     -8.092280E-07  -4.314475E-07
1   1     4.0 -1.0  2.0   0.000000     -1.437760E-06     -1.437760E-06  -7.664001E-07
1   1     4.0  0.0 -1.0   0.000000     -8.092280E-07     -8.092280E-07  -4.314475E-07
1   1     4.0  4.0  5.0   0.000000     -8.092280E-07     -8.092280E-07  -4.315883E-07
1   1     4.0  5.0  2.0   0.000000     -1.437760E-06     -1.437760E-06  -7.665522E-07
1   1     4.0  5.0  4.0   0.000000     -8.092280E-07     -8.092280E-07  -4.315883E-07
1   1     5.0  1.0  1.0   0.000000     -8.092280E-07     -8.092280E-07  -4.315024E-07
1   1     5.0  1.0  3.0   0.000000     -1.437760E-06     -1.437760E-06  -7.663486E-07
1   1     5.0  2.0  4.0   0.000000     -1.437760E-06     -1.437760E-06  -7.665522E-07
1   1     5.0  4.0  2.0   0.000000     -1.437760E-06     -1.437760E-06  -7.665522E-07
1   1     5.0  4.0  4.0   0.000000     -8.092280E-07     -8.092280E-07  -4.315883E-07
1   1    -4.0 -4.0  0.0   0.000000      1.945010E-05      1.945010E-05   1.036075E-05
1   1    -4.0  0.0 -4.0   0.000000      1.945010E-05      1.945010E-05   1.036075E-05
1   1     0.0 -4.0 -4.0   0.000000      1.945010E-05      1.945010E-05   1.036075E-05
1   1     0.0  4.0  4.0   0.000000      1.945010E-05      1.945010E-05   1.036075E-05
1   1     4.0  0.0  4.0   0.000000      1.945010E-05      1.945010E-05   1.036075E-05
1   1     4.0  4.0  0.0   0.000000      1.945010E-05      1.945010E-05   1.036075E-05
1   1    -3.0 -5.0 -5.0   0.000000      1.724560E-05      1.724560E-05   9.178164E-06
1   1    -2.0 -5.0  0.0   0.000000      1.724560E-05      1.724560E-05   9.173412E-06
1   1    -2.0 -2.0  3.0   0.000000      1.724560E-05      1.724560E-05   9.176161E-06
1   1    -2.0  0.0 -5.0   0.000000      1.724560E-05      1.724560E-05   9.173412E-06
1   1     0.0 -2.0 -5.0   0.000000      1.724560E-05      1.724560E-05   9.173412E-06
1   1     0.0  2.0  5.0   0.000000      1.724560E-05      1.724560E-05   9.173412E-06
1   1     2.0  0.0  5.0   0.000000      1.724560E-05      1.724560E-05   9.173412E-06
1   1     2.0  2.0 -3.0   0.000000      1.724560E-05      1.724560E-05   9.176161E-06
1   1     2.0  5.0  0.0   0.000000      1.724560E-05      1.724560E-05   9.173412E-06
1   1     3.0  5.0  5.0   0.000000      1.724560E-05      1.724560E-05   9.178164E-06
1   1    -5.0 -5.0 -3.0   0.000000      1.724560E-05      1.724560E-05   9.178164E-06
1   1    -5.0 -3.0 -5.0   0.000000      1.724560E-05      1.724560E-05   9.178164E-06
1   1    -5.0 -2.0  0.0   0.000000      1.724560E-05      1.724560E-05   9.173412E-06
1   1    -5.0  0.0 -2.0   0.000000      1.724560E-05      1.724560E-05   9.173412E-06
1   1    -3.0  2.0  2.0   0.000000      1.724560E-05      1.724560E-05   9.176161E-06
1   1    -2.0  3.0 -2.0   0.000000      1.724560E-05      1.724560E-05   9.176161E-06
1   1     0.0 -5.0 -2.0   0.000000      1.724560E-05      1.724560E-05   9.173412E-06
1   1     0.0  5.0  2.0   0.000000      1.724560E-05      1.724560E-05   9.173412E-06
1   1     2.0 -3.0  2.0   0.000000      1.724560E-05      1.724560E-05   9.176161E-06
1   1     3.0 -2.0 -2.0   0.000000      1.724560E-05      1.724560E-05   9.176161E-06
1   1     5.0  0.0  2.0   0.000000      1.724560E-05      1.724560E-05   9.173412E-06
1   1     5.0  2.0  0.0   0.000000      1.724560E-05      1.724560E-05   9.173412E-06
1   1     5.0  3.0  5.0   0.000000      1.724560E-05      1.724560E-05   9.178164E-06
1   1     5.0  5.0  3.0   0.000000      1.724560E-05      1.724560E-05   9.178164E-06
1   1    -5.0 -4.0 -1.0   0.000000      1.442980E-05      1.442980E-05   7.669474E-06
1   1    -5.0 -1.0 -4.0   0.000000      1.442980E-05      1.442980E-05   7.669474E-06
1   1    -4.0 -5.0 -1.0   0.000000      1.442980E-05      1.442980E-05   7.669474E-06
1   1    -4.0 -3.0  1.0   0.000000      1.442980E-05      1.442980E-05   7.668987E-06
1   1    -4.0 -1.0 -5.0   0.000000      1.442980E-05      1.442980E-05   7.669474E-06
1   1    -4.0  1.0 -3.0   0.000000      1.442980E-05      1.442980E-05   7.668987E-06
1   1    -3.0 -4.0  1.0   0.000000      1.442980E-05      1.442980E-05   7.668987E-06
1   1    -3.0  1.0 -4.0   0.000000      1.442980E-05      1.442980E-05   7.668987E-06
1   1    -1.0 -5.0 -4.0   0.000000      1.442980E-05      1.442980E-05   7.669474E-06
1   1    -1.0 -5.0  0.0   0.000000      1.454210E-05      1.454210E-05   7.743241E-06
1   1    -1.0 -4.0 -5.0   0.000000      1.442980E-05      1.442980E-05   7.669474E-06
1   1    -1.0 -1.0  4.0   0.000000      1.454210E-05      1.454210E-05   7.743108E-06
1   1    -1.0  0.0 -5.0   0.000000      1.454210E-05      1.454210E-05   7.743241E-06
1   1    -1.0  3.0  4.0   0.000000      1.442980E-05      1.442980E-05   7.668987E-06
1   1    -1.0  4.0  3.0   0.000000      1.442980E-05      1.442980E-05   7.668987E-06
1   1     0.0 -1.0 -5.0   0.000000      1.454210E-05      1.454210E-05   7.743241E-06
1   1     0.0  1.0  5.0   0.000000      1.454210E-05      1.454210E-05   7.743241E-06
1   1     1.0 -4.0 -3.0   0.000000      1.442980E-05      1.442980E-05   7.668987E-06
1   1     1.0 -3.0 -4.0   0.000000      1.442980E-05      1.442980E-05   7.668987E-06
1   1     1.0  0.0  5.0   0.000000      1.454210E-05      1.454210E-05   7.743241E-06
1   1     1.0  1.0 -4.0   0.000000      1.454210E-05      1.454210E-05   7.743108E-06
1   1     1.0  4.0  5.0   0.000000      1.442980E-05      1.442980E-05   7.669474E-06
1   1     1.0  5.0  0.0   0.000000      1.454210E-05      1.454210E-05   7.743241E-06
1   1     1.0  5.0  4.0   0.000000      1.442980E-05      1.442980E-05   7.669474E-06
1   1     3.0 -1.0  4.0   0.000000      1.442980E-05      1.442980E-05   7.668987E-06
1   1     3.0  4.0 -1.0   0.000000      1.442980E-05      1.442980E-05   7.668987E-06
1   1     4.0 -1.0  3.0   0.000000      1.442980E-05      1.442980E-05   7.668987E-06
1   1     4.0  1.0  5.0   0.000000      1.442980E-05      1.442980E-05   7.669474E-06
1   1     4.0  3.0 -1.0   0.000000      1.442980E-05      1.442980E-05   7.668987E-06
1   1     4.0  5.0  1.0   0.000000      1.442980E-05      1.442980E-05   7.669474E-06
1   1     5.0  1.0  4.0   0.000000      1.442980E-05      1.442980E-05   7.669474E-06
1   1     5.0  4.0  1.0   0.000000      1.442980E-05      1.442980E-05   7.669474E-06
1   1    -5.0 -5.0 -4.0   0.000000      1.454210E-05      1.454210E-05   7.748193E-06
1   1    -5.0 -4.0 -5.0   0.000000      1.454210E-05      1.454210E-05   7.748193E-06
1   1    -5.0 -1.0  0.0   0.000000      1.454210E-05      1.454210E-05   7.743241E-06
1   1    -5.0  0.0 -1.0   0.000000      1.454210E-05      1.454210E-05   7.743241E-06
1   1    -4.0 -5.0 -5.0   0.000000      1.454210E-05      1.454210E-05   7.748193E-06
1   1    -4.0  1.0  1.0   0.000000      1.454210E-05      1.454210E-05   7.743108E-06
1   1    -1.0  4.0 -1.0   0.000000      1.454210E-05      1.454210E-05   7.743108E-06
1   1     0.0 -5.0 -1.0   0.000000      1.454210E-05      1.454210E-05   7.743241E-06
1   1     0.0  5.0  1.0   0.000000      1.454210E-05      1.454210E-05   7.743241E-06
1   1     1.0 -4.0  1.0   0.000000      1.454210E-05      1.454210E-05   7.743108E-06
1   1     4.0 -1.0 -1.0   0.000000      1.454210E-05      1.454210E-05   7.743108E-06
1   1     4.0  5.0  5.0   0.000000      1.454210E-05      1.454210E-05   7.748193E-06
1   1     5.0  0.0  1.0   0.000000      1.454210E-05      1.454210E-05   7.743241E-06
1   1     5.0  1.0  0.0   0.000000      1.454210E-05      1.454210E-05   7.743241E-06
1   1     5.0  4.0  5.0   0.000000      1.454210E-05      1.454210E-05   7.748193E-06
1   1     5.0  5.0  4.0   0.000000      1.454210E-05      1.454210E-05   7.748193E-06
1   1    -6.0 -3.0 -3.0   0.000000      2.822290E-06      2.822290E-06   1.502253E-06
1   1    -5.0 -5.0 -2.0   0.000000     -6.578630E-07     -6.578630E-07  -3.497992E-07
1   1    -5.0 -3.0  0.0   0.000000     -6.578630E-07     -6.578630E-07  -3.497069E-07
1   1    -5.0 -2.0 -5.0   0.000000     -6.578630E-07     -6.578630E-07  -3.497992E-07
1   1    -5.0  0.0 -3.0   0.000000     -6.578630E-07     -6.578630E-07  -3.497069E-07
1   1    -3.0 -6.0 -3.0   0.000000      2.822290E-06      2.822290E-06   1.502253E-06
1   1    -3.0 -5.0  0.0   0.000000     -6.578630E-07     -6.578630E-07  -3.497069E-07
1   1    -3.0 -3.0 -6.0   0.000000      2.822290E-06      2.822290E-06   1.502253E-06
1   1    -3.0 -3.0  2.0   0.000000     -6.578630E-07     -6.578630E-07  -3.498322E-07
1   1    -3.0  0.0 -5.0   0.000000     -6.578630E-07     -6.578630E-07  -3.497069E-07
1   1    -3.0  0.0  3.0   0.000000      2.822290E-06      2.822290E-06   1.501558E-06
1   1    -3.0  2.0 -3.0   0.000000     -6.578630E-07     -6.578630E-07  -3.498322E-07
1   1    -3.0  3.0  0.0   0.000000      2.822290E-06      2.822290E-06   1.501558E-06
1   1    -2.0 -5.0 -5.0   0.000000     -6.578630E-07     -6.578630E-07  -3.497992E-07
1   1    -2.0  3.0  3.0   0.000000     -6.578630E-07     -6.578630E-07  -3.498322E-07
1   1     0.0 -5.0 -3.0   0.000000     -6.578630E-07     -6.578630E-07  -3.497069E-07
1   1     0.0 -3.0 -5.0   0.000000     -6.578630E-07     -6.578630E-07  -3.497069E-07
1   1     0.0 -3.0  3.0   0.000000      2.822290E-06      2.822290E-06   1.501558E-06
1   1     0.0  3.0 -3.0   0.000000      2.822290E-06      2.822290E-06   1.501558E-06
1   1     0.0  3.0  5.0   0.000000     -6.578630E-07     -6.578630E-07  -3.497069E-07
1   1     0.0  5.0  3.0   0.000000     -6.578630E-07     -6.578630E-07  -3.497069E-07
1   1     2.0 -3.0 -3.0   0.000000     -6.578630E-07     -6.578630E-07  -3.498322E-07
1   1     2.0  5.0  5.0   0.000000     -6.578630E-07     -6.578630E-07  -3.497992E-07
1   1     3.0 -3.0  0.0   0.000000      2.822290E-06      2.822290E-06   1.501558E-06
1   1     3.0 -2.0  3.0   0.000000     -6.578630E-07     -6.578630E-07  -3.498322E-07
1   1     3.0  0.0 -3.0   0.000000      2.822290E-06      2.822290E-06   1.501558E-06
1   1     3.0  0.0  5.0   0.000000     -6.578630E-07     -6.578630E-07  -3.497069E-07
1   1     3.0  3.0 -2.0   0.000000     -6.578630E-07     -6.578630E-07  -3.498322E-07
1   1     3.0  3.0  6.0   0.000000      2.822290E-06      2.822290E-06   1.502253E-06
1   1     3.0  5.0  0.0   0.000000     -6.578630E-07     -6.578630E-07  -3.497069E-07
1   1     3.0  6.0  3.0   0.000000      2.822290E-06      2.822290E-06   1.502253E-06
1   1     5.0  0.0  3.0   0.000000     -6.578630E-07     -6.578630E-07  -3.497069E-07
1   1     5.0  2.0  5.0   0.000000     -6.578630E-07     -6.578630E-07  -3.497992E-07
1   1     5.0  3.0  0.0   0.000000     -6.578630E-07     -6.578630E-07  -3.497069E-07
1   1     5.0  5.0  2.0   0.000000     -6.578630E-07     -6.578630E-07  -3.497992E-07
1   1     6.0  3.0  3.0   0.000000      2.822290E-06      2.822290E-06   1.502253E-06
1   1    -6.0 -4.0 -3.0   0.000000     -8.469650E-06     -8.469650E-06  -4.476219E-06
1   1    -6.0 -3.0 -4.0   0.000000     -8.469650E-06     -8.469650E-06  -4.476219E-06
1   1    -6.0 -3.0 -2.0   0.000000     -8.469650E-06     -8.469650E-06  -4.475590E-06
1   1    -6.0 -2.0 -3.0   0.000000     -8.469650E-06     -8.469650E-06  -4.475590E-06
1   1    -5.0 -5.0 -5.0   0.000000     -1.017550E-05     -1.017550E-05  -5.387914E-06
1   1    -5.0  0.0  0.0   0.000000     -1.017550E-05     -1.017550E-05  -5.384284E-06
1   1    -4.0 -6.0 -3.0   0.000000     -8.469650E-06     -8.469650E-06  -4.476219E-06
1   1    -4.0 -3.0 -6.0   0.000000     -8.469650E-06     -8.469650E-06  -4.476219E-06
1   1    -4.0 -1.0  2.0   0.000000     -8.469650E-06     -8.469650E-06  -4.474004E-06
1   1    -4.0  2.0 -1.0   0.000000     -8.469650E-06     -8.469650E-06  -4.474004E-06
1   1    -3.0 -6.0 -4.0   0.000000     -8.469650E-06     -8.469650E-06  -4.476219E-06
1   1    -3.0 -6.0 -2.0   0.000000     -8.469650E-06     -8.469650E-06  -4.475590E-06
1   1    -3.0 -4.0 -6.0   0.000000     -8.469650E-06     -8.469650E-06  -4.476219E-06
1   1    -3.0 -2.0 -6.0   0.000000     -8.469650E-06     -8.469650E-06  -4.475590E-06
1   1    -3.0 -1.0  3.0   0.000000     -8.469650E-06     -8.469650E-06  -4.475068E-06
1   1    -3.0  1.0  3.0   0.000000     -8.469650E-06     -8.469650E-06  -4.475068E-06
1   1    -3.0  3.0 -1.0   0.000000     -8.469650E-06     -8.469650E-06  -4.475068E-06
1   1    -3.0  3.0  1.0   0.000000     -8.469650E-06     -8.469650E-06  -4.475068E-06
1   1    -2.0 -6.0 -3.0   0.000000     -8.469650E-06     -8.469650E-06  -4.475590E-06
1   1    -2.0 -3.0 -6.0   0.000000     -8.469650E-06     -8.469650E-06  -4.475590E-06
1   1    -2.0  1.0  4.0   0.000000     -8.469650E-06     -8.469650E-06  -4.474004E-06
1   1    -2.0  4.0  1.0   0.000000     -8.469650E-06     -8.469650E-06  -4.474004E-06
1   1    -1.0 -4.0  2.0   0.000000     -8.469650E-06     -8.469650E-06  -4.474004E-06
1   1    -1.0 -3.0  3.0   0.000000     -8.469650E-06     -8.469650E-06  -4.475068E-06
1   1    -1.0  2.0 -4.0   0.000000     -8.469650E-06     -8.469650E-06  -4.474004E-06
1   1    -1.0  3.0 -3.0   0.000000     -8.469650E-06     -8.469650E-06  -4.475068E-06
1   1     0.0 -5.0  0.0   0.000000     -1.017550E-05     -1.017550E-05  -5.384284E-06
1   1     0.0  0.0 -5.0   0.000000     -1.017550E-05     -1.017550E-05  -5.384284E-06
1   1     0.0  0.0  5.0   0.000000     -1.017550E-05     -1.017550E-05  -5.384284E-06
1   1     0.0  5.0  0.0   0.000000     -1.017550E-05     -1.017550E-05  -5.384284E-06
1   1     1.0 -3.0  3.0   0.000000     -8.469650E-06     -8.469650E-06  -4.475068E-06
1   1     1.0 -2.0  4.0   0.000000     -8.469650E-06     -8.469650E-06  -4.474004E-06
1   1     1.0  3.0 -3.0   0.000000     -8.469650E-06     -8.469650E-06  -4.475068E-06
1   1     1.0  4.0 -2.0   0.000000     -8.469650E-06     -8.469650E-06  -4.474004E-06
1   1     2.0 -4.0 -1.0   0.000000     -8.469650E-06     -8.469650E-06  -4.474004E-06
1   1     2.0 -1.0 -4.0   0.000000     -8.469650E-06     -8.469650E-06  -4.474004E-06
1   1     2.0  3.0  6.0   0.000000     -8.469650E-06     -8.469650E-06  -4.475590E-06
1   1     2.0  6.0  3.0   0.000000     -8.469650E-06     -8.469650E-06  -4.475590E-06
1   1     3.0 -3.0 -1.0   0.000000     -8.469650E-06     -8.469650E-06  -4.475068E-06
1   1     3.0 -3.0  1.0   0.000000     -8.469650E-06     -8.469650E-06  -4.475068E-06
1   1     3.0 -1.0 -3.0   0.000000     -8.469650E-06     -8.469650E-06  -4.475068E-06
1   1     3.0  1.0 -3.0   0.000000     -8.469650E-06     -8.469650E-06  -4.475068E-06
1   1     3.0  2.0  6.0   0.000000     -8.469650E-06     -8.469650E-06  -4.475590E-06
1   1     3.0  4.0  6.0   0.000000     -8.469650E-06     -8.469650E-06  -4.476219E-06
1   1     3.0  6.0  2.0   0.000000     -8.469650E-06     -8.469650E-06  -4.475590E-06
1   1     3.0  6.0  4.0   0.000000     -8.469650E-06     -8.469650E-06  -4.476219E-06
1   1     4.0 -2.0  1.0   0.000000     -8.469650E-06     -8.469650E-06  -4.474004E-06
1   1     4.0  1.0 -2.0   0.000000     -8.469650E-06     -8.469650E-06  -4.474004E-06
1   1     4.0  3.0  6.0   0.000000     -8.469650E-06     -8.469650E-06  -4.476219E-06
1   1     4.0  6.0  3.0   0.000000     -8.469650E-06     -8.469650E-06  -4.476219E-06
1   1     5.0  0.0  0.0   0.000000     -1.017550E-05     -1.017550E-05  -5.384284E-06
1   1     5.0  5.0  5.0   0.000000     -1.017550E-05     -1.017550E-05  -5.387914E-06
1   1     6.0  2.0  3.0   0.000000     -8.469650E-06     -8.469650E-06  -4.475590E-06
1   1     6.0  3.0  2.0   0.000000     -8.469650E-06     -8.469650E-06  -4.475590E-06
1   1     6.0  3.0  4.0   0.000000     -8.469650E-06     -8.469650E-06  -4.476219E-06
1   1     6.0  4.0  3.0   0.000000     -8.469650E-06     -8.469650E-06  -4.476219E-06
1   1    -6.0 -2.0 -2.0   0.000000     -1.052020E-05     -1.052020E-05  -5.549948E-06
1   1    -4.0 -4.0 -6.0   0.000000     -1.052020E-05     -1.052020E-05  -5.551269E-06
1   1    -4.0  2.0  0.0   0.000000     -1.052020E-05     -1.052020E-05  -5.548030E-06
1   1    -2.0 -2.0 -6.0   0.000000     -1.052020E-05     -1.052020E-05  -5.549948E-06
1   1    -2.0  4.0  0.0   0.000000     -1.052020E-05     -1.052020E-05  -5.548030E-06
1   1     0.0 -4.0  2.0   0.000000     -1.052020E-05     -1.052020E-05  -5.548030E-06
1   1     0.0 -2.0  4.0   0.000000     -1.052020E-05     -1.052020E-05  -5.548030E-06
1   1     0.0  2.0 -4.0   0.000000     -1.052020E-05     -1.052020E-05  -5.548030E-06
1   1     0.0  4.0 -2.0   0.000000     -1.052020E-05     -1.052020E-05  -5.548030E-06
1   1     2.0 -4.0  0.0   0.000000     -1.052020E-05     -1.052020E-05  -5.548030E-06
1   1     2.0  2.0  6.0   0.000000     -1.052020E-05     -1.052020E-05  -5.549948E-06
1   1     4.0 -2.0  0.0   0.000000     -1.052020E-05     -1.052020E-05  -5.548030E-06
1   1     4.0  4.0  6.0   0.000000     -1.052020E-05     -1.052020E-05  -5.551269E-06
1   1     6.0  2.0  2.0   0.000000     -1.052020E-05     -1.052020E-05  -5.549948E-06
1   1    -6.0 -4.0 -4.0   0.000000     -1.052020E-05     -1.052020E-05  -5.551269E-06
1   1    -4.0 -6.0 -4.0   0.000000     -1.052020E-05     -1.052020E-05  -5.551269E-06
1   1    -4.0  0.0  2.0   0.000000     -1.052020E-05     -1.052020E-05  -5.548030E-06
1   1    -2.0 -6.0 -2.0   0.000000     -1.052020E-05     -1.052020E-05  -5.549948E-06
1   1    -2.0  0.0  4.0   0.000000     -1.052020E-05     -1.052020E-05  -5.548030E-06
1   1     2.0  0.0 -4.0   0.000000     -1.052020E-05     -1.052020E-05  -5.548030E-06
1   1     2.0  6.0  2.0   0.000000     -1.052020E-05     -1.052020E-05  -5.549948E-06
1   1     4.0  0.0 -2.0   0.000000     -1.052020E-05     -1.052020E-05  -5.548030E-06
1   1     4.0  6.0  4.0   0.000000     -1.052020E-05     -1.052020E-05  -5.551269E-06
1   1     6.0  4.0  4.0   0.000000     -1.052020E-05     -1.052020E-05  -5.551269E-06
1   1    -6.0 -2.0 -4.0   0.000000     -1.342590E-05     -1.342590E-05  -7.051391E-06
1   1    -4.0 -2.0 -6.0   0.000000     -1.342590E-05     -1.342590E-05  -7.051391E-06
1   1    -4.0 -2.0  2.0   0.000000     -1.342590E-05     -1.342590E-05  -7.050568E-06
1   1    -4.0  2.0 -2.0   0.000000     -1.342590E-05     -1.342590E-05  -7.050568E-06
1   1    -2.0 -6.0 -4.0   0.000000     -1.342590E-05     -1.342590E-05  -7.051391E-06
1   1    -2.0 -4.0 -6.0   0.000000     -1.342590E-05     -1.342590E-05  -7.051391E-06
1   1    -2.0 -4.0  2.0   0.000000     -1.342590E-05     -1.342590E-05  -7.050568E-06
1   1    -2.0  2.0 -4.0   0.000000     -1.342590E-05     -1.342590E-05  -7.050568E-06
1   1    -2.0  2.0  4.0   0.000000     -1.342590E-05     -1.342590E-05  -7.050568E-06
1   1    -2.0  4.0  2.0   0.000000     -1.342590E-05     -1.342590E-05  -7.050568E-06
1   1     2.0 -4.0 -2.0   0.000000     -1.342590E-05     -1.342590E-05  -7.050568E-06
1   1     2.0 -2.0 -4.0   0.000000     -1.342590E-05     -1.342590E-05  -7.050568E-06
1   1     2.0 -2.0  4.0   0.000000     -1.342590E-05     -1.342590E-05  -7.050568E-06
1   1     2.0  4.0 -2.0   0.000000     -1.342590E-05     -1.342590E-05  -7.050568E-06
1   1     2.0  4.0  6.0   0.000000     -1.342590E-05     -1.342590E-05  -7.051391E-06
1   1     2.0  6.0  4.0   0.000000     -1.342590E-05     -1.342590E-05  -7.051391E-06
1   1     4.0 -2.0  2.0   0.000000     -1.342590E-05     -1.342590E-05  -7.050568E-06
1   1     4.0  2.0 -2.0   0.000000     -1.342590E-05     -1.342590E-05  -7.050568E-06
1   1     4.0  2.0  6.0   0.000000     -1.342590E-05     -1.342590E-05  -7.051391E-06
1   1     6.0  2.0  4.0   0.000000     -1.342590E-05     -1.342590E-05  -7.051391E-06
1   1    -6.0 -4.0 -2.0   0.000000     -1.342590E-05     -1.342590E-05  -7.051391E-06
1   1    -4.0 -6.0 -2.0   0.000000     -1.342590E-05     -1.342590E-05  -7.051391E-06
1   1     4.0  6.0  2.0   0.000000     -1.342590E-05     -1.342590E-05  -7.051391E-06
1   1     6.0  4.0  2.0   0.000000     -1.342590E-05     -1.342590E-05  -7.051391E-06
1   1    -6.0 -5.0 -4.0   0.000000     -8.245020E-06     -8.245020E-06  -4.319174E-06
1   1    -6.0 -4.0 -5.0   0.000000     -8.245020E-06     -8.245020E-06  -4.319174E-06
1   1    -6.0 -2.0 -1.0   0.000000     -8.245020E-06     -8.245020E-06  -4.316986E-06
1   1    -6.0 -1.0 -2.0   0.000000     -8.245020E-06     -8.245020E-06  -4.316986E-06
1   1    -5.0 -6.0 -4.0   0.000000     -8.245020E-06     -8.245020E-06  -4.319174E-06
1   1    -5.0 -5.0 -1.0   0.000000     -8.236980E-06     -8.236980E-06  -4.292821E-06
1   1    -5.0 -4.0 -6.0   0.000000     -8.245020E-06     -8.245020E-06  -4.319174E-06
1   1    -5.0 -4.0  0.0   0.000000     -8.236980E-06     -8.236980E-06  -4.291771E-06
1   1    -5.0 -1.0 -5.0   0.000000     -8.236980E-06     -8.236980E-06  -4.292821E-06
1   1    -5.0  0.0 -4.0   0.000000     -8.236980E-06     -8.236980E-06  -4.291771E-06
1   1    -4.0 -6.0 -5.0   0.000000     -8.245020E-06     -8.245020E-06  -4.319174E-06
1   1    -4.0 -5.0 -6.0   0.000000     -8.245020E-06     -8.245020E-06  -4.319174E-06
1   1    -4.0 -5.0  0.0   0.000000     -8.236980E-06     -8.236980E-06  -4.291771E-06
1   1    -4.0 -4.0  1.0   0.000000     -8.236980E-06     -8.236980E-06  -4.292425E-06
1   1    -4.0  0.0 -5.0   0.000000     -8.236980E-06     -8.236980E-06  -4.291771E-06
1   1    -4.0  1.0 -4.0   0.000000     -8.236980E-06     -8.236980E-06  -4.292425E-06
1   1    -4.0  1.0  2.0   0.000000     -8.245020E-06     -8.245020E-06  -4.316980E-06
1   1    -4.0  2.0  1.0   0.000000     -8.245020E-06     -8.245020E-06  -4.316980E-06
1   1    -2.0 -6.0 -1.0   0.000000     -8.245020E-06     -8.245020E-06  -4.316986E-06
1   1    -2.0 -1.0 -6.0   0.000000     -8.245020E-06     -8.245020E-06  -4.316986E-06
1   1    -2.0 -1.0  4.0   0.000000     -8.245020E-06     -8.245020E-06  -4.316980E-06
1   1    -2.0  4.0 -1.0   0.000000     -8.245020E-06     -8.245020E-06  -4.316980E-06
1   1    -1.0 -6.0 -2.0   0.000000     -8.245020E-06     -8.245020E-06  -4.316986E-06
1   1    -1.0 -5.0 -5.0   0.000000     -8.236980E-06     -8.236980E-06  -4.292821E-06
1   1    -1.0 -5.0  1.0   0.000000     -8.245020E-06     -8.245020E-06  -4.315946E-06
1   1    -1.0 -2.0 -6.0   0.000000     -8.245020E-06     -8.245020E-06  -4.316986E-06
1   1    -1.0 -2.0  4.0   0.000000     -8.245020E-06     -8.245020E-06  -4.316980E-06
1   1    -1.0  1.0 -5.0   0.000000     -8.245020E-06     -8.245020E-06  -4.315946E-06
1   1    -1.0  1.0  5.0   0.000000     -8.245020E-06     -8.245020E-06  -4.315946E-06
1   1    -1.0  4.0 -2.0   0.000000     -8.245020E-06     -8.245020E-06  -4.316980E-06
1   1    -1.0  4.0  4.0   0.000000     -8.236980E-06     -8.236980E-06  -4.292425E-06
1   1    -1.0  5.0  1.0   0.000000     -8.245020E-06     -8.245020E-06  -4.315946E-06
1   1     0.0 -5.0 -4.0   0.000000     -8.236980E-06     -8.236980E-06  -4.291771E-06
1   1     0.0 -4.0 -5.0   0.000000     -8.236980E-06     -8.236980E-06  -4.291771E-06
1   1     0.0  4.0  5.0   0.000000     -8.236980E-06     -8.236980E-06  -4.291771E-06
1   1     0.0  5.0  4.0   0.000000     -8.236980E-06     -8.236980E-06  -4.291771E-06
1   1     1.0 -5.0 -1.0   0.000000     -8.245020E-06     -8.245020E-06  -4.315946E-06
1   1     1.0 -4.0 -4.0   0.000000     -8.236980E-06     -8.236980E-06  -4.292425E-06
1   1     1.0 -4.0  2.0   0.000000     -8.245020E-06     -8.245020E-06  -4.316980E-06
1   1     1.0 -1.0 -5.0   0.000000     -8.245020E-06     -8.245020E-06  -4.315946E-06
1   1     1.0 -1.0  5.0   0.000000     -8.245020E-06     -8.245020E-06  -4.315946E-06
1   1     1.0  2.0 -4.0   0.000000     -8.245020E-06     -8.245020E-06  -4.316980E-06
1   1     1.0  2.0  6.0   0.000000     -8.245020E-06     -8.245020E-06  -4.316986E-06
1   1     1.0  5.0 -1.0   0.000000     -8.245020E-06     -8.245020E-06  -4.315946E-06
1   1     1.0  5.0  5.0   0.000000     -8.236980E-06     -8.236980E-06  -4.292821E-06
1   1     1.0  6.0  2.0   0.000000     -8.245020E-06     -8.245020E-06  -4.316986E-06
1   1     2.0 -4.0  1.0   0.000000     -8.245020E-06     -8.245020E-06  -4.316980E-06
1   1     2.0  1.0 -4.0   0.000000     -8.245020E-06     -8.245020E-06  -4.316980E-06
1   1     2.0  1.0  6.0   0.000000     -8.245020E-06     -8.245020E-06  -4.316986E-06
1   1     2.0  6.0  1.0   0.000000     -8.245020E-06     -8.245020E-06  -4.316986E-06
1   1     4.0 -2.0 -1.0   0.000000     -8.245020E-06     -8.245020E-06  -4.316980E-06
1   1     4.0 -1.0 -2.0   0.000000     -8.245020E-06     -8.245020E-06  -4.316980E-06
1   1     4.0 -1.0  4.0   0.000000     -8.236980E-06     -8.236980E-06  -4.292425E-06
1   1     4.0  0.0  5.0   0.000000     -8.236980E-06     -8.236980E-06  -4.291771E-06
1   1     4.0  4.0 -1.0   0.000000     -8.236980E-06     -8.236980E-06  -4.292425E-06
1   1     4.0  5.0  0.0   0.000000     -8.236980E-06     -8.236980E-06  -4.291771E-06
1   1     4.0  5.0  6.0   0.000000     -8.245020E-06     -8.245020E-06  -4.319174E-06
1   1     4.0  6.0  5.0   0.000000     -8.245020E-06     -8.245020E-06  -4.319174E-06
1   1     5.0  0.0  4.0   0.000000     -8.236980E-06     -8.236980E-06  -4.291771E-06
1   1     5.0  1.0  5.0   0.000000     -8.236980E-06     -8.236980E-06  -4.292821E-06
1   1     5.0  4.0  0.0   0.000000     -8.236980E-06     -8.236980E-06  -4.291771E-06
1   1     5.0  4.0  6.0   0.000000     -8.245020E-06     -8.245020E-06  -4.319174E-06
1   1     5.0  5.0  1.0   0.000000     -8.236980E-06     -8.236980E-06  -4.292821E-06
1   1     5.0  6.0  4.0   0.000000     -8.245020E-06     -8.245020E-06  -4.319174E-06
1   1     6.0  1.0  2.0   0.000000     -8.245020E-06     -8.245020E-06  -4.316986E-06
1   1     6.0  2.0  1.0   0.000000     -8.245020E-06     -8.245020E-06  -4.316986E-06
1   1     6.0  4.0  5.0   0.000000     -8.245020E-06     -8.245020E-06  -4.319174E-06
1   1     6.0  5.0  4.0   0.000000     -8.245020E-06     -8.245020E-06  -4.319174E-06
1   1    -5.0 -1.0  1.0   0.000000     -8.245020E-06     -8.245020E-06  -4.315946E-06
1   1    -5.0  1.0 -1.0   0.000000     -8.245020E-06     -8.245020E-06  -4.315946E-06
1   1     5.0 -1.0  1.0   0.000000     -8.245020E-06     -8.245020E-06  -4.315946E-06
1   1     5.0  1.0 -1.0   0.000000     -8.245020E-06     -8.245020E-06  -4.315946E-06
1   1    -6.0 -5.0 -3.0   0.000000     -6.306350E-06     -6.306350E-06  -3.303534E-06
1   1    -6.0 -3.0 -5.0   0.000000     -6.306350E-06     -6.306350E-06  -3.303534E-06
1   1    -6.0 -3.0 -1.0   0.000000     -6.306350E-06     -6.306350E-06  -3.302866E-06
1   1    -6.0 -1.0 -3.0   0.000000     -6.306350E-06     -6.306350E-06  -3.302866E-06
1   1    -5.0 -6.0 -3.0   0.000000     -6.306350E-06     -6.306350E-06  -3.303534E-06
1   1    -5.0 -3.0 -6.0   0.000000     -6.306350E-06     -6.306350E-06  -3.303534E-06
1   1    -5.0 -2.0  1.0   0.000000     -6.306350E-06     -6.306350E-06  -3.302073E-06
1   1    -3.0 -6.0 -5.0   0.000000     -6.306350E-06     -6.306350E-06  -3.303534E-06
1   1    -3.0 -6.0 -1.0   0.000000     -6.306350E-06     -6.306350E-06  -3.302866E-06
1   1    -3.0 -5.0 -6.0   0.000000     -6.306350E-06     -6.306350E-06  -3.303534E-06
1   1    -3.0 -2.0  3.0   0.000000     -6.306350E-06     -6.306350E-06  -3.303466E-06
1   1    -3.0 -1.0 -6.0   0.000000     -6.306350E-06     -6.306350E-06  -3.302866E-06
1   1    -3.0  2.0  3.0   0.000000     -6.306350E-06     -6.306350E-06  -3.303466E-06
1   1    -3.0  3.0 -2.0   0.000000     -6.306350E-06     -6.306350E-06  -3.303466E-06
1   1    -3.0  3.0  2.0   0.000000     -6.306350E-06     -6.306350E-06  -3.303466E-06
1   1    -2.0 -5.0  1.0   0.000000     -6.306350E-06     -6.306350E-06  -3.302073E-06
1   1    -2.0 -3.0  3.0   0.000000     -6.306350E-06     -6.306350E-06  -3.303466E-06
1   1    -2.0  1.0 -5.0   0.000000     -6.306350E-06     -6.306350E-06  -3.302073E-06
1   1    -2.0  3.0 -3.0   0.000000     -6.306350E-06     -6.306350E-06  -3.303466E-06
1   1    -1.0 -6.0 -3.0   0.000000     -6.306350E-06     -6.306350E-06  -3.302866E-06
1   1    -1.0 -3.0 -6.0   0.000000     -6.306350E-06     -6.306350E-06  -3.302866E-06
1   1    -1.0  2.0  5.0   0.000000     -6.306350E-06     -6.306350E-06  -3.302073E-06
1   1    -1.0  5.0  2.0   0.000000     -6.306350E-06     -6.306350E-06  -3.302073E-06
1   1     1.0 -5.0 -2.0   0.000000     -6.306350E-06     -6.306350E-06  -3.302073E-06
1   1     1.0 -2.0 -5.0   0.000000     -6.306350E-06     -6.306350E-06  -3.302073E-06
1   1     1.0  3.0  6.0   0.000000     -6.306350E-06     -6.306350E-06  -3.302866E-06
1   1     1.0  6.0  3.0   0.000000     -6.306350E-06     -6.306350E-06  -3.302866E-06
1   1     2.0 -3.0  3.0   0.000000     -6.306350E-06     -6.306350E-06  -3.303466E-06
1   1     2.0 -1.0  5.0   0.000000     -6.306350E-06     -6.306350E-06  -3.302073E-06
1   1     2.0  3.0 -3.0   0.000000     -6.306350E-06     -6.306350E-06  -3.303466E-06
1   1     2.0  5.0 -1.0   0.000000     -6.306350E-06     -6.306350E-06  -3.302073E-06
1   1     3.0 -3.0 -2.0   0.000000     -6.306350E-06     -6.306350E-06  -3.303466E-06
1   1     3.0 -3.0  2.0   0.000000     -6.306350E-06     -6.306350E-06  -3.303466E-06
1   1     3.0 -2.0 -3.0   0.000000     -6.306350E-06     -6.306350E-06  -3.303466E-06
1   1     3.0  1.0  6.0   0.000000     -6.306350E-06     -6.306350E-06  -3.302866E-06
1   1     3.0  2.0 -3.0   0.000000     -6.306350E-06     -6.306350E-06  -3.303466E-06
1   1     3.0  5.0  6.0   0.000000     -6.306350E-06     -6.306350E-06  -3.303534E-06
1   1     3.0  6.0  1.0   0.000000     -6.306350E-06     -6.306350E-06  -3.302866E-06
1   1     3.0  6.0  5.0   0.000000     -6.306350E-06     -6.306350E-06  -3.303534E-06
1   1     5.0  2.0 -1.0   0.000000     -6.306350E-06     -6.306350E-06  -3.302073E-06
1   1     5.0  3.0  6.0   0.000000     -6.306350E-06     -6.306350E-06  -3.303534E-06
1   1     5.0  6.0  3.0   0.000000     -6.306350E-06     -6.306350E-06  -3.303534E-06
1   1     6.0  1.0  3.0   0.000000     -6.306350E-06     -6.306350E-06  -3.302866E-06
1   1     6.0  3.0  1.0   0.000000     -6.306350E-06     -6.306350E-06  -3.302866E-06
1   1     6.0  3.0  5.0   0.000000     -6.306350E-06     -6.306350E-06  -3.303534E-06
1   1     6.0  5.0  3.0   0.000000     -6.306350E-06     -6.306350E-06  -3.303534E-06
1   1    -5.0  1.0 -2.0   0.000000     -6.306350E-06     -6.306350E-06  -3.302073E-06
1   1     5.0 -1.0  2.0   0.000000     -6.306350E-06     -6.306350E-06  -3.302073E-06
1   1    -6.0 -5.0 -5.0   0.000000      2.948080E-06      2.948080E-06   1.543408E-06
1   1    -6.0 -1.0 -1.0   0.000000      2.948080E-06      2.948080E-06   1.542305E-06
1   1    -5.0 -6.0 -5.0   0.000000      2.948080E-06      2.948080E-06   1.543408E-06
1   1    -5.0 -5.0 -6.0   0.000000      2.948080E-06      2.948080E-06   1.543408E-06
1   1    -1.0 -6.0 -1.0   0.000000      2.948080E-06      2.948080E-06   1.542305E-06
1   1    -1.0 -1.0 -6.0   0.000000      2.948080E-06      2.948080E-06   1.542305E-06
1   1    -1.0  0.0  5.0   0.000000      2.948080E-06      2.948080E-06   1.541918E-06
1   1    -1.0  5.0  0.0   0.000000      2.948080E-06      2.948080E-06   1.541918E-06
1   1     0.0 -1.0  5.0   0.000000      2.948080E-06      2.948080E-06   1.541918E-06
1   1     0.0  1.0 -5.0   0.000000      2.948080E-06      2.948080E-06   1.541918E-06
1   1     1.0 -5.0  0.0   0.000000      2.948080E-06      2.948080E-06   1.541918E-06
1   1     1.0  0.0 -5.0   0.000000      2.948080E-06      2.948080E-06   1.541918E-06
1   1     1.0  1.0  6.0   0.000000      2.948080E-06      2.948080E-06   1.542305E-06
1   1     1.0  6.0  1.0   0.000000      2.948080E-06      2.948080E-06   1.542305E-06
1   1     5.0  5.0  6.0   0.000000      2.948080E-06      2.948080E-06   1.543408E-06
1   1     5.0  6.0  5.0   0.000000      2.948080E-06      2.948080E-06   1.543408E-06
1   1     6.0  1.0  1.0   0.000000      2.948080E-06      2.948080E-06   1.542305E-06
1   1     6.0  5.0  5.0   0.000000      2.948080E-06      2.948080E-06   1.543408E-06
1   1    -5.0  0.0  1.0   0.000000      2.948080E-06      2.948080E-06   1.541918E-06
1   1    -5.0  1.0  0.0   0.000000      2.948080E-06      2.948080E-06   1.541918E-06
1   1     0.0 -5.0  1.0   0.000000      2.948080E-06      2.948080E-06   1.541918E-06
1   1     0.0  5.0 -1.0   0.000000      2.948080E-06      2.948080E-06   1.541918E-06
1   1     5.0 -1.0  0.0   0.000000      2.948080E-06      2.948080E-06   1.541918E-06
1   1     5.0  0.0 -1.0   0.000000      2.948080E-06      2.948080E-06   1.541918E-06
1   1    -6.0 -5.0 -2.0   0.000000      8.145230E-06      8.145230E-06   4.216514E-06
1   1    -5.0 -6.0 -2.0   0.000000      8.145230E-06      8.145230E-06   4.216514E-06
1   1    -4.0 -3.0  2.0   0.000000      8.145230E-06      8.145230E-06   4.215919E-06
1   1    -3.0 -4.0  2.0   0.000000      8.145230E-06      8.145230E-06   4.215919E-06
1   1     3.0  4.0 -2.0   0.000000      8.145230E-06      8.145230E-06   4.215919E-06
1   1     4.0  3.0 -2.0   0.000000      8.145230E-06      8.145230E-06   4.215919E-06
1   1     5.0  6.0  2.0   0.000000      8.145230E-06      8.145230E-06   4.216514E-06
1   1     6.0  5.0  2.0   0.000000      8.145230E-06      8.145230E-06   4.216514E-06
1   1    -6.0 -4.0 -1.0   0.000000      8.145230E-06      8.145230E-06   4.215957E-06
1   1    -6.0 -2.0 -5.0   0.000000      8.145230E-06      8.145230E-06   4.216514E-06
1   1    -6.0 -1.0 -4.0   0.000000      8.145230E-06      8.145230E-06   4.215957E-06
1   1    -5.0 -3.0  1.0   0.000000      8.145230E-06      8.145230E-06   4.214974E-06
1   1    -5.0 -2.0 -6.0   0.000000      8.145230E-06      8.145230E-06   4.216514E-06
1   1    -5.0  1.0 -3.0   0.000000      8.145230E-06      8.145230E-06   4.214974E-06
1   1    -4.0 -6.0 -1.0   0.000000      8.145230E-06      8.145230E-06   4.215957E-06
1   1    -4.0 -1.0 -6.0   0.000000      8.145230E-06      8.145230E-06   4.215957E-06
1   1    -4.0  2.0 -3.0   0.000000      8.145230E-06      8.145230E-06   4.215919E-06
1   1    -3.0 -5.0  1.0   0.000000      8.145230E-06      8.145230E-06   4.214974E-06
1   1    -3.0  1.0 -5.0   0.000000      8.145230E-06      8.145230E-06   4.214974E-06
1   1    -3.0  2.0 -4.0   0.000000      8.145230E-06      8.145230E-06   4.215919E-06
1   1    -2.0 -6.0 -5.0   0.000000      8.145230E-06      8.145230E-06   4.216514E-06
1   1    -2.0 -5.0 -6.0   0.000000      8.145230E-06      8.145230E-06   4.216514E-06
1   1    -2.0  3.0  4.0   0.000000      8.145230E-06      8.145230E-06   4.215919E-06
1   1    -2.0  4.0  3.0   0.000000      8.145230E-06      8.145230E-06   4.215919E-06
1   1    -1.0 -6.0 -4.0   0.000000      8.145230E-06      8.145230E-06   4.215957E-06
1   1    -1.0 -4.0 -6.0   0.000000      8.145230E-06      8.145230E-06   4.215957E-06
1   1    -1.0  3.0  5.0   0.000000      8.145230E-06      8.145230E-06   4.214974E-06
1   1    -1.0  5.0  3.0   0.000000      8.145230E-06      8.145230E-06   4.214974E-06
1   1     1.0 -5.0 -3.0   0.000000      8.145230E-06      8.145230E-06   4.214974E-06
1   1     1.0 -3.0 -5.0   0.000000      8.145230E-06      8.145230E-06   4.214974E-06
1   1     1.0  4.0  6.0   0.000000      8.145230E-06      8.145230E-06   4.215957E-06
1   1     1.0  6.0  4.0   0.000000      8.145230E-06      8.145230E-06   4.215957E-06
1   1     2.0 -4.0 -3.0   0.000000      8.145230E-06      8.145230E-06   4.215919E-06
1   1     2.0 -3.0 -4.0   0.000000      8.145230E-06      8.145230E-06   4.215919E-06
1   1     2.0  5.0  6.0   0.000000      8.145230E-06      8.145230E-06   4.216514E-06
1   1     2.0  6.0  5.0   0.000000      8.145230E-06      8.145230E-06   4.216514E-06
1   1     3.0 -2.0  4.0   0.000000      8.145230E-06      8.145230E-06   4.215919E-06
1   1     3.0 -1.0  5.0   0.000000      8.145230E-06      8.145230E-06   4.214974E-06
1   1     3.0  5.0 -1.0   0.000000      8.145230E-06      8.145230E-06   4.214974E-06
1   1     4.0 -2.0  3.0   0.000000      8.145230E-06      8.145230E-06   4.215919E-06
1   1     4.0  1.0  6.0   0.000000      8.145230E-06      8.145230E-06   4.215957E-06
1   1     4.0  6.0  1.0   0.000000      8.145230E-06      8.145230E-06   4.215957E-06
1   1     5.0 -1.0  3.0   0.000000      8.145230E-06      8.145230E-06   4.214974E-06
1   1     5.0  2.0  6.0   0.000000      8.145230E-06      8.145230E-06   4.216514E-06
1   1     5.0  3.0 -1.0   0.000000      8.145230E-06      8.145230E-06   4.214974E-06
1   1     6.0  1.0  4.0   0.000000      8.145230E-06      8.145230E-06   4.215957E-06
1   1     6.0  2.0  5.0   0.000000      8.145230E-06      8.145230E-06   4.216514E-06
1   1     6.0  4.0  1.0   0.000000      8.145230E-06      8.145230E-06   4.215957E-06
1   1    -6.0 -6.0 -4.0   0.000000      9.201400E-06      9.201400E-06   4.771652E-06
1   1    -6.0 -4.0 -6.0   0.000000      9.201400E-06      9.201400E-06   4.771652E-06
1   1    -6.0 -2.0  0.0   0.000000      9.201400E-06      9.201400E-06   4.769111E-06
1   1    -6.0  0.0 -2.0   0.000000      9.201400E-06      9.201400E-06   4.769111E-06
1   1    -4.0 -6.0 -6.0   0.000000      9.201400E-06      9.201400E-06   4.771652E-06
1   1    -4.0  2.0  2.0   0.000000      9.201400E-06      9.201400E-06   4.770564E-06
1   1    -2.0 -6.0  0.0   0.000000      9.201400E-06      9.201400E-06   4.769111E-06
1   1    -2.0 -2.0  4.0   0.000000      9.201400E-06      9.201400E-06   4.770564E-06
1   1    -2.0  0.0 -6.0   0.000000      9.201400E-06      9.201400E-06   4.769111E-06
1   1    -2.0  4.0 -2.0   0.000000      9.201400E-06      9.201400E-06   4.770564E-06
1   1     0.0 -6.0 -2.0   0.000000      9.201400E-06      9.201400E-06   4.769111E-06
1   1     0.0 -2.0 -6.0   0.000000      9.201400E-06      9.201400E-06   4.769111E-06
1   1     0.0  2.0  6.0   0.000000      9.201400E-06      9.201400E-06   4.769111E-06
1   1     0.0  6.0  2.0   0.000000      9.201400E-06      9.201400E-06   4.769111E-06
1   1     2.0 -4.0  2.0   0.000000      9.201400E-06      9.201400E-06   4.770564E-06
1   1     2.0  0.0  6.0   0.000000      9.201400E-06      9.201400E-06   4.769111E-06
1   1     2.0  2.0 -4.0   0.000000      9.201400E-06      9.201400E-06   4.770564E-06
1   1     2.0  6.0  0.0   0.000000      9.201400E-06      9.201400E-06   4.769111E-06
1   1     4.0 -2.0 -2.0   0.000000      9.201400E-06      9.201400E-06   4.770564E-06
1   1     4.0  6.0  6.0   0.000000      9.201400E-06      9.201400E-06   4.771652E-06
1   1     6.0  0.0  2.0   0.000000      9.201400E-06      9.201400E-06   4.769111E-06
1   1     6.0  2.0  0.0   0.000000      9.201400E-06      9.201400E-06   4.769111E-06
1   1     6.0  4.0  6.0   0.000000      9.201400E-06      9.201400E-06   4.771652E-06
1   1     6.0  6.0  4.0   0.000000      9.201400E-06      9.201400E-06   4.771652E-06
1   1    -7.0 -4.0 -4.0   0.000000      5.366210E-06      5.366210E-06   2.769086E-06
1   1    -7.0 -3.0 -3.0   0.000000      5.366210E-06      5.366210E-06   2.768512E-06
1   1    -6.0 -6.0 -5.0   0.000000      5.542730E-06      5.542730E-06   2.865130E-06
1   1    -6.0 -6.0 -3.0   0.000000      4.455960E-06      4.455960E-06   2.297370E-06
1   1    -6.0 -5.0 -6.0   0.000000      5.542730E-06      5.542730E-06   2.865130E-06
1   1    -6.0 -3.0 -6.0   0.000000      4.455960E-06      4.455960E-06   2.297370E-06
1   1    -6.0 -3.0  0.0   0.000000      4.455960E-06      4.455960E-06   2.296352E-06
1   1    -6.0 -1.0  0.0   0.000000      5.542730E-06      5.542730E-06   2.862378E-06
1   1    -6.0  0.0 -3.0   0.000000      4.455960E-06      4.455960E-06   2.296352E-06
1   1    -6.0  0.0 -1.0   0.000000      5.542730E-06      5.542730E-06   2.862378E-06
1   1    -5.0 -6.0 -6.0   0.000000      5.542730E-06      5.542730E-06   2.865130E-06
1   1    -4.0 -7.0 -4.0   0.000000      5.366210E-06      5.366210E-06   2.769086E-06
1   1    -4.0 -4.0 -7.0   0.000000      5.366210E-06      5.366210E-06   2.769086E-06
1   1    -4.0  0.0  3.0   0.000000      5.366210E-06      5.366210E-06   2.767533E-06
1   1    -4.0  3.0  0.0   0.000000      5.366210E-06      5.366210E-06   2.767533E-06
1   1    -3.0 -6.0 -6.0   0.000000      4.455960E-06      4.455960E-06   2.297370E-06
1   1    -3.0 -6.0  0.0   0.000000      4.455960E-06      4.455960E-06   2.296352E-06
1   1    -3.0 -3.0 -7.0   0.000000      5.366210E-06      5.366210E-06   2.768512E-06
1   1    -3.0 -3.0  3.0   0.000000      4.455960E-06      4.455960E-06   2.296747E-06
1   1    -3.0  0.0 -6.0   0.000000      4.455960E-06      4.455960E-06   2.296352E-06
1   1    -3.0  0.0  4.0   0.000000      5.366210E-06      5.366210E-06   2.767533E-06
1   1    -3.0  3.0 -3.0   0.000000      4.455960E-06      4.455960E-06   2.296747E-06
1   1    -3.0  3.0  3.0   0.000000      4.455960E-06      4.455960E-06   2.296747E-06
1   1    -3.0  4.0  0.0   0.000000      5.366210E-06      5.366210E-06   2.767533E-06
1   1    -1.0 -6.0  0.0   0.000000      5.542730E-06      5.542730E-06   2.862378E-06
1   1    -1.0 -1.0  5.0   0.000000      5.542730E-06      5.542730E-06   2.862955E-06
1   1    -1.0  0.0 -6.0   0.000000      5.542730E-06      5.542730E-06   2.862378E-06
1   1    -1.0  5.0 -1.0   0.000000      5.542730E-06      5.542730E-06   2.862955E-06
1   1     0.0 -6.0 -3.0   0.000000      4.455960E-06      4.455960E-06   2.296352E-06
1   1     0.0 -6.0 -1.0   0.000000      5.542730E-06      5.542730E-06   2.862378E-06
1   1     0.0 -4.0  3.0   0.000000      5.366210E-06      5.366210E-06   2.767533E-06
1   1     0.0 -3.0 -6.0   0.000000      4.455960E-06      4.455960E-06   2.296352E-06
1   1     0.0 -3.0  4.0   0.000000      5.366210E-06      5.366210E-06   2.767533E-06
1   1     0.0 -1.0 -6.0   0.000000      5.542730E-06      5.542730E-06   2.862378E-06
1   1     0.0  1.0  6.0   0.000000      5.542730E-06      5.542730E-06   2.862378E-06
1   1     0.0  3.0 -4.0   0.000000      5.366210E-06      5.366210E-06   2.767533E-06
1   1     0.0  3.0  6.0   0.000000      4.455960E-06      4.455960E-06   2.296352E-06
1   1     0.0  4.0 -3.0   0.000000      5.366210E-06      5.366210E-06   2.767533E-06
1   1     0.0  6.0  1.0   0.000000      5.542730E-06      5.542730E-06   2.862378E-06
1   1     0.0  6.0  3.0   0.000000      4.455960E-06      4.455960E-06   2.296352E-06
1   1     1.0 -5.0  1.0   0.000000      5.542730E-06      5.542730E-06   2.862955E-06
1   1     1.0  0.0  6.0   0.000000      5.542730E-06      5.542730E-06   2.862378E-06
1   1     1.0  1.0 -5.0   0.000000      5.542730E-06      5.542730E-06   2.862955E-06
1   1     1.0  6.0  0.0   0.000000      5.542730E-06      5.542730E-06   2.862378E-06
1   1     3.0 -4.0  0.0   0.000000      5.366210E-06      5.366210E-06   2.767533E-06
1   1     3.0 -3.0 -3.0   0.000000      4.455960E-06      4.455960E-06   2.296747E-06
1   1     3.0 -3.0  3.0   0.000000      4.455960E-06      4.455960E-06   2.296747E-06
1   1     3.0  0.0 -4.0   0.000000      5.366210E-06      5.366210E-06   2.767533E-06
1   1     3.0  0.0  6.0   0.000000      4.455960E-06      4.455960E-06   2.296352E-06
1   1     3.0  3.0 -3.0   0.000000      4.455960E-06      4.455960E-06   2.296747E-06
1   1     3.0  3.0  7.0   0.000000      5.366210E-06      5.366210E-06   2.768512E-06
1   1     3.0  6.0  0.0   0.000000      4.455960E-06      4.455960E-06   2.296352E-06
1   1     3.0  6.0  6.0   0.000000      4.455960E-06      4.455960E-06   2.297370E-06
1   1     4.0 -3.0  0.0   0.000000      5.366210E-06      5.366210E-06   2.767533E-06
1   1     4.0  0.0 -3.0   0.000000      5.366210E-06      5.366210E-06   2.767533E-06
1   1     4.0  4.0  7.0   0.000000      5.366210E-06      5.366210E-06   2.769086E-06
1   1     4.0  7.0  4.0   0.000000      5.366210E-06      5.366210E-06   2.769086E-06
1   1     5.0  6.0  6.0   0.000000      5.542730E-06      5.542730E-06   2.865130E-06
1   1     6.0  0.0  1.0   0.000000      5.542730E-06      5.542730E-06   2.862378E-06
1   1     6.0  0.0  3.0   0.000000      4.455960E-06      4.455960E-06   2.296352E-06
1   1     6.0  1.0  0.0   0.000000      5.542730E-06      5.542730E-06   2.862378E-06
1   1     6.0  3.0  0.0   0.000000      4.455960E-06      4.455960E-06   2.296352E-06
1   1     6.0  3.0  6.0   0.000000      4.455960E-06      4.455960E-06   2.297370E-06
1   1     6.0  5.0  6.0   0.000000      5.542730E-06      5.542730E-06   2.865130E-06
1   1     6.0  6.0  3.0   0.000000      4.455960E-06      4.455960E-06   2.297370E-06
1   1     6.0  6.0  5.0   0.000000      5.542730E-06      5.542730E-06   2.865130E-06
1   1     7.0  3.0  3.0   0.000000      5.366210E-06      5.366210E-06   2.768512E-06
1   1     7.0  4.0  4.0   0.000000      5.366210E-06      5.366210E-06   2.769086E-06
1   1    -5.0  1.0  1.0   0.000000      5.542730E-06      5.542730E-06   2.862955E-06
1   1    -3.0 -7.0 -3.0   0.000000      5.366210E-06      5.366210E-06   2.768512E-06
1   1     3.0  7.0  3.0   0.000000      5.366210E-06      5.366210E-06   2.768512E-06
1   1     5.0 -1.0 -1.0   0.000000      5.542730E-06      5.542730E-06   2.862955E-06
1   1    -7.0 -4.0 -3.0   0.000000      3.947970E-06      3.947970E-06   2.032365E-06
1   1    -7.0 -3.0 -4.0   0.000000      3.947970E-06      3.947970E-06   2.032365E-06
1   1    -4.0  3.0 -1.0   0.000000      3.947970E-06      3.947970E-06   2.031565E-06
1   1    -3.0  4.0  1.0   0.000000      3.947970E-06      3.947970E-06   2.031565E-06
1   1     3.0 -4.0 -1.0   0.000000      3.947970E-06      3.947970E-06   2.031565E-06
1   1     4.0 -3.0  1.0   0.000000      3.947970E-06      3.947970E-06   2.031565E-06
1   1     7.0  3.0  4.0   0.000000      3.947970E-06      3.947970E-06   2.032365E-06
1   1     7.0  4.0  3.0   0.000000      3.947970E-06      3.947970E-06   2.032365E-06
