i   j        dx     dy     dz         Jij            χ⁰↑            χ⁰↓            Xzz
1   1    -1.000 -1.000 -1.000    0.000000   3.701760E-02   3.701760E-02   4.269360E-02
1   1     1.000  1.000  1.000    0.000000   3.701760E-02   3.701760E-02   4.269360E-02
1   1     0.000 -1.000  0.000    0.000000   1.786030E-02   1.786030E-02   2.063182E-02
1   1     0.000  0.000 -1.000    0.000000   1.786030E-02   1.786030E-02   2.063182E-02
1   1     0.000  0.000  1.000    0.000000   1.786030E-02   1.786030E-02   2.063182E-02
1   1     0.000  1.000  0.000    0.000000   1.786030E-02   1.786030E-02   2.063182E-02
1   1    -1.000  0.000  0.000    0.000000  -1.117030E-01  -1.117030E-01  -1.262598E-01
1   1     1.000  0.000  0.000    0.000000  -1.117030E-01  -1.117030E-01  -1.262598E-01
1   1     0.000 -1.000 -1.000    0.000000   3.613130E-02   3.613130E-02   4.095487E-02
1   1     0.000  1.000  1.000    0.000000   3.613130E-02   3.613130E-02   4.095487E-02
1   1    -1.000 -1.000  0.000    0.000000   4.946780E-02   4.946780E-02   5.659299E-02
1   1    -1.000  0.000 -1.000    0.000000   4.946780E-02   4.946780E-02   5.659299E-02
1   1     1.000  0.000  1.000    0.000000   4.946780E-02   4.946780E-02   5.659299E-02
1   1     1.000  1.000  0.000    0.000000   4.946780E-02   4.946780E-02   5.659299E-02
1   1    -1.000 -2.000 -1.000    0.000000   1.886230E-03   1.886230E-03   2.257276E-03
1   1    -1.000 -1.000 -2.000    0.000000   1.886230E-03   1.886230E-03   2.257276E-03
1   1     1.000  1.000  2.000    0.000000   1.886230E-03   1.886230E-03   2.257276E-03
1   1     1.000  2.000  1.000    0.000000   1.886230E-03   1.886230E-03   2.257276E-03
1   1    -2.000 -1.000 -1.000    0.000000  -2.101870E-03  -2.101870E-03  -2.489504E-03
1   1     2.000  1.000  1.000    0.000000  -2.101870E-03  -2.101870E-03  -2.489504E-03
1   1    -1.000  0.000  1.000    0.000000  -2.894450E-04  -2.894450E-04  -3.357633E-04
1   1    -1.000  1.000  0.000    0.000000  -2.894450E-04  -2.894450E-04  -3.357633E-04
1   1     1.000 -1.000  0.000    0.000000  -2.894450E-04  -2.894450E-04  -3.357633E-04
1   1     1.000  0.000 -1.000    0.000000  -2.894450E-04  -2.894450E-04  -3.357633E-04
1   1     0.000 -1.000  1.000    0.000000  -4.514040E-03  -4.514040E-03  -5.320897E-03
1   1     0.000  1.000 -1.000    0.000000  -4.514040E-03  -4.514040E-03  -5.320897E-03
1   1    -1.000 -2.000 -2.000    0.000000   6.531660E-03   6.531660E-03   7.878375E-03
1   1     1.000  2.000  2.000    0.000000   6.531660E-03   6.531660E-03   7.878375E-03
1   1     0.000 -2.000 -1.000    0.000000   1.553220E-03   1.553220E-03   1.893452E-03
1   1     0.000 -1.000 -2.000    0.000000   1.553220E-03   1.553220E-03   1.893452E-03
1   1     0.000  1.000  2.000    0.000000   1.553220E-03   1.553220E-03   1.893452E-03
1   1     0.000  2.000  1.000    0.000000   1.553220E-03   1.553220E-03   1.893452E-03
1   1    -2.000 -2.000 -1.000    0.000000  -1.360080E-02  -1.360080E-02  -1.679339E-02
1   1    -2.000 -1.000 -2.000    0.000000  -1.360080E-02  -1.360080E-02  -1.679339E-02
1   1     2.000  1.000  2.000    0.000000  -1.360080E-02  -1.360080E-02  -1.679339E-02
1   1     2.000  2.000  1.000    0.000000  -1.360080E-02  -1.360080E-02  -1.679339E-02
1   1    -1.000  1.000  1.000    0.000000  -2.584270E-03  -2.584270E-03  -3.165025E-03
1   1     1.000 -1.000 -1.000    0.000000  -2.584270E-03  -2.584270E-03  -3.165025E-03
1   1    -1.000 -2.000  0.000    0.000000  -8.792100E-04  -8.792100E-04  -1.064733E-03
1   1    -1.000  0.000 -2.000    0.000000  -8.792100E-04  -8.792100E-04  -1.064733E-03
1   1     1.000  0.000  2.000    0.000000  -8.792100E-04  -8.792100E-04  -1.064733E-03
1   1     1.000  2.000  0.000    0.000000  -8.792100E-04  -8.792100E-04  -1.064733E-03
1   1    -2.000 -1.000  0.000    0.000000  -2.342010E-03  -2.342010E-03  -2.840549E-03
1   1    -2.000  0.000 -1.000    0.000000  -2.342010E-03  -2.342010E-03  -2.840549E-03
1   1     2.000  0.000  1.000    0.000000  -2.342010E-03  -2.342010E-03  -2.840549E-03
1   1     2.000  1.000  0.000    0.000000  -2.342010E-03  -2.342010E-03  -2.840549E-03
1   1    -1.000 -1.000  1.000    0.000000  -2.003100E-03  -2.003100E-03  -2.511943E-03
1   1    -1.000  1.000 -1.000    0.000000  -2.003100E-03  -2.003100E-03  -2.511943E-03
1   1     1.000 -1.000  1.000    0.000000  -2.003100E-03  -2.003100E-03  -2.511943E-03
1   1     1.000  1.000 -1.000    0.000000  -2.003100E-03  -2.003100E-03  -2.511943E-03
1   1    -2.000 -2.000 -2.000    0.000000   3.331400E-02   3.331400E-02   4.165672E-02
1   1     2.000  2.000  2.000    0.000000   3.331400E-02   3.331400E-02   4.165672E-02
1   1     0.000 -2.000  0.000    0.000000   6.654350E-03   6.654350E-03   8.211117E-03
1   1     0.000  0.000 -2.000    0.000000   6.654350E-03   6.654350E-03   8.211117E-03
1   1     0.000  0.000  2.000    0.000000   6.654350E-03   6.654350E-03   8.211117E-03
1   1     0.000  2.000  0.000    0.000000   6.654350E-03   6.654350E-03   8.211117E-03
1   1    -2.000  0.000  0.000    0.000000   1.728440E-03   1.728440E-03   2.082185E-03
1   1     2.000  0.000  0.000    0.000000   1.728440E-03   1.728440E-03   2.082185E-03
1   1     0.000 -2.000 -2.000    0.000000   6.331490E-03   6.331490E-03   8.117430E-03
1   1     0.000  2.000  2.000    0.000000   6.331490E-03   6.331490E-03   8.117430E-03
1   1    -2.000 -2.000  0.000    0.000000   7.635200E-03   7.635200E-03   1.007403E-02
1   1    -2.000  0.000 -2.000    0.000000   7.635200E-03   7.635200E-03   1.007403E-02
1   1     2.000  0.000  2.000    0.000000   7.635200E-03   7.635200E-03   1.007403E-02
1   1     2.000  2.000  0.000    0.000000   7.635200E-03   7.635200E-03   1.007403E-02
1   1    -2.000 -3.000 -2.000    0.000000   6.534930E-04   6.534930E-04   8.022342E-04
1   1    -2.000 -2.000 -3.000    0.000000   6.534930E-04   6.534930E-04   8.022342E-04
1   1     2.000  2.000  3.000    0.000000   6.534930E-04   6.534930E-04   8.022342E-04
1   1     2.000  3.000  2.000    0.000000   6.534930E-04   6.534930E-04   8.022342E-04
1   1    -3.000 -2.000 -2.000    0.000000   1.252190E-03   1.252190E-03   1.450425E-03
1   1     3.000  2.000  2.000    0.000000   1.252190E-03   1.252190E-03   1.450425E-03
1   1    -1.000 -1.000 -3.000    0.000000   1.595170E-03   1.595170E-03   2.098680E-03
1   1     1.000  1.000  3.000    0.000000   1.595170E-03   1.595170E-03   2.098680E-03
1   1    -1.000 -3.000 -1.000    0.000000   1.595170E-03   1.595170E-03   2.098680E-03
1   1     1.000  3.000  1.000    0.000000   1.595170E-03   1.595170E-03   2.098680E-03
1   1    -3.000 -1.000 -1.000    0.000000   4.361810E-04   4.361810E-04   5.569829E-04
1   1     3.000  1.000  1.000    0.000000   4.361810E-04   4.361810E-04   5.569829E-04
1   1    -1.000  0.000  2.000    0.000000   5.237810E-03   5.237810E-03   6.169119E-03
1   1    -1.000  2.000  0.000    0.000000   5.237810E-03   5.237810E-03   6.169119E-03
1   1     1.000 -2.000  0.000    0.000000   5.237810E-03   5.237810E-03   6.169119E-03
1   1     1.000  0.000 -2.000    0.000000   5.237810E-03   5.237810E-03   6.169119E-03
1   1    -2.000  0.000  1.000    0.000000   5.201950E-04   5.201950E-04   6.367347E-04
1   1    -2.000  1.000  0.000    0.000000   5.201950E-04   5.201950E-04   6.367347E-04
1   1     2.000 -1.000  0.000    0.000000   5.201950E-04   5.201950E-04   6.367347E-04
1   1     2.000  0.000 -1.000    0.000000   5.201950E-04   5.201950E-04   6.367347E-04
1   1     0.000 -1.000  2.000    0.000000   6.737960E-04   6.737960E-04   8.284975E-04
1   1     0.000  1.000 -2.000    0.000000   6.737960E-04   6.737960E-04   8.284975E-04
1   1     0.000 -2.000  1.000    0.000000   6.737960E-04   6.737960E-04   8.284975E-04
1   1     0.000  2.000 -1.000    0.000000   6.737960E-04   6.737960E-04   8.284975E-04
1   1    -1.000 -3.000 -2.000    0.000000  -3.128590E-04  -3.128590E-04  -3.730238E-04
1   1    -1.000 -2.000 -3.000    0.000000  -3.128590E-04  -3.128590E-04  -3.730238E-04
1   1     1.000  2.000  3.000    0.000000  -3.128590E-04  -3.128590E-04  -3.730238E-04
1   1     1.000  3.000  2.000    0.000000  -3.128590E-04  -3.128590E-04  -3.730238E-04
1   1    -2.000 -3.000 -1.000    0.000000   4.814080E-04   4.814080E-04   5.798373E-04
1   1    -2.000 -1.000 -3.000    0.000000   4.814080E-04   4.814080E-04   5.798373E-04
1   1     2.000  1.000  3.000    0.000000   4.814080E-04   4.814080E-04   5.798373E-04
1   1     2.000  3.000  1.000    0.000000   4.814080E-04   4.814080E-04   5.798373E-04
1   1    -1.000  1.000  2.000    0.000000  -1.874690E-03  -1.874690E-03  -2.277273E-03
1   1    -1.000  2.000  1.000    0.000000  -1.874690E-03  -1.874690E-03  -2.277273E-03
1   1     1.000 -2.000 -1.000    0.000000  -1.874690E-03  -1.874690E-03  -2.277273E-03
1   1     1.000 -1.000 -2.000    0.000000  -1.874690E-03  -1.874690E-03  -2.277273E-03
1   1    -3.000 -2.000 -1.000    0.000000  -5.543860E-04  -5.543860E-04  -6.490534E-04
1   1    -3.000 -1.000 -2.000    0.000000  -5.543860E-04  -5.543860E-04  -6.490534E-04
1   1     3.000  1.000  2.000    0.000000  -5.543860E-04  -5.543860E-04  -6.490534E-04
1   1     3.000  2.000  1.000    0.000000  -5.543860E-04  -5.543860E-04  -6.490534E-04
1   1    -2.000 -1.000  1.000    0.000000  -4.824860E-05  -4.824860E-05  -5.822346E-05
1   1    -2.000  1.000 -1.000    0.000000  -4.824860E-05  -4.824860E-05  -5.822346E-05
1   1     2.000 -1.000  1.000    0.000000  -4.824860E-05  -4.824860E-05  -5.822346E-05
1   1     2.000  1.000 -1.000    0.000000  -4.824860E-05  -4.824860E-05  -5.822346E-05
1   1    -1.000  1.000 -2.000    0.000000  -1.365200E-03  -1.365200E-03  -1.667761E-03
1   1     1.000 -1.000  2.000    0.000000  -1.365200E-03  -1.365200E-03  -1.667761E-03
1   1    -1.000 -2.000  1.000    0.000000  -1.365200E-03  -1.365200E-03  -1.667761E-03
1   1     1.000  2.000 -1.000    0.000000  -1.365200E-03  -1.365200E-03  -1.667761E-03
1   1    -2.000 -3.000 -3.000    0.000000   2.624820E-03   2.624820E-03   3.020707E-03
1   1     2.000  3.000  3.000    0.000000   2.624820E-03   2.624820E-03   3.020707E-03
1   1    -3.000 -3.000 -2.000    0.000000   9.778390E-03   9.778390E-03   1.136168E-02
1   1    -3.000 -2.000 -3.000    0.000000   9.778390E-03   9.778390E-03   1.136168E-02
1   1     3.000  2.000  3.000    0.000000   9.778390E-03   9.778390E-03   1.136168E-02
1   1     3.000  3.000  2.000    0.000000   9.778390E-03   9.778390E-03   1.136168E-02
1   1     0.000 -3.000 -1.000    0.000000   9.846690E-04   9.846690E-04   1.201962E-03
1   1     0.000 -1.000 -3.000    0.000000   9.846690E-04   9.846690E-04   1.201962E-03
1   1     0.000  1.000  3.000    0.000000   9.846690E-04   9.846690E-04   1.201962E-03
1   1     0.000  3.000  1.000    0.000000   9.846690E-04   9.846690E-04   1.201962E-03
1   1    -1.000 -3.000  0.000    0.000000   2.574720E-03   2.574720E-03   3.131004E-03
1   1    -1.000  0.000 -3.000    0.000000   2.574720E-03   2.574720E-03   3.131004E-03
1   1     1.000  0.000  3.000    0.000000   2.574720E-03   2.574720E-03   3.131004E-03
1   1     1.000  3.000  0.000    0.000000   2.574720E-03   2.574720E-03   3.131004E-03
1   1    -2.000  1.000  1.000    0.000000   2.350850E-04   2.350850E-04   2.840210E-04
1   1     2.000 -1.000 -1.000    0.000000   2.350850E-04   2.350850E-04   2.840210E-04
1   1    -3.000 -1.000  0.000    0.000000   1.619790E-03   1.619790E-03   1.932809E-03
1   1    -3.000  0.000 -1.000    0.000000   1.619790E-03   1.619790E-03   1.932809E-03
1   1     3.000  0.000  1.000    0.000000   1.619790E-03   1.619790E-03   1.932809E-03
1   1     3.000  1.000  0.000    0.000000   1.619790E-03   1.619790E-03   1.932809E-03
1   1    -1.000 -1.000  2.000    0.000000   1.880650E-03   1.880650E-03   2.266500E-03
1   1     1.000  1.000 -2.000    0.000000   1.880650E-03   1.880650E-03   2.266500E-03
1   1    -1.000  2.000 -1.000    0.000000   1.880650E-03   1.880650E-03   2.266500E-03
1   1     1.000 -2.000  1.000    0.000000   1.880650E-03   1.880650E-03   2.266500E-03
1   1    -1.000 -3.000 -3.000    0.000000  -8.660800E-04  -8.660800E-04  -1.003016E-03
1   1     1.000  3.000  3.000    0.000000  -8.660800E-04  -8.660800E-04  -1.003016E-03
1   1    -3.000 -3.000 -3.000    0.000000  -5.325870E-03  -5.325870E-03  -6.324782E-03
1   1     3.000  3.000  3.000    0.000000  -5.325870E-03  -5.325870E-03  -6.324782E-03
1   1     0.000 -3.000 -2.000    0.000000  -2.902170E-04  -2.902170E-04  -3.510917E-04
1   1     0.000  3.000  2.000    0.000000  -2.902170E-04  -2.902170E-04  -3.510917E-04
1   1     0.000 -2.000 -3.000    0.000000  -2.902170E-04  -2.902170E-04  -3.510917E-04
1   1     0.000  2.000  3.000    0.000000  -2.902170E-04  -2.902170E-04  -3.510917E-04
1   1    -1.000  2.000  2.000    0.000000   1.110610E-03   1.110610E-03   1.298573E-03
1   1     1.000 -2.000 -2.000    0.000000   1.110610E-03   1.110610E-03   1.298573E-03
1   1    -3.000 -3.000 -1.000    0.000000  -1.226020E-03  -1.226020E-03  -1.393959E-03
1   1    -3.000 -1.000 -3.000    0.000000  -1.226020E-03  -1.226020E-03  -1.393959E-03
1   1     3.000  1.000  3.000    0.000000  -1.226020E-03  -1.226020E-03  -1.393959E-03
1   1     3.000  3.000  1.000    0.000000  -1.226020E-03  -1.226020E-03  -1.393959E-03
1   1     0.000 -3.000  0.000    0.000000  -6.641440E-04  -6.641440E-04  -8.080781E-04
1   1     0.000  0.000 -3.000    0.000000  -6.641440E-04  -6.641440E-04  -8.080781E-04
1   1     0.000  0.000  3.000    0.000000  -6.641440E-04  -6.641440E-04  -8.080781E-04
1   1     0.000  3.000  0.000    0.000000  -6.641440E-04  -6.641440E-04  -8.080781E-04
1   1    -2.000  0.000 -3.000    0.000000  -1.765770E-03  -1.765770E-03  -2.061178E-03
1   1     2.000  0.000  3.000    0.000000  -1.765770E-03  -1.765770E-03  -2.061178E-03
1   1    -2.000 -3.000  0.000    0.000000  -1.765770E-03  -1.765770E-03  -2.061178E-03
1   1     2.000  3.000  0.000    0.000000  -1.765770E-03  -1.765770E-03  -2.061178E-03
1   1    -3.000  0.000 -2.000    0.000000   4.806970E-04   4.806970E-04   5.467894E-04
1   1     3.000  0.000  2.000    0.000000   4.806970E-04   4.806970E-04   5.467894E-04
1   1    -3.000 -2.000  0.000    0.000000   4.806970E-04   4.806970E-04   5.467894E-04
1   1     3.000  2.000  0.000    0.000000   4.806970E-04   4.806970E-04   5.467894E-04
1   1    -3.000  0.000  0.000    0.000000   1.473430E-03   1.473430E-03   1.772016E-03
1   1     3.000  0.000  0.000    0.000000   1.473430E-03   1.473430E-03   1.772016E-03
1   1    -2.000  1.000 -2.000    0.000000  -1.258450E-04  -1.258450E-04  -1.446479E-04
1   1     2.000 -1.000  2.000    0.000000  -1.258450E-04  -1.258450E-04  -1.446479E-04
1   1    -2.000 -2.000  1.000    0.000000  -1.258450E-04  -1.258450E-04  -1.446479E-04
1   1     2.000  2.000 -1.000    0.000000  -1.258450E-04  -1.258450E-04  -1.446479E-04
1   1    -2.000 -4.000 -2.000    0.000000  -5.649590E-04  -5.649590E-04  -5.240121E-04
1   1    -2.000 -2.000 -4.000    0.000000  -5.649590E-04  -5.649590E-04  -5.240121E-04
1   1     2.000  2.000  4.000    0.000000  -5.649590E-04  -5.649590E-04  -5.240121E-04
1   1     2.000  4.000  2.000    0.000000  -5.649590E-04  -5.649590E-04  -5.240121E-04
1   1    -4.000 -2.000 -2.000    0.000000  -6.687350E-04  -6.687350E-04  -6.406880E-04
1   1     4.000  2.000  2.000    0.000000  -6.687350E-04  -6.687350E-04  -6.406880E-04
1   1    -2.000  0.000  2.000    0.000000  -1.714780E-03  -1.714780E-03  -1.919678E-03
1   1    -2.000  2.000  0.000    0.000000  -1.714780E-03  -1.714780E-03  -1.919678E-03
1   1     2.000 -2.000  0.000    0.000000  -1.714780E-03  -1.714780E-03  -1.919678E-03
1   1     2.000  0.000 -2.000    0.000000  -1.714780E-03  -1.714780E-03  -1.919678E-03
1   1     0.000 -2.000  2.000    0.000000  -1.267530E-03  -1.267530E-03  -1.353878E-03
1   1     0.000  2.000 -2.000    0.000000  -1.267530E-03  -1.267530E-03  -1.353878E-03
1   1    -2.000 -3.000 -4.000    0.000000   1.936060E-04   1.936060E-04   1.949312E-04
1   1     2.000  3.000  4.000    0.000000   1.936060E-04   1.936060E-04   1.949312E-04
1   1    -2.000 -4.000 -3.000    0.000000   1.936060E-04   1.936060E-04   1.949312E-04
1   1     2.000  4.000  3.000    0.000000   1.936060E-04   1.936060E-04   1.949312E-04
1   1    -1.000 -2.000 -4.000    0.000000   6.456550E-04   6.456550E-04   6.850200E-04
1   1     1.000  2.000  4.000    0.000000   6.456550E-04   6.456550E-04   6.850200E-04
1   1    -1.000 -4.000 -2.000    0.000000   6.456550E-04   6.456550E-04   6.850200E-04
1   1     1.000  4.000  2.000    0.000000   6.456550E-04   6.456550E-04   6.850200E-04
1   1    -3.000 -4.000 -2.000    0.000000  -4.906730E-04  -4.906730E-04  -4.840986E-04
1   1    -3.000 -2.000 -4.000    0.000000  -4.906730E-04  -4.906730E-04  -4.840986E-04
1   1     3.000  2.000  4.000    0.000000  -4.906730E-04  -4.906730E-04  -4.840986E-04
1   1     3.000  4.000  2.000    0.000000  -4.906730E-04  -4.906730E-04  -4.840986E-04
1   1    -4.000 -3.000 -2.000    0.000000  -2.613150E-04  -2.613150E-04  -2.918840E-04
1   1    -4.000 -2.000 -3.000    0.000000  -2.613150E-04  -2.613150E-04  -2.918840E-04
1   1     4.000  2.000  3.000    0.000000  -2.613150E-04  -2.613150E-04  -2.918840E-04
1   1     4.000  3.000  2.000    0.000000  -2.613150E-04  -2.613150E-04  -2.918840E-04
1   1    -2.000 -1.000 -4.000    0.000000  -7.850280E-05  -7.850280E-05  -8.945552E-05
1   1     2.000  1.000  4.000    0.000000  -7.850280E-05  -7.850280E-05  -8.945552E-05
1   1    -2.000 -4.000 -1.000    0.000000  -7.850280E-05  -7.850280E-05  -8.945552E-05
1   1     2.000  4.000  1.000    0.000000  -7.850280E-05  -7.850280E-05  -8.945552E-05
1   1    -1.000  1.000  3.000    0.000000  -5.438430E-05  -5.438430E-05  -6.370944E-05
1   1    -1.000  3.000  1.000    0.000000  -5.438430E-05  -5.438430E-05  -6.370944E-05
1   1     1.000 -3.000 -1.000    0.000000  -5.438430E-05  -5.438430E-05  -6.370944E-05
1   1     1.000 -1.000 -3.000    0.000000  -5.438430E-05  -5.438430E-05  -6.370944E-05
1   1    -2.000  1.000  2.000    0.000000   1.481370E-04   1.481370E-04   1.714607E-04
1   1    -2.000  2.000  1.000    0.000000   1.481370E-04   1.481370E-04   1.714607E-04
1   1     2.000 -2.000 -1.000    0.000000   1.481370E-04   1.481370E-04   1.714607E-04
1   1     2.000 -1.000 -2.000    0.000000   1.481370E-04   1.481370E-04   1.714607E-04
1   1    -4.000 -2.000 -1.000    0.000000   2.933160E-04   2.933160E-04   3.539851E-04
1   1    -4.000 -1.000 -2.000    0.000000   2.933160E-04   2.933160E-04   3.539851E-04
1   1     4.000  1.000  2.000    0.000000   2.933160E-04   2.933160E-04   3.539851E-04
1   1     4.000  2.000  1.000    0.000000   2.933160E-04   2.933160E-04   3.539851E-04
1   1    -3.000 -1.000  1.000    0.000000   1.478030E-05   1.478030E-05   1.756025E-05
1   1    -3.000  1.000 -1.000    0.000000   1.478030E-05   1.478030E-05   1.756025E-05
1   1     3.000 -1.000  1.000    0.000000   1.478030E-05   1.478030E-05   1.756025E-05
1   1     3.000  1.000 -1.000    0.000000   1.478030E-05   1.478030E-05   1.756025E-05
1   1    -2.000 -1.000  2.000    0.000000   3.475840E-04   3.475840E-04   3.932762E-04
1   1    -2.000  2.000 -1.000    0.000000   3.475840E-04   3.475840E-04   3.932762E-04
1   1    -1.000  1.000 -3.000    0.000000   6.334710E-05   6.334710E-05   6.957132E-05
1   1     1.000 -1.000  3.000    0.000000   6.334710E-05   6.334710E-05   6.957132E-05
1   1     2.000 -2.000  1.000    0.000000   3.475840E-04   3.475840E-04   3.932762E-04
1   1     2.000  1.000 -2.000    0.000000   3.475840E-04   3.475840E-04   3.932762E-04
1   1    -1.000 -3.000  1.000    0.000000   6.334710E-05   6.334710E-05   6.957132E-05
1   1     1.000  3.000 -1.000    0.000000   6.334710E-05   6.334710E-05   6.957132E-05
1   1    -1.000 -2.000  2.000    0.000000  -4.044320E-04  -4.044320E-04  -4.238651E-04
1   1    -1.000  2.000 -2.000    0.000000  -4.044320E-04  -4.044320E-04  -4.238651E-04
1   1     1.000 -2.000  2.000    0.000000  -4.044320E-04  -4.044320E-04  -4.238651E-04
1   1     1.000  2.000 -2.000    0.000000  -4.044320E-04  -4.044320E-04  -4.238651E-04
1   1    -3.000 -4.000 -3.000    0.000000   3.735410E-04   3.735410E-04   3.600232E-04
1   1    -3.000 -3.000 -4.000    0.000000   3.735410E-04   3.735410E-04   3.600232E-04
1   1     3.000  3.000  4.000    0.000000   3.735410E-04   3.735410E-04   3.600232E-04
1   1     3.000  4.000  3.000    0.000000   3.735410E-04   3.735410E-04   3.600232E-04
1   1     0.000 -3.000 -3.000    0.000000  -5.042940E-04  -5.042940E-04  -5.075273E-04
1   1     0.000  3.000  3.000    0.000000  -5.042940E-04  -5.042940E-04  -5.075273E-04
1   1    -4.000 -3.000 -3.000    0.000000  -1.352830E-04  -1.352830E-04  -1.412747E-04
1   1     4.000  3.000  3.000    0.000000  -1.352830E-04  -1.352830E-04  -1.412747E-04
1   1    -1.000 -1.000 -4.000    0.000000   2.166600E-04   2.166600E-04   2.251344E-04
1   1     1.000  1.000  4.000    0.000000   2.166600E-04   2.166600E-04   2.251344E-04
1   1    -1.000 -4.000 -1.000    0.000000   2.166600E-04   2.166600E-04   2.251344E-04
1   1     1.000  4.000  1.000    0.000000   2.166600E-04   2.166600E-04   2.251344E-04
1   1    -1.000  0.000  3.000    0.000000  -6.053110E-05  -6.053110E-05  -6.435635E-05
1   1    -1.000  3.000  0.000    0.000000  -6.053110E-05  -6.053110E-05  -6.435635E-05
1   1     1.000 -3.000  0.000    0.000000  -6.053110E-05  -6.053110E-05  -6.435635E-05
1   1     1.000  0.000 -3.000    0.000000  -6.053110E-05  -6.053110E-05  -6.435635E-05
1   1    -3.000  0.000 -3.000    0.000000   7.368770E-06   7.368770E-06   8.561796E-06
1   1     3.000  0.000  3.000    0.000000   7.368770E-06   7.368770E-06   8.561796E-06
1   1    -3.000 -3.000  0.000    0.000000   7.368770E-06   7.368770E-06   8.561796E-06
1   1     3.000  3.000  0.000    0.000000   7.368770E-06   7.368770E-06   8.561796E-06
1   1    -4.000 -1.000 -1.000    0.000000  -8.525940E-07  -8.525940E-07  -9.354599E-07
1   1     4.000  1.000  1.000    0.000000  -8.525940E-07  -8.525940E-07  -9.354599E-07
1   1    -3.000  0.000  1.000    0.000000  -4.085230E-04  -4.085230E-04  -4.373425E-04
1   1    -3.000  1.000  0.000    0.000000  -4.085230E-04  -4.085230E-04  -4.373425E-04
1   1     3.000 -1.000  0.000    0.000000  -4.085230E-04  -4.085230E-04  -4.373425E-04
1   1     3.000  0.000 -1.000    0.000000  -4.085230E-04  -4.085230E-04  -4.373425E-04
1   1     0.000 -1.000  3.000    0.000000   1.559190E-04   1.559190E-04   1.654813E-04
1   1     0.000  1.000 -3.000    0.000000   1.559190E-04   1.559190E-04   1.654813E-04
1   1     0.000 -3.000  1.000    0.000000   1.559190E-04   1.559190E-04   1.654813E-04
1   1     0.000  3.000 -1.000    0.000000   1.559190E-04   1.559190E-04   1.654813E-04
1   1    -1.000 -3.000 -4.000    0.000000   2.311970E-05   2.311970E-05   2.071456E-05
1   1     1.000  3.000  4.000    0.000000   2.311970E-05   2.311970E-05   2.071456E-05
1   1    -1.000 -4.000 -3.000    0.000000   2.311970E-05   2.311970E-05   2.071456E-05
1   1     1.000  4.000  3.000    0.000000   2.311970E-05   2.311970E-05   2.071456E-05
1   1    -1.000  2.000  3.000    0.000000   4.613950E-05   4.613950E-05   4.878031E-05
1   1    -1.000  3.000  2.000    0.000000   4.613950E-05   4.613950E-05   4.878031E-05
1   1     1.000 -3.000 -2.000    0.000000   4.613950E-05   4.613950E-05   4.878031E-05
1   1     1.000 -2.000 -3.000    0.000000   4.613950E-05   4.613950E-05   4.878031E-05
1   1    -3.000 -4.000 -1.000    0.000000  -1.516440E-04  -1.516440E-04  -1.505951E-04
1   1    -3.000 -1.000 -4.000    0.000000  -1.516440E-04  -1.516440E-04  -1.505951E-04
1   1     3.000  1.000  4.000    0.000000  -1.516440E-04  -1.516440E-04  -1.505951E-04
1   1     3.000  4.000  1.000    0.000000  -1.516440E-04  -1.516440E-04  -1.505951E-04
1   1    -4.000 -3.000 -1.000    0.000000   2.176040E-04   2.176040E-04   2.254195E-04
1   1    -4.000 -1.000 -3.000    0.000000   2.176040E-04   2.176040E-04   2.254195E-04
1   1     4.000  1.000  3.000    0.000000   2.176040E-04   2.176040E-04   2.254195E-04
1   1     4.000  3.000  1.000    0.000000   2.176040E-04   2.176040E-04   2.254195E-04
1   1    -3.000  1.000 -2.000    0.000000  -9.558860E-05  -9.558860E-05  -1.120908E-04
1   1    -2.000  1.000 -3.000    0.000000  -6.924590E-05  -6.924590E-05  -8.148829E-05
1   1     2.000 -1.000  3.000    0.000000  -6.924590E-05  -6.924590E-05  -8.148829E-05
1   1     3.000 -1.000  2.000    0.000000  -9.558860E-05  -9.558860E-05  -1.120908E-04
1   1    -3.000 -2.000  1.000    0.000000  -9.558860E-05  -9.558860E-05  -1.120908E-04
1   1    -2.000 -3.000  1.000    0.000000  -6.924590E-05  -6.924590E-05  -8.148829E-05
1   1     2.000  3.000 -1.000    0.000000  -6.924590E-05  -6.924590E-05  -8.148829E-05
1   1     3.000  2.000 -1.000    0.000000  -9.558860E-05  -9.558860E-05  -1.120908E-04
1   1    -3.000 -4.000 -4.000    0.000000  -1.306870E-03  -1.306870E-03  -1.246373E-03
1   1     3.000  4.000  4.000    0.000000  -1.306870E-03  -1.306870E-03  -1.246373E-03
1   1    -4.000 -4.000 -3.000    0.000000  -2.757780E-03  -2.757780E-03  -2.761085E-03
1   1    -4.000 -3.000 -4.000    0.000000  -2.757780E-03  -2.757780E-03  -2.761085E-03
1   1     4.000  3.000  4.000    0.000000  -2.757780E-03  -2.757780E-03  -2.761085E-03
1   1     4.000  4.000  3.000    0.000000  -2.757780E-03  -2.757780E-03  -2.761085E-03
1   1     0.000 -1.000 -4.000    0.000000   2.078900E-05   2.078900E-05   2.323360E-05
1   1     0.000  1.000  4.000    0.000000   2.078900E-05   2.078900E-05   2.323360E-05
1   1     0.000 -4.000 -1.000    0.000000   2.078900E-05   2.078900E-05   2.323360E-05
1   1     0.000  4.000  1.000    0.000000   2.078900E-05   2.078900E-05   2.323360E-05
1   1    -1.000 -4.000  0.000    0.000000  -1.029990E-03  -1.029990E-03  -1.084244E-03
1   1    -1.000  0.000 -4.000    0.000000  -1.029990E-03  -1.029990E-03  -1.084244E-03
1   1     1.000  0.000  4.000    0.000000  -1.029990E-03  -1.029990E-03  -1.084244E-03
1   1     1.000  4.000  0.000    0.000000  -1.029990E-03  -1.029990E-03  -1.084244E-03
1   1    -3.000  1.000  1.000    0.000000  -1.228520E-05  -1.228520E-05  -1.344434E-05
1   1     3.000 -1.000 -1.000    0.000000  -1.228520E-05  -1.228520E-05  -1.344434E-05
1   1    -4.000 -1.000  0.000    0.000000  -2.293250E-04  -2.293250E-04  -2.711703E-04
1   1    -4.000  0.000 -1.000    0.000000  -2.293250E-04  -2.293250E-04  -2.711703E-04
1   1     4.000  0.000  1.000    0.000000  -2.293250E-04  -2.293250E-04  -2.711703E-04
1   1     4.000  1.000  0.000    0.000000  -2.293250E-04  -2.293250E-04  -2.711703E-04
1   1    -1.000 -1.000  3.000    0.000000  -1.542270E-04  -1.542270E-04  -1.579140E-04
1   1     1.000  1.000 -3.000    0.000000  -1.542270E-04  -1.542270E-04  -1.579140E-04
1   1    -1.000  3.000 -1.000    0.000000  -1.542270E-04  -1.542270E-04  -1.579140E-04
1   1     1.000 -3.000  1.000    0.000000  -1.542270E-04  -1.542270E-04  -1.579140E-04
1   1    -2.000 -4.000 -4.000    0.000000  -9.717830E-04  -9.717830E-04  -8.968294E-04
1   1     2.000  4.000  4.000    0.000000  -9.717830E-04  -9.717830E-04  -8.968294E-04
1   1     0.000 -4.000 -2.000    0.000000  -1.166770E-03  -1.166770E-03  -1.029432E-03
1   1     0.000 -2.000 -4.000    0.000000  -1.166770E-03  -1.166770E-03  -1.029432E-03
1   1     0.000  2.000  4.000    0.000000  -1.166770E-03  -1.166770E-03  -1.029432E-03
1   1     0.000  4.000  2.000    0.000000  -1.166770E-03  -1.166770E-03  -1.029432E-03
1   1    -4.000 -4.000 -2.000    0.000000  -1.673010E-04  -1.673010E-04  -1.669808E-04
1   1    -4.000 -2.000 -4.000    0.000000  -1.673010E-04  -1.673010E-04  -1.669808E-04
1   1     4.000  2.000  4.000    0.000000  -1.673010E-04  -1.673010E-04  -1.669808E-04
1   1     4.000  4.000  2.000    0.000000  -1.673010E-04  -1.673010E-04  -1.669808E-04
1   1    -2.000  2.000  2.000    0.000000  -1.597840E-03  -1.597840E-03  -1.700808E-03
1   1     2.000 -2.000 -2.000    0.000000  -1.597840E-03  -1.597840E-03  -1.700808E-03
1   1    -2.000 -4.000  0.000    0.000000  -1.140410E-03  -1.140410E-03  -1.075603E-03
1   1    -2.000  0.000 -4.000    0.000000  -1.140410E-03  -1.140410E-03  -1.075603E-03
1   1     2.000  0.000  4.000    0.000000  -1.140410E-03  -1.140410E-03  -1.075603E-03
1   1     2.000  4.000  0.000    0.000000  -1.140410E-03  -1.140410E-03  -1.075603E-03
1   1    -4.000 -2.000  0.000    0.000000  -9.564230E-04  -9.564230E-04  -9.436528E-04
1   1    -4.000  0.000 -2.000    0.000000  -9.564230E-04  -9.564230E-04  -9.436528E-04
1   1     4.000  0.000  2.000    0.000000  -9.564230E-04  -9.564230E-04  -9.436528E-04
1   1     4.000  2.000  0.000    0.000000  -9.564230E-04  -9.564230E-04  -9.436528E-04
1   1    -2.000 -2.000  2.000    0.000000  -8.014070E-04  -8.014070E-04  -9.186819E-04
1   1    -2.000  2.000 -2.000    0.000000  -8.014070E-04  -8.014070E-04  -9.186819E-04
1   1     2.000 -2.000  2.000    0.000000  -8.014070E-04  -8.014070E-04  -9.186819E-04
1   1     2.000  2.000 -2.000    0.000000  -8.014070E-04  -8.014070E-04  -9.186819E-04
1   1    -4.000 -4.000 -4.000    0.000000   8.222170E-04   8.222170E-04   8.194136E-04
1   1     4.000  4.000  4.000    0.000000   8.222170E-04   8.222170E-04   8.194136E-04
1   1     0.000 -4.000  0.000    0.000000   2.042800E-05   2.042800E-05   1.989437E-05
1   1     0.000  0.000 -4.000    0.000000   2.042800E-05   2.042800E-05   1.989437E-05
1   1     0.000  0.000  4.000    0.000000   2.042800E-05   2.042800E-05   1.989437E-05
1   1     0.000  4.000  0.000    0.000000   2.042800E-05   2.042800E-05   1.989437E-05
1   1    -4.000  0.000  0.000    0.000000  -5.554630E-04  -5.554630E-04  -5.860570E-04
1   1     4.000  0.000  0.000    0.000000  -5.554630E-04  -5.554630E-04  -5.860570E-04
1   1    -1.000 -4.000 -4.000    0.000000  -7.028390E-05  -7.028390E-05  -5.885351E-05
1   1     1.000  4.000  4.000    0.000000  -7.028390E-05  -7.028390E-05  -5.885351E-05
1   1    -3.000 -3.000 -5.000    0.000000   2.625850E-05   2.625850E-05   2.327825E-05
1   1     3.000  3.000  5.000    0.000000   2.625850E-05   2.625850E-05   2.327825E-05
1   1    -3.000 -5.000 -3.000    0.000000   2.625850E-05   2.625850E-05   2.327825E-05
1   1     3.000  5.000  3.000    0.000000   2.625850E-05   2.625850E-05   2.327825E-05
1   1     0.000 -3.000 -4.000    0.000000   5.286530E-06   5.286530E-06   4.364580E-06
1   1     0.000  3.000  4.000    0.000000   5.286530E-06   5.286530E-06   4.364580E-06
1   1     0.000 -4.000 -3.000    0.000000   5.286530E-06   5.286530E-06   4.364580E-06
1   1     0.000  4.000  3.000    0.000000   5.286530E-06   5.286530E-06   4.364580E-06
1   1    -2.000 -5.000 -2.000    0.000000  -5.690480E-06  -5.690480E-06  -5.515789E-06
1   1    -2.000 -2.000 -5.000    0.000000  -5.690480E-06  -5.690480E-06  -5.515789E-06
1   1     2.000  2.000  5.000    0.000000  -5.690480E-06  -5.690480E-06  -5.515789E-06
1   1     2.000  5.000  2.000    0.000000  -5.690480E-06  -5.690480E-06  -5.515789E-06
1   1    -1.000  3.000  3.000    0.000000   8.358570E-05   8.358570E-05   6.707301E-05
1   1     1.000 -3.000 -3.000    0.000000   8.358570E-05   8.358570E-05   6.707301E-05
1   1    -5.000 -3.000 -3.000    0.000000   6.325430E-05   6.325430E-05   5.691527E-05
1   1     5.000  3.000  3.000    0.000000   6.325430E-05   6.325430E-05   5.691527E-05
1   1    -4.000 -4.000 -1.000    0.000000  -1.726610E-04  -1.726610E-04  -1.460177E-04
1   1    -4.000 -1.000 -4.000    0.000000  -1.726610E-04  -1.726610E-04  -1.460177E-04
1   1     4.000  1.000  4.000    0.000000  -1.726610E-04  -1.726610E-04  -1.460177E-04
1   1     4.000  4.000  1.000    0.000000  -1.726610E-04  -1.726610E-04  -1.460177E-04
1   1    -5.000 -2.000 -2.000    0.000000  -5.074580E-05  -5.074580E-05  -1.027381E-04
1   1     5.000  2.000  2.000    0.000000  -5.074580E-05  -5.074580E-05  -1.027381E-04
1   1    -3.000 -4.000  0.000    0.000000  -2.147700E-04  -2.147700E-04  -1.682179E-04
1   1    -3.000  0.000 -4.000    0.000000  -2.147700E-04  -2.147700E-04  -1.682179E-04
1   1     3.000  0.000  4.000    0.000000  -2.147700E-04  -2.147700E-04  -1.682179E-04
1   1     3.000  4.000  0.000    0.000000  -2.147700E-04  -2.147700E-04  -1.682179E-04
1   1    -2.000  0.000  3.000    0.000000   1.151160E-04   1.151160E-04   9.932855E-05
1   1    -2.000  3.000  0.000    0.000000   1.151160E-04   1.151160E-04   9.932855E-05
1   1     2.000 -3.000  0.000    0.000000   1.151160E-04   1.151160E-04   9.932855E-05
1   1     2.000  0.000 -3.000    0.000000   1.151160E-04   1.151160E-04   9.932855E-05
1   1    -4.000  0.000 -3.000    0.000000   1.014340E-04   1.014340E-04   8.853628E-05
1   1     4.000  0.000  3.000    0.000000   1.014340E-04   1.014340E-04   8.853628E-05
1   1    -4.000 -3.000  0.000    0.000000   1.014340E-04   1.014340E-04   8.853628E-05
1   1     4.000  3.000  0.000    0.000000   1.014340E-04   1.014340E-04   8.853628E-05
1   1    -3.000  0.000  2.000    0.000000   2.444270E-04   2.444270E-04   3.928284E-04
1   1    -3.000  2.000  0.000    0.000000   2.444270E-04   2.444270E-04   3.928284E-04
1   1     3.000 -2.000  0.000    0.000000   2.444270E-04   2.444270E-04   3.928284E-04
1   1     3.000  0.000 -2.000    0.000000   2.444270E-04   2.444270E-04   3.928284E-04
1   1    -3.000  1.000 -3.000    0.000000   1.370730E-07   1.370730E-07   1.102835E-07
1   1     3.000 -1.000  3.000    0.000000   1.370730E-07   1.370730E-07   1.102835E-07
1   1    -3.000 -3.000  1.000    0.000000   1.370730E-07   1.370730E-07   1.102835E-07
1   1     3.000  3.000 -1.000    0.000000   1.370730E-07   1.370730E-07   1.102835E-07
1   1     0.000 -3.000  2.000    0.000000   3.591160E-05   3.591160E-05   2.730078E-05
1   1     0.000 -2.000  3.000    0.000000   3.591160E-05   3.591160E-05   2.730078E-05
1   1     0.000  2.000 -3.000    0.000000   3.591160E-05   3.591160E-05   2.730078E-05
1   1     0.000  3.000 -2.000    0.000000   3.591160E-05   3.591160E-05   2.730078E-05
1   1    -2.000 -5.000 -3.000    0.000000   5.977110E-05   5.977110E-05   5.175733E-05
1   1    -2.000 -3.000 -5.000    0.000000   5.977110E-05   5.977110E-05   5.175733E-05
1   1     2.000  3.000  5.000    0.000000   5.977110E-05   5.977110E-05   5.175733E-05
1   1     2.000  5.000  3.000    0.000000   5.977110E-05   5.977110E-05   5.175733E-05
1   1    -3.000 -5.000 -2.000    0.000000  -3.455590E-04  -3.455590E-04  -2.894510E-04
1   1    -3.000 -2.000 -5.000    0.000000  -3.455590E-04  -3.455590E-04  -2.894510E-04
1   1     3.000  2.000  5.000    0.000000  -3.455590E-04  -3.455590E-04  -2.894510E-04
1   1     3.000  5.000  2.000    0.000000  -3.455590E-04  -3.455590E-04  -2.894510E-04
1   1    -5.000 -3.000 -2.000    0.000000  -1.170120E-05  -1.170120E-05  -9.940340E-06
1   1    -5.000 -2.000 -3.000    0.000000  -1.170120E-05  -1.170120E-05  -9.940340E-06
1   1     5.000  2.000  3.000    0.000000  -1.170120E-05  -1.170120E-05  -9.940340E-06
1   1     5.000  3.000  2.000    0.000000  -1.170120E-05  -1.170120E-05  -9.940340E-06
1   1    -2.000  1.000  3.000    0.000000   3.692840E-04   3.692840E-04   3.570941E-04
1   1     2.000 -1.000 -3.000    0.000000   3.692840E-04   3.692840E-04   3.570941E-04
1   1    -2.000  3.000  1.000    0.000000   3.692840E-04   3.692840E-04   3.570941E-04
1   1     2.000 -3.000 -1.000    0.000000   3.692840E-04   3.692840E-04   3.570941E-04
1   1    -3.000 -1.000  2.000    0.000000  -1.180560E-04  -1.180560E-04  -1.694068E-04
1   1    -3.000  2.000 -1.000    0.000000  -1.180560E-04  -1.180560E-04  -1.694068E-04
1   1     3.000 -2.000  1.000    0.000000  -1.180560E-04  -1.180560E-04  -1.694068E-04
1   1     3.000  1.000 -2.000    0.000000  -1.180560E-04  -1.180560E-04  -1.694068E-04
1   1    -1.000 -3.000  2.000    0.000000  -1.107880E-04  -1.107880E-04  -9.205901E-05
1   1    -1.000  2.000 -3.000    0.000000  -1.107880E-04  -1.107880E-04  -9.205901E-05
1   1     1.000 -2.000  3.000    0.000000  -1.107880E-04  -1.107880E-04  -9.205901E-05
1   1     1.000  3.000 -2.000    0.000000  -1.107880E-04  -1.107880E-04  -9.205901E-05
1   1    -3.000 -5.000 -4.000    0.000000  -7.958070E-05  -7.958070E-05  -5.067422E-05
1   1    -3.000 -4.000 -5.000    0.000000  -7.958070E-05  -7.958070E-05  -5.067422E-05
1   1     3.000  4.000  5.000    0.000000  -7.958070E-05  -7.958070E-05  -5.067422E-05
1   1     3.000  5.000  4.000    0.000000  -7.958070E-05  -7.958070E-05  -5.067422E-05
1   1    -4.000 -5.000 -3.000    0.000000   6.101320E-05   6.101320E-05   4.001293E-05
1   1    -4.000 -3.000 -5.000    0.000000   6.101320E-05   6.101320E-05   4.001293E-05
1   1     4.000  3.000  5.000    0.000000   6.101320E-05   6.101320E-05   4.001293E-05
1   1     4.000  5.000  3.000    0.000000   6.101320E-05   6.101320E-05   4.001293E-05
1   1    -5.000 -4.000 -3.000    0.000000   3.484020E-04   3.484020E-04   2.226903E-04
1   1    -5.000 -3.000 -4.000    0.000000   3.484020E-04   3.484020E-04   2.226903E-04
1   1     5.000  3.000  4.000    0.000000   3.484020E-04   3.484020E-04   2.226903E-04
1   1     5.000  4.000  3.000    0.000000   3.484020E-04   3.484020E-04   2.226903E-04
1   1    -1.000 -2.000 -5.000    0.000000  -1.651640E-04  -1.651640E-04  -1.103816E-04
1   1     1.000  2.000  5.000    0.000000  -1.651640E-04  -1.651640E-04  -1.103816E-04
1   1    -1.000 -5.000 -2.000    0.000000  -1.651640E-04  -1.651640E-04  -1.103816E-04
1   1     1.000  5.000  2.000    0.000000  -1.651640E-04  -1.651640E-04  -1.103816E-04
1   1    -2.000 -1.000 -5.000    0.000000   2.497320E-05   2.497320E-05   1.660458E-05
1   1     2.000  1.000  5.000    0.000000   2.497320E-05   2.497320E-05   1.660458E-05
1   1    -2.000 -5.000 -1.000    0.000000   2.497320E-05   2.497320E-05   1.660458E-05
1   1     2.000  5.000  1.000    0.000000   2.497320E-05   2.497320E-05   1.660458E-05
1   1    -1.000  1.000  4.000    0.000000   2.007390E-04   2.007390E-04   1.364927E-04
1   1     1.000 -1.000 -4.000    0.000000   2.007390E-04   2.007390E-04   1.364927E-04
1   1    -1.000  4.000  1.000    0.000000   2.007390E-04   2.007390E-04   1.364927E-04
1   1     1.000 -4.000 -1.000    0.000000   2.007390E-04   2.007390E-04   1.364927E-04
1   1    -3.000  1.000  2.000    0.000000  -9.966990E-05  -9.966990E-05  -1.216896E-04
1   1    -3.000  2.000  1.000    0.000000  -9.966990E-05  -9.966990E-05  -1.216896E-04
1   1     3.000 -2.000 -1.000    0.000000  -9.966990E-05  -9.966990E-05  -1.216896E-04
1   1     3.000 -1.000 -2.000    0.000000  -9.966990E-05  -9.966990E-05  -1.216896E-04
1   1    -5.000 -1.000 -2.000    0.000000  -1.528670E-04  -1.528670E-04  -1.638807E-04
1   1     5.000  1.000  2.000    0.000000  -1.528670E-04  -1.528670E-04  -1.638807E-04
1   1    -5.000 -2.000 -1.000    0.000000  -1.528670E-04  -1.528670E-04  -1.638807E-04
1   1     5.000  2.000  1.000    0.000000  -1.528670E-04  -1.528670E-04  -1.638807E-04
1   1    -1.000  1.000 -4.000    0.000000   3.310430E-04   3.310430E-04   2.055748E-04
1   1     1.000 -1.000  4.000    0.000000   3.310430E-04   3.310430E-04   2.055748E-04
1   1    -1.000 -4.000  1.000    0.000000   3.310430E-04   3.310430E-04   2.055748E-04
1   1     1.000  4.000 -1.000    0.000000   3.310430E-04   3.310430E-04   2.055748E-04
1   1    -4.000 -1.000  1.000    0.000000   1.378340E-05   1.378340E-05   1.479384E-05
1   1    -4.000  1.000 -1.000    0.000000   1.378340E-05   1.378340E-05   1.479384E-05
1   1     4.000 -1.000  1.000    0.000000   1.378340E-05   1.378340E-05   1.479384E-05
1   1     4.000  1.000 -1.000    0.000000   1.378340E-05   1.378340E-05   1.479384E-05
1   1    -2.000 -1.000  3.000    0.000000   4.068030E-05   4.068030E-05   4.495419E-05
1   1     2.000  1.000 -3.000    0.000000   4.068030E-05   4.068030E-05   4.495419E-05
1   1    -2.000  3.000 -1.000    0.000000   4.068030E-05   4.068030E-05   4.495419E-05
1   1     2.000 -3.000  1.000    0.000000   4.068030E-05   4.068030E-05   4.495419E-05
1   1    -1.000 -2.000  3.000    0.000000  -3.123040E-04  -3.123040E-04  -2.221916E-04
1   1    -1.000  3.000 -2.000    0.000000  -3.123040E-04  -3.123040E-04  -2.221916E-04
1   1     1.000 -3.000  2.000    0.000000  -3.123040E-04  -3.123040E-04  -2.221916E-04
1   1     1.000  2.000 -3.000    0.000000  -3.123040E-04  -3.123040E-04  -2.221916E-04
1   1    -2.000 -5.000 -4.000    0.000000  -1.752850E-04  -1.752850E-04  -1.210264E-04
1   1    -2.000 -4.000 -5.000    0.000000  -1.752850E-04  -1.752850E-04  -1.210264E-04
1   1     2.000  4.000  5.000    0.000000  -1.752850E-04  -1.752850E-04  -1.210264E-04
1   1     2.000  5.000  4.000    0.000000  -1.752850E-04  -1.752850E-04  -1.210264E-04
1   1    -4.000 -5.000 -4.000    0.000000  -1.149960E-04  -1.149960E-04  -7.020132E-05
1   1    -4.000 -4.000 -5.000    0.000000  -1.149960E-04  -1.149960E-04  -7.020132E-05
1   1     4.000  4.000  5.000    0.000000  -1.149960E-04  -1.149960E-04  -7.020132E-05
1   1     4.000  5.000  4.000    0.000000  -1.149960E-04  -1.149960E-04  -7.020132E-05
1   1    -5.000 -4.000 -4.000    0.000000   2.819690E-04   2.819690E-04   2.304829E-04
1   1     5.000  4.000  4.000    0.000000   2.819690E-04   2.819690E-04   2.304829E-04
1   1    -1.000 -3.000 -5.000    0.000000  -6.016880E-04  -6.016880E-04  -4.251240E-04
1   1     1.000  3.000  5.000    0.000000  -6.016880E-04  -6.016880E-04  -4.251240E-04
1   1    -1.000 -5.000 -3.000    0.000000  -6.016880E-04  -6.016880E-04  -4.251240E-04
1   1     1.000  5.000  3.000    0.000000  -6.016880E-04  -6.016880E-04  -4.251240E-04
1   1    -4.000 -2.000 -5.000    0.000000  -7.009880E-04  -7.009880E-04  -4.775772E-04
1   1     4.000  2.000  5.000    0.000000  -7.009880E-04  -7.009880E-04  -4.775772E-04
1   1    -4.000 -5.000 -2.000    0.000000  -7.009880E-04  -7.009880E-04  -4.775772E-04
1   1     4.000  5.000  2.000    0.000000  -7.009880E-04  -7.009880E-04  -4.775772E-04
1   1    -1.000  2.000  4.000    0.000000   3.129390E-04   3.129390E-04   3.393227E-04
1   1    -1.000  4.000  2.000    0.000000   3.129390E-04   3.129390E-04   3.393227E-04
1   1     1.000 -4.000 -2.000    0.000000   3.129390E-04   3.129390E-04   3.393227E-04
1   1     1.000 -2.000 -4.000    0.000000   3.129390E-04   3.129390E-04   3.393227E-04
1   1    -5.000 -4.000 -2.000    0.000000   8.232390E-05   8.232390E-05   8.411290E-05
1   1    -5.000 -2.000 -4.000    0.000000   8.232390E-05   8.232390E-05   8.411290E-05
1   1     5.000  2.000  4.000    0.000000   8.232390E-05   8.232390E-05   8.411290E-05
1   1     5.000  4.000  2.000    0.000000   8.232390E-05   8.232390E-05   8.411290E-05
1   1    -1.000 -5.000 -1.000    0.000000   1.126460E-05   1.126460E-05   6.795366E-06
1   1    -1.000 -1.000 -5.000    0.000000   1.126460E-05   1.126460E-05   6.795366E-06
1   1     1.000  1.000  5.000    0.000000   1.126460E-05   1.126460E-05   6.795366E-06
1   1     1.000  5.000  1.000    0.000000   1.126460E-05   1.126460E-05   6.795366E-06
1   1    -3.000 -5.000 -1.000    0.000000  -2.499870E-04  -2.499870E-04  -1.725959E-04
1   1    -3.000 -1.000 -5.000    0.000000  -2.499870E-04  -2.499870E-04  -1.725959E-04
1   1     3.000  1.000  5.000    0.000000  -2.499870E-04  -2.499870E-04  -1.725959E-04
1   1     3.000  5.000  1.000    0.000000  -2.499870E-04  -2.499870E-04  -1.725959E-04
1   1    -2.000  2.000  3.000    0.000000   2.800300E-05   2.800300E-05   3.136461E-05
1   1    -2.000  3.000  2.000    0.000000   2.800300E-05   2.800300E-05   3.136461E-05
1   1     2.000 -3.000 -2.000    0.000000   2.800300E-05   2.800300E-05   3.136461E-05
1   1     2.000 -2.000 -3.000    0.000000   2.800300E-05   2.800300E-05   3.136461E-05
1   1    -5.000 -3.000 -1.000    0.000000  -8.869950E-05  -8.869950E-05  -9.662867E-05
1   1    -5.000 -1.000 -3.000    0.000000  -8.869950E-05  -8.869950E-05  -9.662867E-05
1   1     5.000  1.000  3.000    0.000000  -8.869950E-05  -8.869950E-05  -9.662867E-05
1   1     5.000  3.000  1.000    0.000000  -8.869950E-05  -8.869950E-05  -9.662867E-05
1   1    -1.000  0.000  4.000    0.000000   1.214700E-04   1.214700E-04   1.166871E-04
1   1     1.000  0.000 -4.000    0.000000   1.214700E-04   1.214700E-04   1.166871E-04
1   1    -1.000  4.000  0.000    0.000000   1.214700E-04   1.214700E-04   1.166871E-04
1   1     1.000 -4.000  0.000    0.000000   1.214700E-04   1.214700E-04   1.166871E-04
1   1    -5.000 -1.000 -1.000    0.000000  -9.543950E-05  -9.543950E-05  -8.439997E-05
1   1     5.000  1.000  1.000    0.000000  -9.543950E-05  -9.543950E-05  -8.439997E-05
1   1    -4.000  0.000  1.000    0.000000   1.911020E-04   1.911020E-04   1.954839E-04
1   1    -4.000  1.000  0.000    0.000000   1.911020E-04   1.911020E-04   1.954839E-04
1   1     4.000 -1.000  0.000    0.000000   1.911020E-04   1.911020E-04   1.954839E-04
1   1     4.000  0.000 -1.000    0.000000   1.911020E-04   1.911020E-04   1.954839E-04
1   1     0.000 -1.000  4.000    0.000000  -3.843550E-05  -3.843550E-05  -2.427207E-05
1   1     0.000  1.000 -4.000    0.000000  -3.843550E-05  -3.843550E-05  -2.427207E-05
1   1    -2.000  1.000 -4.000    0.000000  -1.170940E-04  -1.170940E-04  -6.983752E-05
1   1     0.000 -4.000  1.000    0.000000  -3.843550E-05  -3.843550E-05  -2.427207E-05
1   1     0.000  4.000 -1.000    0.000000  -3.843550E-05  -3.843550E-05  -2.427207E-05
1   1     2.000 -1.000  4.000    0.000000  -1.170940E-04  -1.170940E-04  -6.983752E-05
1   1    -2.000 -4.000  1.000    0.000000  -1.170940E-04  -1.170940E-04  -6.983752E-05
1   1     2.000  4.000 -1.000    0.000000  -1.170940E-04  -1.170940E-04  -6.983752E-05
1   1    -4.000 -2.000  1.000    0.000000   7.275940E-05   7.275940E-05   7.463270E-05
1   1    -4.000  1.000 -2.000    0.000000   7.275940E-05   7.275940E-05   7.463270E-05
1   1     4.000 -1.000  2.000    0.000000   7.275940E-05   7.275940E-05   7.463270E-05
1   1     4.000  2.000 -1.000    0.000000   7.275940E-05   7.275940E-05   7.463270E-05
1   1    -3.000 -2.000  2.000    0.000000   3.115280E-04   3.115280E-04   2.915708E-04
1   1    -3.000  2.000 -2.000    0.000000   3.115280E-04   3.115280E-04   2.915708E-04
1   1     3.000 -2.000  2.000    0.000000   3.115280E-04   3.115280E-04   2.915708E-04
1   1     3.000  2.000 -2.000    0.000000   3.115280E-04   3.115280E-04   2.915708E-04
1   1    -2.000 -3.000  2.000    0.000000  -4.954260E-04  -4.954260E-04  -3.139679E-04
1   1    -2.000  2.000 -3.000    0.000000  -4.954260E-04  -4.954260E-04  -3.139679E-04
1   1     2.000 -2.000  3.000    0.000000  -4.954260E-04  -4.954260E-04  -3.139679E-04
1   1     2.000  3.000 -2.000    0.000000  -4.954260E-04  -4.954260E-04  -3.139679E-04
1   1     0.000 -4.000 -4.000    0.000000   1.877150E-04   1.877150E-04   1.779652E-04
1   1     0.000  4.000  4.000    0.000000   1.877150E-04   1.877150E-04   1.779652E-04
1   1    -4.000 -4.000  0.000    0.000000   1.751050E-05   1.751050E-05   1.629926E-05
1   1    -4.000  0.000 -4.000    0.000000   1.751050E-05   1.751050E-05   1.629926E-05
1   1     4.000  0.000  4.000    0.000000   1.751050E-05   1.751050E-05   1.629926E-05
1   1     4.000  4.000  0.000    0.000000   1.751050E-05   1.751050E-05   1.629926E-05
1   1    -3.000 -5.000 -5.000    0.000000  -1.641540E-03  -1.641540E-03  -8.748225E-04
1   1     3.000  5.000  5.000    0.000000  -1.641540E-03  -1.641540E-03  -8.748225E-04
1   1    -5.000 -3.000 -5.000    0.000000  -1.606520E-03  -1.606520E-03  -1.210171E-03
1   1     5.000  3.000  5.000    0.000000  -1.606520E-03  -1.606520E-03  -1.210171E-03
1   1    -5.000 -5.000 -3.000    0.000000  -1.606520E-03  -1.606520E-03  -1.210171E-03
1   1     5.000  5.000  3.000    0.000000  -1.606520E-03  -1.606520E-03  -1.210171E-03
1   1     0.000 -2.000 -5.000    0.000000  -4.274870E-04  -4.274870E-04  -3.199753E-04
1   1     0.000  2.000  5.000    0.000000  -4.274870E-04  -4.274870E-04  -3.199753E-04
1   1     0.000 -5.000 -2.000    0.000000  -4.274870E-04  -4.274870E-04  -3.199753E-04
1   1     0.000  5.000  2.000    0.000000  -4.274870E-04  -4.274870E-04  -3.199753E-04
1   1    -3.000  2.000  2.000    0.000000   1.440080E-04   1.440080E-04   1.101401E-04
1   1     3.000 -2.000 -2.000    0.000000   1.440080E-04   1.440080E-04   1.101401E-04
1   1    -2.000  0.000 -5.000    0.000000  -5.377390E-04  -5.377390E-04  -2.920076E-04
1   1     2.000  0.000  5.000    0.000000  -5.377390E-04  -5.377390E-04  -2.920076E-04
1   1    -2.000 -5.000  0.000    0.000000  -5.377390E-04  -5.377390E-04  -2.920076E-04
1   1     2.000  5.000  0.000    0.000000  -5.377390E-04  -5.377390E-04  -2.920076E-04
1   1    -5.000  0.000 -2.000    0.000000   1.140500E-04   1.140500E-04   8.471342E-05
1   1     5.000  0.000  2.000    0.000000   1.140500E-04   1.140500E-04   8.471342E-05
1   1    -5.000 -2.000  0.000    0.000000   1.140500E-04   1.140500E-04   8.471342E-05
1   1     5.000  2.000  0.000    0.000000   1.140500E-04   1.140500E-04   8.471342E-05
1   1    -2.000 -2.000  3.000    0.000000  -2.790120E-04  -2.790120E-04  -2.183872E-04
1   1    -2.000  3.000 -2.000    0.000000  -2.790120E-04  -2.790120E-04  -2.183872E-04
1   1     2.000 -3.000  2.000    0.000000  -2.790120E-04  -2.790120E-04  -2.183872E-04
1   1     2.000  2.000 -3.000    0.000000  -2.790120E-04  -2.790120E-04  -2.183872E-04
1   1    -4.000 -5.000 -5.000    0.000000   6.074650E-04   6.074650E-04   3.257059E-04
1   1     4.000  5.000  5.000    0.000000   6.074650E-04   6.074650E-04   3.257059E-04
1   1    -1.000 -4.000 -5.000    0.000000  -4.269190E-05  -4.269190E-05  -3.434158E-05
1   1     1.000  4.000  5.000    0.000000  -4.269190E-05  -4.269190E-05  -3.434158E-05
1   1    -1.000 -5.000 -4.000    0.000000  -4.269190E-05  -4.269190E-05  -3.434158E-05
1   1     1.000  5.000  4.000    0.000000  -4.269190E-05  -4.269190E-05  -3.434158E-05
1   1    -5.000 -5.000 -4.000    0.000000   1.577900E-03   1.577900E-03   1.158311E-03
1   1    -5.000 -4.000 -5.000    0.000000   1.577900E-03   1.577900E-03   1.158311E-03
1   1     5.000  4.000  5.000    0.000000   1.577900E-03   1.577900E-03   1.158311E-03
1   1     5.000  5.000  4.000    0.000000   1.577900E-03   1.577900E-03   1.158311E-03
1   1    -1.000  3.000  4.000    0.000000  -3.087450E-05  -3.087450E-05  -2.465291E-05
1   1    -1.000  4.000  3.000    0.000000  -3.087450E-05  -3.087450E-05  -2.465291E-05
1   1     1.000 -4.000 -3.000    0.000000  -3.087450E-05  -3.087450E-05  -2.465291E-05
1   1     1.000 -3.000 -4.000    0.000000  -3.087450E-05  -3.087450E-05  -2.465291E-05
1   1     0.000 -1.000 -5.000    0.000000   6.447970E-06   6.447970E-06   4.573657E-06
1   1     0.000  1.000  5.000    0.000000   6.447970E-06   6.447970E-06   4.573657E-06
1   1     0.000 -5.000 -1.000    0.000000   6.447970E-06   6.447970E-06   4.573657E-06
1   1     0.000  5.000  1.000    0.000000   6.447970E-06   6.447970E-06   4.573657E-06
1   1    -4.000 -1.000 -5.000    0.000000   8.345700E-06   8.345700E-06   6.695140E-06
1   1     4.000  1.000  5.000    0.000000   8.345700E-06   8.345700E-06   6.695140E-06
1   1    -4.000 -5.000 -1.000    0.000000   8.345700E-06   8.345700E-06   6.695140E-06
1   1     4.000  5.000  1.000    0.000000   8.345700E-06   8.345700E-06   6.695140E-06
1   1    -5.000 -1.000 -4.000    0.000000   1.119700E-04   1.119700E-04   8.567278E-05
1   1     5.000  1.000  4.000    0.000000   1.119700E-04   1.119700E-04   8.567278E-05
1   1    -5.000 -4.000 -1.000    0.000000   1.119700E-04   1.119700E-04   8.567278E-05
1   1     5.000  4.000  1.000    0.000000   1.119700E-04   1.119700E-04   8.567278E-05
1   1    -1.000  0.000 -5.000    0.000000   2.884770E-04   2.884770E-04   1.500505E-04
1   1     1.000  0.000  5.000    0.000000   2.884770E-04   2.884770E-04   1.500505E-04
1   1    -1.000 -5.000  0.000    0.000000   2.884770E-04   2.884770E-04   1.500505E-04
1   1     1.000  5.000  0.000    0.000000   2.884770E-04   2.884770E-04   1.500505E-04
1   1    -4.000  1.000  1.000    0.000000   4.713110E-05   4.713110E-05   3.848566E-05
1   1     4.000 -1.000 -1.000    0.000000   4.713110E-05   4.713110E-05   3.848566E-05
1   1    -5.000 -1.000  0.000    0.000000   7.662310E-05   7.662310E-05   5.679808E-05
1   1    -5.000  0.000 -1.000    0.000000   7.662310E-05   7.662310E-05   5.679808E-05
1   1     5.000  0.000  1.000    0.000000   7.662310E-05   7.662310E-05   5.679808E-05
1   1     5.000  1.000  0.000    0.000000   7.662310E-05   7.662310E-05   5.679808E-05
1   1    -1.000 -1.000  4.000    0.000000   4.398840E-05   4.398840E-05   3.430798E-05
1   1     1.000  1.000 -4.000    0.000000   4.398840E-05   4.398840E-05   3.430798E-05
1   1    -1.000  4.000 -1.000    0.000000   4.398840E-05   4.398840E-05   3.430798E-05
1   1     1.000 -4.000  1.000    0.000000   4.398840E-05   4.398840E-05   3.430798E-05
1   1    -3.000 -4.000  1.000    0.000000   1.090150E-05   1.090150E-05   8.694271E-06
1   1    -3.000  1.000 -4.000    0.000000   1.090150E-05   1.090150E-05   8.694271E-06
1   1     3.000 -1.000  4.000    0.000000   1.090150E-05   1.090150E-05   8.694271E-06
1   1     3.000  4.000 -1.000    0.000000   1.090150E-05   1.090150E-05   8.694271E-06
1   1    -4.000  1.000 -3.000    0.000000  -6.806420E-06  -6.806420E-06  -5.249767E-06
1   1     4.000 -1.000  3.000    0.000000  -6.806420E-06  -6.806420E-06  -5.249767E-06
1   1    -4.000 -3.000  1.000    0.000000  -6.806420E-06  -6.806420E-06  -5.249767E-06
1   1     4.000  3.000 -1.000    0.000000  -6.806420E-06  -6.806420E-06  -5.249767E-06
1   1    -2.000 -5.000 -5.000    0.000000   7.507280E-05   7.507280E-05   5.416822E-05
1   1     2.000  5.000  5.000    0.000000   7.507280E-05   7.507280E-05   5.416822E-05
1   1    -3.000 -6.000 -3.000    0.000000   8.368850E-04   8.368850E-04   4.035272E-04
1   1    -3.000 -3.000 -6.000    0.000000   8.368850E-04   8.368850E-04   4.035272E-04
1   1     3.000  3.000  6.000    0.000000   8.368850E-04   8.368850E-04   4.035272E-04
1   1     3.000  6.000  3.000    0.000000   8.368850E-04   8.368850E-04   4.035272E-04
1   1     0.000 -3.000 -5.000    0.000000   6.468980E-05   6.468980E-05   4.648698E-05
1   1     0.000  3.000  5.000    0.000000   6.468980E-05   6.468980E-05   4.648698E-05
1   1     0.000 -5.000 -3.000    0.000000   6.468980E-05   6.468980E-05   4.648698E-05
1   1     0.000  5.000  3.000    0.000000   6.468980E-05   6.468980E-05   4.648698E-05
1   1    -5.000 -2.000 -5.000    0.000000   1.711800E-05   1.711800E-05   1.216179E-05
1   1     5.000  2.000  5.000    0.000000   1.711800E-05   1.711800E-05   1.216179E-05
1   1    -5.000 -5.000 -2.000    0.000000   1.711800E-05   1.711800E-05   1.216179E-05
1   1     5.000  5.000  2.000    0.000000   1.711800E-05   1.711800E-05   1.216179E-05
1   1    -2.000  3.000  3.000    0.000000   6.359840E-05   6.359840E-05   4.892394E-05
1   1     2.000 -3.000 -3.000    0.000000   6.359840E-05   6.359840E-05   4.892394E-05
1   1    -6.000 -3.000 -3.000    0.000000   1.001700E-04   1.001700E-04   6.714336E-05
1   1     6.000  3.000  3.000    0.000000   1.001700E-04   1.001700E-04   6.714336E-05
1   1    -3.000  0.000 -5.000    0.000000   1.390630E-05   1.390630E-05   1.031591E-05
1   1     3.000  0.000  5.000    0.000000   1.390630E-05   1.390630E-05   1.031591E-05
1   1    -3.000 -5.000  0.000    0.000000   1.390630E-05   1.390630E-05   1.031591E-05
1   1     3.000  5.000  0.000    0.000000   1.390630E-05   1.390630E-05   1.031591E-05
1   1    -3.000  0.000  3.000    0.000000  -7.012790E-05  -7.012790E-05  -4.012047E-05
1   1     3.000  0.000 -3.000    0.000000  -7.012790E-05  -7.012790E-05  -4.012047E-05
1   1    -3.000  3.000  0.000    0.000000  -7.012790E-05  -7.012790E-05  -4.012047E-05
1   1     3.000 -3.000  0.000    0.000000  -7.012790E-05  -7.012790E-05  -4.012047E-05
1   1    -5.000 -3.000  0.000    0.000000   1.361880E-05   1.361880E-05   9.337919E-06
1   1    -5.000  0.000 -3.000    0.000000   1.361880E-05   1.361880E-05   9.337919E-06
1   1     5.000  0.000  3.000    0.000000   1.361880E-05   1.361880E-05   9.337919E-06
1   1     5.000  3.000  0.000    0.000000   1.361880E-05   1.361880E-05   9.337919E-06
1   1    -3.000 -3.000  2.000    0.000000   1.148370E-05   1.148370E-05   8.019028E-06
1   1    -3.000  2.000 -3.000    0.000000   1.148370E-05   1.148370E-05   8.019028E-06
1   1     3.000 -2.000  3.000    0.000000   1.148370E-05   1.148370E-05   8.019028E-06
1   1     3.000  3.000 -2.000    0.000000   1.148370E-05   1.148370E-05   8.019028E-06
1   1     0.000 -3.000  3.000    0.000000   1.607290E-04   1.607290E-04   1.130183E-04
1   1     0.000  3.000 -3.000    0.000000   1.607290E-04   1.607290E-04   1.130183E-04
1   1    -5.000 -5.000 -5.000    0.000000  -5.837800E-04  -5.837800E-04  -4.067569E-04
1   1     5.000  5.000  5.000    0.000000  -5.837800E-04  -5.837800E-04  -4.067569E-04
1   1    -3.000 -6.000 -4.000    0.000000  -8.646710E-05  -8.646710E-05  -8.398739E-05
1   1    -3.000 -4.000 -6.000    0.000000  -8.646710E-05  -8.646710E-05  -8.398739E-05
1   1     3.000  4.000  6.000    0.000000  -8.646710E-05  -8.646710E-05  -8.398739E-05
1   1     3.000  6.000  4.000    0.000000  -8.646710E-05  -8.646710E-05  -8.398739E-05
1   1    -2.000 -3.000 -6.000    0.000000   8.305840E-06   8.305840E-06   5.307804E-06
1   1     2.000  3.000  6.000    0.000000   8.305840E-06   8.305840E-06   5.307804E-06
1   1    -2.000 -6.000 -3.000    0.000000   8.305840E-06   8.305840E-06   5.307804E-06
1   1     2.000  6.000  3.000    0.000000   8.305840E-06   8.305840E-06   5.307804E-06
1   1    -4.000 -3.000 -6.000    0.000000  -1.277760E-04  -1.277760E-04  -8.224793E-05
1   1     4.000  3.000  6.000    0.000000  -1.277760E-04  -1.277760E-04  -8.224793E-05
1   1    -4.000 -6.000 -3.000    0.000000  -1.277760E-04  -1.277760E-04  -8.224793E-05
1   1     4.000  6.000  3.000    0.000000  -1.277760E-04  -1.277760E-04  -8.224793E-05
1   1    -3.000 -2.000 -6.000    0.000000  -5.531350E-05  -5.531350E-05  -5.452639E-05
1   1     3.000  2.000  6.000    0.000000  -5.531350E-05  -5.531350E-05  -5.452639E-05
1   1    -3.000 -6.000 -2.000    0.000000  -5.531350E-05  -5.531350E-05  -5.452639E-05
1   1     3.000  6.000  2.000    0.000000  -5.531350E-05  -5.531350E-05  -5.452639E-05
1   1    -6.000 -3.000 -4.000    0.000000  -3.347790E-05  -3.347790E-05  -2.115544E-05
1   1     6.000  3.000  4.000    0.000000  -3.347790E-05  -3.347790E-05  -2.115544E-05
1   1    -6.000 -4.000 -3.000    0.000000  -3.347790E-05  -3.347790E-05  -2.115544E-05
1   1     6.000  4.000  3.000    0.000000  -3.347790E-05  -3.347790E-05  -2.115544E-05
1   1    -6.000 -3.000 -2.000    0.000000   5.841550E-06   5.841550E-06   3.768666E-06
1   1    -6.000 -2.000 -3.000    0.000000   5.841550E-06   5.841550E-06   3.768666E-06
1   1     6.000  2.000  3.000    0.000000   5.841550E-06   5.841550E-06   3.768666E-06
1   1     6.000  3.000  2.000    0.000000   5.841550E-06   5.841550E-06   3.768666E-06
1   1    -2.000  1.000  4.000    0.000000  -6.092040E-06  -6.092040E-06  -3.615067E-06
1   1     2.000 -1.000 -4.000    0.000000  -6.092040E-06  -6.092040E-06  -3.615067E-06
1   1    -2.000  4.000  1.000    0.000000  -6.092040E-06  -6.092040E-06  -3.615067E-06
1   1     2.000 -4.000 -1.000    0.000000  -6.092040E-06  -6.092040E-06  -3.615067E-06
1   1     0.000  0.000 -5.000    0.000000   1.185330E-05   1.185330E-05   8.223573E-06
1   1     0.000  0.000  5.000    0.000000   1.185330E-05   1.185330E-05   8.223573E-06
1   1    -3.000  1.000  3.000    0.000000  -1.740340E-04  -1.740340E-04  -1.006372E-04
1   1    -3.000  3.000  1.000    0.000000  -1.740340E-04  -1.740340E-04  -1.006372E-04
1   1     0.000 -5.000  0.000    0.000000   1.185330E-05   1.185330E-05   8.223573E-06
1   1     0.000  5.000  0.000    0.000000   1.185330E-05   1.185330E-05   8.223573E-06
1   1     3.000 -3.000 -1.000    0.000000  -1.740340E-04  -1.740340E-04  -1.006372E-04
1   1     3.000 -1.000 -3.000    0.000000  -1.740340E-04  -1.740340E-04  -1.006372E-04
1   1    -5.000  0.000  0.000    0.000000  -1.237600E-04  -1.237600E-04  -8.488247E-05
1   1     5.000  0.000  0.000    0.000000  -1.237600E-04  -1.237600E-04  -8.488247E-05
