i    j    dx   dy   dz        Jij             χ⁰↑    χ⁰↓
1    1   -1   -1   -1         NaN             NaN    0.370176E-01
1    1    1    1    1         NaN             NaN    0.370176E-01
1    1    0   -1    0         NaN             NaN    0.178603E-01
1    1    0    0   -1         NaN             NaN    0.178603E-01
1    1    0    0    1         NaN             NaN    0.178603E-01
1    1    0    1    0         NaN             NaN    0.178603E-01
1    1   -1    0    0         NaN             NaN   -0.111703E+00
1    1    1    0    0         NaN             NaN   -0.111703E+00
1    1    0   -1   -1         NaN             NaN    0.361313E-01
1    1    0    1    1         NaN             NaN    0.361313E-01
1    1   -1   -1    0         NaN             NaN    0.494678E-01
1    1   -1    0   -1         NaN             NaN    0.494678E-01
1    1    1    0    1         NaN             NaN    0.494678E-01
1    1    1    1    0         NaN             NaN    0.494678E-01
1    1   -1   -2   -1         NaN             NaN    0.188623E-02
1    1   -1   -1   -2         NaN             NaN    0.188623E-02
1    1    1    1    2         NaN             NaN    0.188623E-02
1    1    1    2    1         NaN             NaN    0.188623E-02
1    1   -2   -1   -1         NaN             NaN   -0.210187E-02
1    1    2    1    1         NaN             NaN   -0.210187E-02
1    1   -1    0    1         NaN             NaN   -0.289445E-03
1    1   -1    1    0         NaN             NaN   -0.289445E-03
1    1    1   -1    0         NaN             NaN   -0.289445E-03
1    1    1    0   -1         NaN             NaN   -0.289445E-03
1    1    0   -1    1         NaN             NaN   -0.451404E-02
1    1    0    1   -1         NaN             NaN   -0.451404E-02
1    1   -1   -2   -2         NaN             NaN    0.653166E-02
1    1    1    2    2         NaN             NaN    0.653166E-02
1    1    0   -2   -1         NaN             NaN    0.155322E-02
1    1    0   -1   -2         NaN             NaN    0.155322E-02
1    1    0    1    2         NaN             NaN    0.155322E-02
1    1    0    2    1         NaN             NaN    0.155322E-02
1    1   -2   -2   -1         NaN             NaN   -0.136008E-01
1    1   -2   -1   -2         NaN             NaN   -0.136008E-01
1    1    2    1    2         NaN             NaN   -0.136008E-01
1    1    2    2    1         NaN             NaN   -0.136008E-01
1    1   -1    1    1         NaN             NaN   -0.258427E-02
1    1    1   -1   -1         NaN             NaN   -0.258427E-02
1    1   -1   -2    0         NaN             NaN   -0.879210E-03
1    1   -1    0   -2         NaN             NaN   -0.879210E-03
1    1    1    0    2         NaN             NaN   -0.879210E-03
1    1    1    2    0         NaN             NaN   -0.879210E-03
1    1   -2   -1    0         NaN             NaN   -0.234201E-02
1    1   -2    0   -1         NaN             NaN   -0.234201E-02
1    1    2    0    1         NaN             NaN   -0.234201E-02
1    1    2    1    0         NaN             NaN   -0.234201E-02
1    1   -1   -1    1         NaN             NaN   -0.200310E-02
1    1   -1    1   -1         NaN             NaN   -0.200310E-02
1    1    1   -1    1         NaN             NaN   -0.200310E-02
1    1    1    1   -1         NaN             NaN   -0.200310E-02
1    1   -2   -2   -2         NaN             NaN    0.333140E-01
1    1    2    2    2         NaN             NaN    0.333140E-01
1    1    0   -2    0         NaN             NaN    0.665435E-02
1    1    0    0   -2         NaN             NaN    0.665435E-02
1    1    0    0    2         NaN             NaN    0.665435E-02
1    1    0    2    0         NaN             NaN    0.665435E-02
1    1   -2    0    0         NaN             NaN    0.172844E-02
1    1    2    0    0         NaN             NaN    0.172844E-02
1    1    0   -2   -2         NaN             NaN    0.633149E-02
1    1    0    2    2         NaN             NaN    0.633149E-02
1    1   -2   -2    0         NaN             NaN    0.763520E-02
1    1   -2    0   -2         NaN             NaN    0.763520E-02
1    1    2    0    2         NaN             NaN    0.763520E-02
1    1    2    2    0         NaN             NaN    0.763520E-02
1    1   -2   -3   -2         NaN             NaN    0.653493E-03
1    1   -2   -2   -3         NaN             NaN    0.653493E-03
1    1    2    2    3         NaN             NaN    0.653493E-03
1    1    2    3    2         NaN             NaN    0.653493E-03
1    1   -3   -2   -2         NaN             NaN    0.125219E-02
1    1    3    2    2         NaN             NaN    0.125219E-02
1    1   -1   -1   -3         NaN             NaN    0.159517E-02
1    1    1    1    3         NaN             NaN    0.159517E-02
1    1   -1   -3   -1         NaN             NaN    0.159517E-02
1    1    1    3    1         NaN             NaN    0.159517E-02
1    1   -3   -1   -1         NaN             NaN    0.436181E-03
1    1    3    1    1         NaN             NaN    0.436181E-03
1    1   -1    0    2         NaN             NaN    0.523781E-02
1    1   -1    2    0         NaN             NaN    0.523781E-02
1    1    1   -2    0         NaN             NaN    0.523781E-02
1    1    1    0   -2         NaN             NaN    0.523781E-02
1    1   -2    0    1         NaN             NaN    0.520195E-03
1    1   -2    1    0         NaN             NaN    0.520195E-03
1    1    2   -1    0         NaN             NaN    0.520195E-03
1    1    2    0   -1         NaN             NaN    0.520195E-03
1    1    0   -1    2         NaN             NaN    0.673796E-03
1    1    0    1   -2         NaN             NaN    0.673796E-03
1    1    0   -2    1         NaN             NaN    0.673796E-03
1    1    0    2   -1         NaN             NaN    0.673796E-03
1    1   -1   -3   -2         NaN             NaN   -0.312859E-03
1    1   -1   -2   -3         NaN             NaN   -0.312859E-03
1    1    1    2    3         NaN             NaN   -0.312859E-03
1    1    1    3    2         NaN             NaN   -0.312859E-03
1    1   -2   -3   -1         NaN             NaN    0.481408E-03
1    1   -2   -1   -3         NaN             NaN    0.481408E-03
1    1    2    1    3         NaN             NaN    0.481408E-03
1    1    2    3    1         NaN             NaN    0.481408E-03
1    1   -1    1    2         NaN             NaN   -0.187469E-02
1    1   -1    2    1         NaN             NaN   -0.187469E-02
1    1    1   -2   -1         NaN             NaN   -0.187469E-02
1    1    1   -1   -2         NaN             NaN   -0.187469E-02
1    1   -3   -2   -1         NaN             NaN   -0.554386E-03
1    1   -3   -1   -2         NaN             NaN   -0.554386E-03
1    1    3    1    2         NaN             NaN   -0.554386E-03
1    1    3    2    1         NaN             NaN   -0.554386E-03
1    1   -2   -1    1         NaN             NaN   -0.482486E-04
1    1   -2    1   -1         NaN             NaN   -0.482486E-04
1    1    2   -1    1         NaN             NaN   -0.482486E-04
1    1    2    1   -1         NaN             NaN   -0.482486E-04
1    1   -1    1   -2         NaN             NaN   -0.136520E-02
1    1    1   -1    2         NaN             NaN   -0.136520E-02
1    1   -1   -2    1         NaN             NaN   -0.136520E-02
1    1    1    2   -1         NaN             NaN   -0.136520E-02
1    1   -2   -3   -3         NaN             NaN    0.262482E-02
1    1    2    3    3         NaN             NaN    0.262482E-02
1    1   -3   -3   -2         NaN             NaN    0.977839E-02
1    1   -3   -2   -3         NaN             NaN    0.977839E-02
1    1    3    2    3         NaN             NaN    0.977839E-02
1    1    3    3    2         NaN             NaN    0.977839E-02
1    1    0   -3   -1         NaN             NaN    0.984669E-03
1    1    0   -1   -3         NaN             NaN    0.984669E-03
1    1    0    1    3         NaN             NaN    0.984669E-03
1    1    0    3    1         NaN             NaN    0.984669E-03
1    1   -1   -3    0         NaN             NaN    0.257472E-02
1    1   -1    0   -3         NaN             NaN    0.257472E-02
1    1    1    0    3         NaN             NaN    0.257472E-02
1    1    1    3    0         NaN             NaN    0.257472E-02
1    1   -2    1    1         NaN             NaN    0.235085E-03
1    1    2   -1   -1         NaN             NaN    0.235085E-03
1    1   -3   -1    0         NaN             NaN    0.161979E-02
1    1   -3    0   -1         NaN             NaN    0.161979E-02
1    1    3    0    1         NaN             NaN    0.161979E-02
1    1    3    1    0         NaN             NaN    0.161979E-02
1    1   -1   -1    2         NaN             NaN    0.188065E-02
1    1    1    1   -2         NaN             NaN    0.188065E-02
1    1   -1    2   -1         NaN             NaN    0.188065E-02
1    1    1   -2    1         NaN             NaN    0.188065E-02
1    1   -1   -3   -3         NaN             NaN   -0.866080E-03
1    1    1    3    3         NaN             NaN   -0.866080E-03
1    1   -3   -3   -3         NaN             NaN   -0.532587E-02
1    1    3    3    3         NaN             NaN   -0.532587E-02
1    1    0   -3   -2         NaN             NaN   -0.290217E-03
1    1    0    3    2         NaN             NaN   -0.290217E-03
1    1    0   -2   -3         NaN             NaN   -0.290217E-03
1    1    0    2    3         NaN             NaN   -0.290217E-03
1    1   -1    2    2         NaN             NaN    0.111061E-02
1    1    1   -2   -2         NaN             NaN    0.111061E-02
1    1   -3   -3   -1         NaN             NaN   -0.122602E-02
1    1   -3   -1   -3         NaN             NaN   -0.122602E-02
1    1    3    1    3         NaN             NaN   -0.122602E-02
1    1    3    3    1         NaN             NaN   -0.122602E-02
1    1    0   -3    0         NaN             NaN   -0.664144E-03
1    1    0    0   -3         NaN             NaN   -0.664144E-03
1    1    0    0    3         NaN             NaN   -0.664144E-03
1    1    0    3    0         NaN             NaN   -0.664144E-03
1    1   -2    0   -3         NaN             NaN   -0.176577E-02
1    1    2    0    3         NaN             NaN   -0.176577E-02
1    1   -2   -3    0         NaN             NaN   -0.176577E-02
1    1    2    3    0         NaN             NaN   -0.176577E-02
1    1   -3    0   -2         NaN             NaN    0.480697E-03
1    1    3    0    2         NaN             NaN    0.480697E-03
1    1   -3   -2    0         NaN             NaN    0.480697E-03
1    1    3    2    0         NaN             NaN    0.480697E-03
1    1   -3    0    0         NaN             NaN    0.147343E-02
1    1    3    0    0         NaN             NaN    0.147343E-02
1    1   -2    1   -2         NaN             NaN   -0.125845E-03
1    1    2   -1    2         NaN             NaN   -0.125845E-03
1    1   -2   -2    1         NaN             NaN   -0.125845E-03
1    1    2    2   -1         NaN             NaN   -0.125845E-03
1    1   -2   -4   -2         NaN             NaN   -0.564959E-03
1    1   -2   -2   -4         NaN             NaN   -0.564959E-03
1    1    2    2    4         NaN             NaN   -0.564959E-03
1    1    2    4    2         NaN             NaN   -0.564959E-03
1    1   -4   -2   -2         NaN             NaN   -0.668735E-03
1    1    4    2    2         NaN             NaN   -0.668735E-03
1    1   -2    0    2         NaN             NaN   -0.171478E-02
1    1   -2    2    0         NaN             NaN   -0.171478E-02
1    1    2   -2    0         NaN             NaN   -0.171478E-02
1    1    2    0   -2         NaN             NaN   -0.171478E-02
1    1    0   -2    2         NaN             NaN   -0.126753E-02
1    1    0    2   -2         NaN             NaN   -0.126753E-02
1    1   -2   -3   -4         NaN             NaN    0.193606E-03
1    1    2    3    4         NaN             NaN    0.193606E-03
1    1   -2   -4   -3         NaN             NaN    0.193606E-03
1    1    2    4    3         NaN             NaN    0.193606E-03
1    1   -1   -2   -4         NaN             NaN    0.645655E-03
1    1    1    2    4         NaN             NaN    0.645655E-03
1    1   -1   -4   -2         NaN             NaN    0.645655E-03
1    1    1    4    2         NaN             NaN    0.645655E-03
1    1   -3   -4   -2         NaN             NaN   -0.490673E-03
1    1   -3   -2   -4         NaN             NaN   -0.490673E-03
1    1    3    2    4         NaN             NaN   -0.490673E-03
1    1    3    4    2         NaN             NaN   -0.490673E-03
1    1   -4   -3   -2         NaN             NaN   -0.261315E-03
1    1   -4   -2   -3         NaN             NaN   -0.261315E-03
1    1    4    2    3         NaN             NaN   -0.261315E-03
1    1    4    3    2         NaN             NaN   -0.261315E-03
1    1   -2   -1   -4         NaN             NaN   -0.785028E-04
1    1    2    1    4         NaN             NaN   -0.785028E-04
1    1   -2   -4   -1         NaN             NaN   -0.785028E-04
1    1    2    4    1         NaN             NaN   -0.785028E-04
1    1   -1    1    3         NaN             NaN   -0.543843E-04
1    1   -1    3    1         NaN             NaN   -0.543843E-04
1    1    1   -3   -1         NaN             NaN   -0.543843E-04
1    1    1   -1   -3         NaN             NaN   -0.543843E-04
1    1   -2    1    2         NaN             NaN    0.148137E-03
1    1   -2    2    1         NaN             NaN    0.148137E-03
1    1    2   -2   -1         NaN             NaN    0.148137E-03
1    1    2   -1   -2         NaN             NaN    0.148137E-03
1    1   -4   -2   -1         NaN             NaN    0.293316E-03
1    1   -4   -1   -2         NaN             NaN    0.293316E-03
1    1    4    1    2         NaN             NaN    0.293316E-03
1    1    4    2    1         NaN             NaN    0.293316E-03
1    1   -3   -1    1         NaN             NaN    0.147803E-04
1    1   -3    1   -1         NaN             NaN    0.147803E-04
1    1    3   -1    1         NaN             NaN    0.147803E-04
1    1    3    1   -1         NaN             NaN    0.147803E-04
1    1   -2   -1    2         NaN             NaN    0.347584E-03
1    1   -2    2   -1         NaN             NaN    0.347584E-03
1    1   -1    1   -3         NaN             NaN    0.633471E-04
1    1    1   -1    3         NaN             NaN    0.633471E-04
1    1    2   -2    1         NaN             NaN    0.347584E-03
1    1    2    1   -2         NaN             NaN    0.347584E-03
1    1   -1   -3    1         NaN             NaN    0.633471E-04
1    1    1    3   -1         NaN             NaN    0.633471E-04
1    1   -1   -2    2         NaN             NaN   -0.404432E-03
1    1   -1    2   -2         NaN             NaN   -0.404432E-03
1    1    1   -2    2         NaN             NaN   -0.404432E-03
1    1    1    2   -2         NaN             NaN   -0.404432E-03
1    1   -3   -4   -3         NaN             NaN    0.373541E-03
1    1   -3   -3   -4         NaN             NaN    0.373541E-03
1    1    3    3    4         NaN             NaN    0.373541E-03
1    1    3    4    3         NaN             NaN    0.373541E-03
1    1    0   -3   -3         NaN             NaN   -0.504294E-03
1    1    0    3    3         NaN             NaN   -0.504294E-03
1    1   -4   -3   -3         NaN             NaN   -0.135283E-03
1    1    4    3    3         NaN             NaN   -0.135283E-03
1    1   -1   -1   -4         NaN             NaN    0.216660E-03
1    1    1    1    4         NaN             NaN    0.216660E-03
1    1   -1   -4   -1         NaN             NaN    0.216660E-03
1    1    1    4    1         NaN             NaN    0.216660E-03
1    1   -1    0    3         NaN             NaN   -0.605311E-04
1    1   -1    3    0         NaN             NaN   -0.605311E-04
1    1    1   -3    0         NaN             NaN   -0.605311E-04
1    1    1    0   -3         NaN             NaN   -0.605311E-04
1    1   -3    0   -3         NaN             NaN    0.736877E-05
1    1    3    0    3         NaN             NaN    0.736877E-05
1    1   -3   -3    0         NaN             NaN    0.736877E-05
1    1    3    3    0         NaN             NaN    0.736877E-05
1    1   -4   -1   -1         NaN             NaN   -0.852594E-06
1    1    4    1    1         NaN             NaN   -0.852594E-06
1    1   -3    0    1         NaN             NaN   -0.408523E-03
1    1   -3    1    0         NaN             NaN   -0.408523E-03
1    1    3   -1    0         NaN             NaN   -0.408523E-03
1    1    3    0   -1         NaN             NaN   -0.408523E-03
1    1    0   -1    3         NaN             NaN    0.155919E-03
1    1    0    1   -3         NaN             NaN    0.155919E-03
1    1    0   -3    1         NaN             NaN    0.155919E-03
1    1    0    3   -1         NaN             NaN    0.155919E-03
1    1   -1   -3   -4         NaN             NaN    0.231197E-04
1    1    1    3    4         NaN             NaN    0.231197E-04
1    1   -1   -4   -3         NaN             NaN    0.231197E-04
1    1    1    4    3         NaN             NaN    0.231197E-04
1    1   -1    2    3         NaN             NaN    0.461395E-04
1    1   -1    3    2         NaN             NaN    0.461395E-04
1    1    1   -3   -2         NaN             NaN    0.461395E-04
1    1    1   -2   -3         NaN             NaN    0.461395E-04
1    1   -3   -4   -1         NaN             NaN   -0.151644E-03
1    1   -3   -1   -4         NaN             NaN   -0.151644E-03
1    1    3    1    4         NaN             NaN   -0.151644E-03
1    1    3    4    1         NaN             NaN   -0.151644E-03
1    1   -4   -3   -1         NaN             NaN    0.217604E-03
1    1   -4   -1   -3         NaN             NaN    0.217604E-03
1    1    4    1    3         NaN             NaN    0.217604E-03
1    1    4    3    1         NaN             NaN    0.217604E-03
1    1   -3    1   -2         NaN             NaN   -0.955886E-04
1    1   -2    1   -3         NaN             NaN   -0.692459E-04
1    1    2   -1    3         NaN             NaN   -0.692459E-04
1    1    3   -1    2         NaN             NaN   -0.955886E-04
1    1   -3   -2    1         NaN             NaN   -0.955886E-04
1    1   -2   -3    1         NaN             NaN   -0.692459E-04
1    1    2    3   -1         NaN             NaN   -0.692459E-04
1    1    3    2   -1         NaN             NaN   -0.955886E-04
1    1   -3   -4   -4         NaN             NaN   -0.130687E-02
1    1    3    4    4         NaN             NaN   -0.130687E-02
1    1   -4   -4   -3         NaN             NaN   -0.275778E-02
1    1   -4   -3   -4         NaN             NaN   -0.275778E-02
1    1    4    3    4         NaN             NaN   -0.275778E-02
1    1    4    4    3         NaN             NaN   -0.275778E-02
1    1    0   -1   -4         NaN             NaN    0.207890E-04
1    1    0    1    4         NaN             NaN    0.207890E-04
1    1    0   -4   -1         NaN             NaN    0.207890E-04
1    1    0    4    1         NaN             NaN    0.207890E-04
1    1   -1   -4    0         NaN             NaN   -0.102999E-02
1    1   -1    0   -4         NaN             NaN   -0.102999E-02
1    1    1    0    4         NaN             NaN   -0.102999E-02
1    1    1    4    0         NaN             NaN   -0.102999E-02
1    1   -3    1    1         NaN             NaN   -0.122852E-04
1    1    3   -1   -1         NaN             NaN   -0.122852E-04
1    1   -4   -1    0         NaN             NaN   -0.229325E-03
1    1   -4    0   -1         NaN             NaN   -0.229325E-03
1    1    4    0    1         NaN             NaN   -0.229325E-03
1    1    4    1    0         NaN             NaN   -0.229325E-03
1    1   -1   -1    3         NaN             NaN   -0.154227E-03
1    1    1    1   -3         NaN             NaN   -0.154227E-03
1    1   -1    3   -1         NaN             NaN   -0.154227E-03
1    1    1   -3    1         NaN             NaN   -0.154227E-03
1    1   -2   -4   -4         NaN             NaN   -0.971783E-03
1    1    2    4    4         NaN             NaN   -0.971783E-03
1    1    0   -4   -2         NaN             NaN   -0.116677E-02
1    1    0   -2   -4         NaN             NaN   -0.116677E-02
1    1    0    2    4         NaN             NaN   -0.116677E-02
1    1    0    4    2         NaN             NaN   -0.116677E-02
1    1   -4   -4   -2         NaN             NaN   -0.167301E-03
1    1   -4   -2   -4         NaN             NaN   -0.167301E-03
1    1    4    2    4         NaN             NaN   -0.167301E-03
1    1    4    4    2         NaN             NaN   -0.167301E-03
1    1   -2    2    2         NaN             NaN   -0.159784E-02
1    1    2   -2   -2         NaN             NaN   -0.159784E-02
1    1   -2   -4    0         NaN             NaN   -0.114041E-02
1    1   -2    0   -4         NaN             NaN   -0.114041E-02
1    1    2    0    4         NaN             NaN   -0.114041E-02
1    1    2    4    0         NaN             NaN   -0.114041E-02
1    1   -4   -2    0         NaN             NaN   -0.956423E-03
1    1   -4    0   -2         NaN             NaN   -0.956423E-03
1    1    4    0    2         NaN             NaN   -0.956423E-03
1    1    4    2    0         NaN             NaN   -0.956423E-03
1    1   -2   -2    2         NaN             NaN   -0.801407E-03
1    1   -2    2   -2         NaN             NaN   -0.801407E-03
1    1    2   -2    2         NaN             NaN   -0.801407E-03
1    1    2    2   -2         NaN             NaN   -0.801407E-03
1    1   -4   -4   -4         NaN             NaN    0.822217E-03
1    1    4    4    4         NaN             NaN    0.822217E-03
1    1    0   -4    0         NaN             NaN    0.204280E-04
1    1    0    0   -4         NaN             NaN    0.204280E-04
1    1    0    0    4         NaN             NaN    0.204280E-04
1    1    0    4    0         NaN             NaN    0.204280E-04
1    1   -4    0    0         NaN             NaN   -0.555463E-03
1    1    4    0    0         NaN             NaN   -0.555463E-03
1    1   -1   -4   -4         NaN             NaN   -0.702839E-04
1    1    1    4    4         NaN             NaN   -0.702839E-04
1    1   -3   -3   -5         NaN             NaN    0.262585E-04
1    1    3    3    5         NaN             NaN    0.262585E-04
1    1   -3   -5   -3         NaN             NaN    0.262585E-04
1    1    3    5    3         NaN             NaN    0.262585E-04
1    1    0   -3   -4         NaN             NaN    0.528653E-05
1    1    0    3    4         NaN             NaN    0.528653E-05
1    1    0   -4   -3         NaN             NaN    0.528653E-05
1    1    0    4    3         NaN             NaN    0.528653E-05
1    1   -2   -5   -2         NaN             NaN   -0.569048E-05
1    1   -2   -2   -5         NaN             NaN   -0.569048E-05
1    1    2    2    5         NaN             NaN   -0.569048E-05
1    1    2    5    2         NaN             NaN   -0.569048E-05
1    1   -1    3    3         NaN             NaN    0.835857E-04
1    1    1   -3   -3         NaN             NaN    0.835857E-04
1    1   -5   -3   -3         NaN             NaN    0.632543E-04
1    1    5    3    3         NaN             NaN    0.632543E-04
1    1   -4   -4   -1         NaN             NaN   -0.172661E-03
1    1   -4   -1   -4         NaN             NaN   -0.172661E-03
1    1    4    1    4         NaN             NaN   -0.172661E-03
1    1    4    4    1         NaN             NaN   -0.172661E-03
1    1   -5   -2   -2         NaN             NaN   -0.507458E-04
1    1    5    2    2         NaN             NaN   -0.507458E-04
1    1   -3   -4    0         NaN             NaN   -0.214770E-03
1    1   -3    0   -4         NaN             NaN   -0.214770E-03
1    1    3    0    4         NaN             NaN   -0.214770E-03
1    1    3    4    0         NaN             NaN   -0.214770E-03
1    1   -2    0    3         NaN             NaN    0.115116E-03
1    1   -2    3    0         NaN             NaN    0.115116E-03
1    1    2   -3    0         NaN             NaN    0.115116E-03
1    1    2    0   -3         NaN             NaN    0.115116E-03
1    1   -4    0   -3         NaN             NaN    0.101434E-03
1    1    4    0    3         NaN             NaN    0.101434E-03
1    1   -4   -3    0         NaN             NaN    0.101434E-03
1    1    4    3    0         NaN             NaN    0.101434E-03
1    1   -3    0    2         NaN             NaN    0.244427E-03
1    1   -3    2    0         NaN             NaN    0.244427E-03
1    1    3   -2    0         NaN             NaN    0.244427E-03
1    1    3    0   -2         NaN             NaN    0.244427E-03
1    1   -3    1   -3         NaN             NaN    0.137073E-06
1    1    3   -1    3         NaN             NaN    0.137073E-06
1    1   -3   -3    1         NaN             NaN    0.137073E-06
1    1    3    3   -1         NaN             NaN    0.137073E-06
1    1    0   -3    2         NaN             NaN    0.359116E-04
1    1    0   -2    3         NaN             NaN    0.359116E-04
1    1    0    2   -3         NaN             NaN    0.359116E-04
1    1    0    3   -2         NaN             NaN    0.359116E-04
1    1   -2   -5   -3         NaN             NaN    0.597711E-04
1    1   -2   -3   -5         NaN             NaN    0.597711E-04
1    1    2    3    5         NaN             NaN    0.597711E-04
1    1    2    5    3         NaN             NaN    0.597711E-04
1    1   -3   -5   -2         NaN             NaN   -0.345559E-03
1    1   -3   -2   -5         NaN             NaN   -0.345559E-03
1    1    3    2    5         NaN             NaN   -0.345559E-03
1    1    3    5    2         NaN             NaN   -0.345559E-03
1    1   -5   -3   -2         NaN             NaN   -0.117012E-04
1    1   -5   -2   -3         NaN             NaN   -0.117012E-04
1    1    5    2    3         NaN             NaN   -0.117012E-04
1    1    5    3    2         NaN             NaN   -0.117012E-04
1    1   -2    1    3         NaN             NaN    0.369284E-03
1    1    2   -1   -3         NaN             NaN    0.369284E-03
1    1   -2    3    1         NaN             NaN    0.369284E-03
1    1    2   -3   -1         NaN             NaN    0.369284E-03
1    1   -3   -1    2         NaN             NaN   -0.118056E-03
1    1   -3    2   -1         NaN             NaN   -0.118056E-03
1    1    3   -2    1         NaN             NaN   -0.118056E-03
1    1    3    1   -2         NaN             NaN   -0.118056E-03
1    1   -1   -3    2         NaN             NaN   -0.110788E-03
1    1   -1    2   -3         NaN             NaN   -0.110788E-03
1    1    1   -2    3         NaN             NaN   -0.110788E-03
1    1    1    3   -2         NaN             NaN   -0.110788E-03
1    1   -3   -5   -4         NaN             NaN   -0.795807E-04
1    1   -3   -4   -5         NaN             NaN   -0.795807E-04
1    1    3    4    5         NaN             NaN   -0.795807E-04
1    1    3    5    4         NaN             NaN   -0.795807E-04
1    1   -4   -5   -3         NaN             NaN    0.610132E-04
1    1   -4   -3   -5         NaN             NaN    0.610132E-04
1    1    4    3    5         NaN             NaN    0.610132E-04
1    1    4    5    3         NaN             NaN    0.610132E-04
1    1   -5   -4   -3         NaN             NaN    0.348402E-03
1    1   -5   -3   -4         NaN             NaN    0.348402E-03
1    1    5    3    4         NaN             NaN    0.348402E-03
1    1    5    4    3         NaN             NaN    0.348402E-03
1    1   -1   -2   -5         NaN             NaN   -0.165164E-03
1    1    1    2    5         NaN             NaN   -0.165164E-03
1    1   -1   -5   -2         NaN             NaN   -0.165164E-03
1    1    1    5    2         NaN             NaN   -0.165164E-03
1    1   -2   -1   -5         NaN             NaN    0.249732E-04
1    1    2    1    5         NaN             NaN    0.249732E-04
1    1   -2   -5   -1         NaN             NaN    0.249732E-04
1    1    2    5    1         NaN             NaN    0.249732E-04
1    1   -1    1    4         NaN             NaN    0.200739E-03
1    1    1   -1   -4         NaN             NaN    0.200739E-03
1    1   -1    4    1         NaN             NaN    0.200739E-03
1    1    1   -4   -1         NaN             NaN    0.200739E-03
1    1   -3    1    2         NaN             NaN   -0.996699E-04
1    1   -3    2    1         NaN             NaN   -0.996699E-04
1    1    3   -2   -1         NaN             NaN   -0.996699E-04
1    1    3   -1   -2         NaN             NaN   -0.996699E-04
1    1   -5   -1   -2         NaN             NaN   -0.152867E-03
1    1    5    1    2         NaN             NaN   -0.152867E-03
1    1   -5   -2   -1         NaN             NaN   -0.152867E-03
1    1    5    2    1         NaN             NaN   -0.152867E-03
1    1   -1    1   -4         NaN             NaN    0.331043E-03
1    1    1   -1    4         NaN             NaN    0.331043E-03
1    1   -1   -4    1         NaN             NaN    0.331043E-03
1    1    1    4   -1         NaN             NaN    0.331043E-03
1    1   -4   -1    1         NaN             NaN    0.137834E-04
1    1   -4    1   -1         NaN             NaN    0.137834E-04
1    1    4   -1    1         NaN             NaN    0.137834E-04
1    1    4    1   -1         NaN             NaN    0.137834E-04
1    1   -2   -1    3         NaN             NaN    0.406803E-04
1    1    2    1   -3         NaN             NaN    0.406803E-04
1    1   -2    3   -1         NaN             NaN    0.406803E-04
1    1    2   -3    1         NaN             NaN    0.406803E-04
1    1   -1   -2    3         NaN             NaN   -0.312304E-03
1    1   -1    3   -2         NaN             NaN   -0.312304E-03
1    1    1   -3    2         NaN             NaN   -0.312304E-03
1    1    1    2   -3         NaN             NaN   -0.312304E-03
1    1   -2   -5   -4         NaN             NaN   -0.175285E-03
1    1   -2   -4   -5         NaN             NaN   -0.175285E-03
1    1    2    4    5         NaN             NaN   -0.175285E-03
1    1    2    5    4         NaN             NaN   -0.175285E-03
1    1   -4   -5   -4         NaN             NaN   -0.114996E-03
1    1   -4   -4   -5         NaN             NaN   -0.114996E-03
1    1    4    4    5         NaN             NaN   -0.114996E-03
1    1    4    5    4         NaN             NaN   -0.114996E-03
1    1   -5   -4   -4         NaN             NaN    0.281969E-03
1    1    5    4    4         NaN             NaN    0.281969E-03
1    1   -1   -3   -5         NaN             NaN   -0.601688E-03
1    1    1    3    5         NaN             NaN   -0.601688E-03
1    1   -1   -5   -3         NaN             NaN   -0.601688E-03
1    1    1    5    3         NaN             NaN   -0.601688E-03
1    1   -4   -2   -5         NaN             NaN   -0.700988E-03
1    1    4    2    5         NaN             NaN   -0.700988E-03
1    1   -4   -5   -2         NaN             NaN   -0.700988E-03
1    1    4    5    2         NaN             NaN   -0.700988E-03
1    1   -1    2    4         NaN             NaN    0.312939E-03
1    1   -1    4    2         NaN             NaN    0.312939E-03
1    1    1   -4   -2         NaN             NaN    0.312939E-03
1    1    1   -2   -4         NaN             NaN    0.312939E-03
1    1   -5   -4   -2         NaN             NaN    0.823239E-04
1    1   -5   -2   -4         NaN             NaN    0.823239E-04
1    1    5    2    4         NaN             NaN    0.823239E-04
1    1    5    4    2         NaN             NaN    0.823239E-04
1    1   -1   -5   -1         NaN             NaN    0.112646E-04
1    1   -1   -1   -5         NaN             NaN    0.112646E-04
1    1    1    1    5         NaN             NaN    0.112646E-04
1    1    1    5    1         NaN             NaN    0.112646E-04
1    1   -3   -5   -1         NaN             NaN   -0.249987E-03
1    1   -3   -1   -5         NaN             NaN   -0.249987E-03
1    1    3    1    5         NaN             NaN   -0.249987E-03
1    1    3    5    1         NaN             NaN   -0.249987E-03
1    1   -2    2    3         NaN             NaN    0.280030E-04
1    1   -2    3    2         NaN             NaN    0.280030E-04
1    1    2   -3   -2         NaN             NaN    0.280030E-04
1    1    2   -2   -3         NaN             NaN    0.280030E-04
1    1   -5   -3   -1         NaN             NaN   -0.886995E-04
1    1   -5   -1   -3         NaN             NaN   -0.886995E-04
1    1    5    1    3         NaN             NaN   -0.886995E-04
1    1    5    3    1         NaN             NaN   -0.886995E-04
1    1   -1    0    4         NaN             NaN    0.121470E-03
1    1    1    0   -4         NaN             NaN    0.121470E-03
1    1   -1    4    0         NaN             NaN    0.121470E-03
1    1    1   -4    0         NaN             NaN    0.121470E-03
1    1   -5   -1   -1         NaN             NaN   -0.954395E-04
1    1    5    1    1         NaN             NaN   -0.954395E-04
1    1   -4    0    1         NaN             NaN    0.191102E-03
1    1   -4    1    0         NaN             NaN    0.191102E-03
1    1    4   -1    0         NaN             NaN    0.191102E-03
1    1    4    0   -1         NaN             NaN    0.191102E-03
1    1    0   -1    4         NaN             NaN   -0.384355E-04
1    1    0    1   -4         NaN             NaN   -0.384355E-04
1    1   -2    1   -4         NaN             NaN   -0.117094E-03
1    1    0   -4    1         NaN             NaN   -0.384355E-04
1    1    0    4   -1         NaN             NaN   -0.384355E-04
1    1    2   -1    4         NaN             NaN   -0.117094E-03
1    1   -2   -4    1         NaN             NaN   -0.117094E-03
1    1    2    4   -1         NaN             NaN   -0.117094E-03
1    1   -4   -2    1         NaN             NaN    0.727594E-04
1    1   -4    1   -2         NaN             NaN    0.727594E-04
1    1    4   -1    2         NaN             NaN    0.727594E-04
1    1    4    2   -1         NaN             NaN    0.727594E-04
1    1   -3   -2    2         NaN             NaN    0.311528E-03
1    1   -3    2   -2         NaN             NaN    0.311528E-03
1    1    3   -2    2         NaN             NaN    0.311528E-03
1    1    3    2   -2         NaN             NaN    0.311528E-03
1    1   -2   -3    2         NaN             NaN   -0.495426E-03
1    1   -2    2   -3         NaN             NaN   -0.495426E-03
1    1    2   -2    3         NaN             NaN   -0.495426E-03
1    1    2    3   -2         NaN             NaN   -0.495426E-03
1    1    0   -4   -4         NaN             NaN    0.187715E-03
1    1    0    4    4         NaN             NaN    0.187715E-03
1    1   -4   -4    0         NaN             NaN    0.175105E-04
1    1   -4    0   -4         NaN             NaN    0.175105E-04
1    1    4    0    4         NaN             NaN    0.175105E-04
1    1    4    4    0         NaN             NaN    0.175105E-04
1    1   -3   -5   -5         NaN             NaN   -0.164154E-02
1    1    3    5    5         NaN             NaN   -0.164154E-02
1    1   -5   -3   -5         NaN             NaN   -0.160652E-02
1    1    5    3    5         NaN             NaN   -0.160652E-02
1    1   -5   -5   -3         NaN             NaN   -0.160652E-02
1    1    5    5    3         NaN             NaN   -0.160652E-02
1    1    0   -2   -5         NaN             NaN   -0.427487E-03
1    1    0    2    5         NaN             NaN   -0.427487E-03
1    1    0   -5   -2         NaN             NaN   -0.427487E-03
1    1    0    5    2         NaN             NaN   -0.427487E-03
1    1   -3    2    2         NaN             NaN    0.144008E-03
1    1    3   -2   -2         NaN             NaN    0.144008E-03
1    1   -2    0   -5         NaN             NaN   -0.537739E-03
1    1    2    0    5         NaN             NaN   -0.537739E-03
1    1   -2   -5    0         NaN             NaN   -0.537739E-03
1    1    2    5    0         NaN             NaN   -0.537739E-03
1    1   -5    0   -2         NaN             NaN    0.114050E-03
1    1    5    0    2         NaN             NaN    0.114050E-03
1    1   -5   -2    0         NaN             NaN    0.114050E-03
1    1    5    2    0         NaN             NaN    0.114050E-03
1    1   -2   -2    3         NaN             NaN   -0.279012E-03
1    1   -2    3   -2         NaN             NaN   -0.279012E-03
1    1    2   -3    2         NaN             NaN   -0.279012E-03
1    1    2    2   -3         NaN             NaN   -0.279012E-03
1    1   -4   -5   -5         NaN             NaN    0.607465E-03
1    1    4    5    5         NaN             NaN    0.607465E-03
1    1   -1   -4   -5         NaN             NaN   -0.426919E-04
1    1    1    4    5         NaN             NaN   -0.426919E-04
1    1   -1   -5   -4         NaN             NaN   -0.426919E-04
1    1    1    5    4         NaN             NaN   -0.426919E-04
1    1   -5   -5   -4         NaN             NaN    0.157790E-02
1    1   -5   -4   -5         NaN             NaN    0.157790E-02
1    1    5    4    5         NaN             NaN    0.157790E-02
1    1    5    5    4         NaN             NaN    0.157790E-02
1    1   -1    3    4         NaN             NaN   -0.308745E-04
1    1   -1    4    3         NaN             NaN   -0.308745E-04
1    1    1   -4   -3         NaN             NaN   -0.308745E-04
1    1    1   -3   -4         NaN             NaN   -0.308745E-04
1    1    0   -1   -5         NaN             NaN    0.644797E-05
1    1    0    1    5         NaN             NaN    0.644797E-05
1    1    0   -5   -1         NaN             NaN    0.644797E-05
1    1    0    5    1         NaN             NaN    0.644797E-05
1    1   -4   -1   -5         NaN             NaN    0.834570E-05
1    1    4    1    5         NaN             NaN    0.834570E-05
1    1   -4   -5   -1         NaN             NaN    0.834570E-05
1    1    4    5    1         NaN             NaN    0.834570E-05
1    1   -5   -1   -4         NaN             NaN    0.111970E-03
1    1    5    1    4         NaN             NaN    0.111970E-03
1    1   -5   -4   -1         NaN             NaN    0.111970E-03
1    1    5    4    1         NaN             NaN    0.111970E-03
1    1   -1    0   -5         NaN             NaN    0.288477E-03
1    1    1    0    5         NaN             NaN    0.288477E-03
1    1   -1   -5    0         NaN             NaN    0.288477E-03
1    1    1    5    0         NaN             NaN    0.288477E-03
1    1   -4    1    1         NaN             NaN    0.471311E-04
1    1    4   -1   -1         NaN             NaN    0.471311E-04
1    1   -5   -1    0         NaN             NaN    0.766231E-04
1    1   -5    0   -1         NaN             NaN    0.766231E-04
1    1    5    0    1         NaN             NaN    0.766231E-04
1    1    5    1    0         NaN             NaN    0.766231E-04
1    1   -1   -1    4         NaN             NaN    0.439884E-04
1    1    1    1   -4         NaN             NaN    0.439884E-04
1    1   -1    4   -1         NaN             NaN    0.439884E-04
1    1    1   -4    1         NaN             NaN    0.439884E-04
1    1   -3   -4    1         NaN             NaN    0.109015E-04
1    1   -3    1   -4         NaN             NaN    0.109015E-04
1    1    3   -1    4         NaN             NaN    0.109015E-04
1    1    3    4   -1         NaN             NaN    0.109015E-04
1    1   -4    1   -3         NaN             NaN   -0.680642E-05
1    1    4   -1    3         NaN             NaN   -0.680642E-05
1    1   -4   -3    1         NaN             NaN   -0.680642E-05
1    1    4    3   -1         NaN             NaN   -0.680642E-05
1    1   -2   -5   -5         NaN             NaN    0.750728E-04
1    1    2    5    5         NaN             NaN    0.750728E-04
1    1   -3   -6   -3         NaN             NaN    0.836885E-03
1    1   -3   -3   -6         NaN             NaN    0.836885E-03
1    1    3    3    6         NaN             NaN    0.836885E-03
1    1    3    6    3         NaN             NaN    0.836885E-03
1    1    0   -3   -5         NaN             NaN    0.646898E-04
1    1    0    3    5         NaN             NaN    0.646898E-04
1    1    0   -5   -3         NaN             NaN    0.646898E-04
1    1    0    5    3         NaN             NaN    0.646898E-04
1    1   -5   -2   -5         NaN             NaN    0.171180E-04
1    1    5    2    5         NaN             NaN    0.171180E-04
1    1   -5   -5   -2         NaN             NaN    0.171180E-04
1    1    5    5    2         NaN             NaN    0.171180E-04
1    1   -2    3    3         NaN             NaN    0.635984E-04
1    1    2   -3   -3         NaN             NaN    0.635984E-04
1    1   -6   -3   -3         NaN             NaN    0.100170E-03
1    1    6    3    3         NaN             NaN    0.100170E-03
1    1   -3    0   -5         NaN             NaN    0.139063E-04
1    1    3    0    5         NaN             NaN    0.139063E-04
1    1   -3   -5    0         NaN             NaN    0.139063E-04
1    1    3    5    0         NaN             NaN    0.139063E-04
1    1   -3    0    3         NaN             NaN   -0.701279E-04
1    1    3    0   -3         NaN             NaN   -0.701279E-04
1    1   -3    3    0         NaN             NaN   -0.701279E-04
1    1    3   -3    0         NaN             NaN   -0.701279E-04
1    1   -5   -3    0         NaN             NaN    0.136188E-04
1    1   -5    0   -3         NaN             NaN    0.136188E-04
1    1    5    0    3         NaN             NaN    0.136188E-04
1    1    5    3    0         NaN             NaN    0.136188E-04
1    1   -3   -3    2         NaN             NaN    0.114837E-04
1    1   -3    2   -3         NaN             NaN    0.114837E-04
1    1    3   -2    3         NaN             NaN    0.114837E-04
1    1    3    3   -2         NaN             NaN    0.114837E-04
1    1    0   -3    3         NaN             NaN    0.160729E-03
1    1    0    3   -3         NaN             NaN    0.160729E-03
1    1   -5   -5   -5         NaN             NaN   -0.583780E-03
1    1    5    5    5         NaN             NaN   -0.583780E-03
1    1   -3   -6   -4         NaN             NaN   -0.864671E-04
1    1   -3   -4   -6         NaN             NaN   -0.864671E-04
1    1    3    4    6         NaN             NaN   -0.864671E-04
1    1    3    6    4         NaN             NaN   -0.864671E-04
1    1   -2   -3   -6         NaN             NaN    0.830584E-05
1    1    2    3    6         NaN             NaN    0.830584E-05
1    1   -2   -6   -3         NaN             NaN    0.830584E-05
1    1    2    6    3         NaN             NaN    0.830584E-05
1    1   -4   -3   -6         NaN             NaN   -0.127776E-03
1    1    4    3    6         NaN             NaN   -0.127776E-03
1    1   -4   -6   -3         NaN             NaN   -0.127776E-03
1    1    4    6    3         NaN             NaN   -0.127776E-03
1    1   -3   -2   -6         NaN             NaN   -0.553135E-04
1    1    3    2    6         NaN             NaN   -0.553135E-04
1    1   -3   -6   -2         NaN             NaN   -0.553135E-04
1    1    3    6    2         NaN             NaN   -0.553135E-04
1    1   -6   -3   -4         NaN             NaN   -0.334779E-04
1    1    6    3    4         NaN             NaN   -0.334779E-04
1    1   -6   -4   -3         NaN             NaN   -0.334779E-04
1    1    6    4    3         NaN             NaN   -0.334779E-04
1    1   -6   -3   -2         NaN             NaN    0.584155E-05
1    1   -6   -2   -3         NaN             NaN    0.584155E-05
1    1    6    2    3         NaN             NaN    0.584155E-05
1    1    6    3    2         NaN             NaN    0.584155E-05
1    1   -2    1    4         NaN             NaN   -0.609204E-05
1    1    2   -1   -4         NaN             NaN   -0.609204E-05
1    1   -2    4    1         NaN             NaN   -0.609204E-05
1    1    2   -4   -1         NaN             NaN   -0.609204E-05
1    1    0    0   -5         NaN             NaN    0.118533E-04
1    1    0    0    5         NaN             NaN    0.118533E-04
1    1   -3    1    3         NaN             NaN   -0.174034E-03
1    1   -3    3    1         NaN             NaN   -0.174034E-03
1    1    0   -5    0         NaN             NaN    0.118533E-04
1    1    0    5    0         NaN             NaN    0.118533E-04
1    1    3   -3   -1         NaN             NaN   -0.174034E-03
1    1    3   -1   -3         NaN             NaN   -0.174034E-03
1    1   -5    0    0         NaN             NaN   -0.123760E-03
1    1    5    0    0         NaN             NaN   -0.123760E-03
