i   j        dx     dy     dz         Jij            χ⁰↑            χ⁰↓            Xzz
1   1    -1.000 -1.000 -1.000    0.803823   8.701750E-03   6.205150E-04   6.295264E-03
1   1    -1.000  0.000  0.000    0.803823   8.701750E-03   6.205150E-04   6.295264E-03
1   1     0.000 -1.000  0.000    0.803823   8.701750E-03   6.205150E-04   6.295264E-03
1   1     0.000  0.000 -1.000    0.803823   8.701750E-03   6.205150E-04   6.295264E-03
1   1     0.000  0.000  1.000    0.803823   8.701750E-03   6.205150E-04   6.295264E-03
1   1     0.000  1.000  0.000    0.803823   8.701750E-03   6.205150E-04   6.295264E-03
1   1     1.000  0.000  0.000    0.803823   8.701750E-03   6.205150E-04   6.295264E-03
1   1     1.000  1.000  1.000    0.803823   8.701750E-03   6.205150E-04   6.295264E-03
1   1    -1.000 -1.000  0.000    0.575587   5.377750E-02   1.490160E-02   4.330100E-02
1   1    -1.000  0.000 -1.000    0.575587   5.377750E-02   1.490160E-02   4.330100E-02
1   1     0.000 -1.000 -1.000    0.575587   5.377750E-02   1.490160E-02   4.330100E-02
1   1     0.000  1.000  1.000    0.575587   5.377750E-02   1.490160E-02   4.330100E-02
1   1     1.000  0.000  1.000    0.575587   5.377750E-02   1.490160E-02   4.330100E-02
1   1     1.000  1.000  0.000    0.575587   5.377750E-02   1.490160E-02   4.330100E-02
1   1    -2.000 -1.000 -1.000   -0.015219  -4.162550E-03  -6.911900E-04  -3.293871E-03
1   1    -1.000 -2.000 -1.000   -0.015219  -4.162550E-03  -6.911900E-04  -3.293871E-03
1   1     1.000  2.000  1.000   -0.015219  -4.162550E-03  -6.911900E-04  -3.293871E-03
1   1     2.000  1.000  1.000   -0.015219  -4.162550E-03  -6.911900E-04  -3.293871E-03
1   1    -1.000 -1.000 -2.000   -0.015219  -4.162550E-03  -6.911900E-04  -3.293871E-03
1   1    -1.000  0.000  1.000   -0.015219  -4.162550E-03  -6.911900E-04  -3.293871E-03
1   1    -1.000  1.000  0.000   -0.015219  -4.162550E-03  -6.911900E-04  -3.293871E-03
1   1     0.000 -1.000  1.000   -0.015219  -4.162550E-03  -6.911900E-04  -3.293871E-03
1   1     0.000  1.000 -1.000   -0.015219  -4.162550E-03  -6.911900E-04  -3.293871E-03
1   1     1.000 -1.000  0.000   -0.015219  -4.162550E-03  -6.911900E-04  -3.293871E-03
1   1     1.000  0.000 -1.000   -0.015219  -4.162550E-03  -6.911900E-04  -3.293871E-03
1   1     1.000  1.000  2.000   -0.015219  -4.162550E-03  -6.911900E-04  -3.293871E-03
1   1    -2.000 -2.000 -1.000   -0.105579   4.633300E-03   1.007550E-03   3.813051E-03
1   1    -2.000 -1.000 -2.000   -0.105579   4.633300E-03   1.007550E-03   3.813051E-03
1   1    -2.000 -1.000  0.000   -0.105579   4.633300E-03   1.007550E-03   3.813051E-03
1   1    -2.000  0.000 -1.000   -0.105579   4.633300E-03   1.007550E-03   3.813051E-03
1   1    -1.000 -2.000 -2.000   -0.105579   4.633300E-03   1.007550E-03   3.813051E-03
1   1    -1.000 -2.000  0.000   -0.105579   4.633300E-03   1.007550E-03   3.813051E-03
1   1    -1.000 -1.000  1.000   -0.105579   4.633300E-03   1.007550E-03   3.813051E-03
1   1    -1.000  0.000 -2.000   -0.105579   4.633300E-03   1.007550E-03   3.813051E-03
1   1    -1.000  1.000 -1.000   -0.105579   4.633300E-03   1.007550E-03   3.813051E-03
1   1    -1.000  1.000  1.000   -0.105579   4.633300E-03   1.007550E-03   3.813051E-03
1   1     0.000 -2.000 -1.000   -0.105579   4.633300E-03   1.007550E-03   3.813051E-03
1   1     0.000 -1.000 -2.000   -0.105579   4.633300E-03   1.007550E-03   3.813051E-03
1   1     0.000  1.000  2.000   -0.105579   4.633300E-03   1.007550E-03   3.813051E-03
1   1     0.000  2.000  1.000   -0.105579   4.633300E-03   1.007550E-03   3.813051E-03
1   1     1.000 -1.000 -1.000   -0.105579   4.633300E-03   1.007550E-03   3.813051E-03
1   1     1.000 -1.000  1.000   -0.105579   4.633300E-03   1.007550E-03   3.813051E-03
1   1     1.000  0.000  2.000   -0.105579   4.633300E-03   1.007550E-03   3.813051E-03
1   1     1.000  1.000 -1.000   -0.105579   4.633300E-03   1.007550E-03   3.813051E-03
1   1     1.000  2.000  0.000   -0.105579   4.633300E-03   1.007550E-03   3.813051E-03
1   1     1.000  2.000  2.000   -0.105579   4.633300E-03   1.007550E-03   3.813051E-03
1   1     2.000  0.000  1.000   -0.105579   4.633300E-03   1.007550E-03   3.813051E-03
1   1     2.000  1.000  0.000   -0.105579   4.633300E-03   1.007550E-03   3.813051E-03
1   1     2.000  1.000  2.000   -0.105579   4.633300E-03   1.007550E-03   3.813051E-03
1   1     2.000  2.000  1.000   -0.105579   4.633300E-03   1.007550E-03   3.813051E-03
1   1    -2.000 -2.000 -2.000   -0.031006  -5.801740E-05   2.663020E-03   1.086235E-03
1   1    -2.000  0.000  0.000   -0.031006  -5.801740E-05   2.663020E-03   1.086235E-03
1   1     0.000 -2.000  0.000   -0.031006  -5.801740E-05   2.663020E-03   1.086235E-03
1   1     0.000  0.000 -2.000   -0.031006  -5.801740E-05   2.663020E-03   1.086235E-03
1   1     0.000  0.000  2.000   -0.031006  -5.801740E-05   2.663020E-03   1.086235E-03
1   1     0.000  2.000  0.000   -0.031006  -5.801740E-05   2.663020E-03   1.086235E-03
1   1     2.000  0.000  0.000   -0.031006  -5.801740E-05   2.663020E-03   1.086235E-03
1   1     2.000  2.000  2.000   -0.031006  -5.801740E-05   2.663020E-03   1.086235E-03
1   1    -2.000 -2.000  0.000    0.037985   1.163760E-02   5.581200E-03   1.145130E-02
1   1    -2.000  0.000 -2.000    0.037985   1.163760E-02   5.581200E-03   1.145130E-02
1   1     0.000 -2.000 -2.000    0.037985   1.163760E-02   5.581200E-03   1.145130E-02
1   1     0.000  2.000  2.000    0.037985   1.163760E-02   5.581200E-03   1.145130E-02
1   1     2.000  0.000  2.000    0.037985   1.163760E-02   5.581200E-03   1.145130E-02
1   1     2.000  2.000  0.000    0.037985   1.163760E-02   5.581200E-03   1.145130E-02
1   1    -3.000 -2.000 -2.000   -0.017515  -1.809830E-03   2.329320E-04  -1.474093E-03
1   1    -3.000 -1.000 -1.000   -0.017515  -1.809830E-03   2.329320E-04  -1.474093E-03
1   1    -2.000 -2.000 -3.000   -0.017515  -1.809830E-03   2.329320E-04  -1.474093E-03
1   1    -2.000  0.000  1.000   -0.017515  -1.809830E-03   2.329320E-04  -1.474093E-03
1   1    -2.000  1.000  0.000   -0.017515  -1.809830E-03   2.329320E-04  -1.474093E-03
1   1    -1.000 -3.000 -1.000   -0.017515  -1.809830E-03   2.329320E-04  -1.474093E-03
1   1    -1.000 -1.000 -3.000   -0.017515  -1.809830E-03   2.329320E-04  -1.474093E-03
1   1    -1.000  0.000  2.000   -0.017515  -1.809830E-03   2.329320E-04  -1.474093E-03
1   1    -1.000  2.000  0.000   -0.017515  -1.809830E-03   2.329320E-04  -1.474093E-03
1   1     0.000 -2.000  1.000   -0.017515  -1.809830E-03   2.329320E-04  -1.474093E-03
1   1     0.000 -1.000  2.000   -0.017515  -1.809830E-03   2.329320E-04  -1.474093E-03
1   1     0.000  1.000 -2.000   -0.017515  -1.809830E-03   2.329320E-04  -1.474093E-03
1   1     0.000  2.000 -1.000   -0.017515  -1.809830E-03   2.329320E-04  -1.474093E-03
1   1     1.000 -2.000  0.000   -0.017515  -1.809830E-03   2.329320E-04  -1.474093E-03
1   1     1.000  0.000 -2.000   -0.017515  -1.809830E-03   2.329320E-04  -1.474093E-03
1   1     1.000  1.000  3.000   -0.017515  -1.809830E-03   2.329320E-04  -1.474093E-03
1   1     1.000  3.000  1.000   -0.017515  -1.809830E-03   2.329320E-04  -1.474093E-03
1   1     2.000 -1.000  0.000   -0.017515  -1.809830E-03   2.329320E-04  -1.474093E-03
1   1     2.000  0.000 -1.000   -0.017515  -1.809830E-03   2.329320E-04  -1.474093E-03
1   1     2.000  2.000  3.000   -0.017515  -1.809830E-03   2.329320E-04  -1.474093E-03
1   1     3.000  1.000  1.000   -0.017515  -1.809830E-03   2.329320E-04  -1.474093E-03
1   1     3.000  2.000  2.000   -0.017515  -1.809830E-03   2.329320E-04  -1.474093E-03
1   1    -2.000 -3.000 -2.000   -0.017515  -1.809830E-03   2.329320E-04  -1.474093E-03
1   1     2.000  3.000  2.000   -0.017515  -1.809830E-03   2.329320E-04  -1.474093E-03
1   1    -3.000 -2.000 -1.000    0.008605   8.025330E-04   1.447630E-05   6.696032E-04
1   1    -3.000 -1.000 -2.000    0.008605   8.025330E-04   1.447630E-05   6.696032E-04
1   1    -2.000 -3.000 -1.000    0.008605   8.025330E-04   1.447630E-05   6.696032E-04
1   1    -2.000 -1.000 -3.000    0.008605   8.025330E-04   1.447630E-05   6.696032E-04
1   1    -2.000 -1.000  1.000    0.008605   8.025330E-04   1.447630E-05   6.696032E-04
1   1    -2.000  1.000 -1.000    0.008605   8.025330E-04   1.447630E-05   6.696032E-04
1   1    -1.000 -3.000 -2.000    0.008605   8.025330E-04   1.447630E-05   6.696032E-04
1   1    -1.000 -2.000 -3.000    0.008605   8.025330E-04   1.447630E-05   6.696032E-04
1   1    -1.000 -2.000  1.000    0.008605   8.025330E-04   1.447630E-05   6.696032E-04
1   1    -1.000  1.000 -2.000    0.008605   8.025330E-04   1.447630E-05   6.696032E-04
1   1    -1.000  1.000  2.000    0.008605   8.025330E-04   1.447630E-05   6.696032E-04
1   1    -1.000  2.000  1.000    0.008605   8.025330E-04   1.447630E-05   6.696032E-04
1   1     1.000 -2.000 -1.000    0.008605   8.025330E-04   1.447630E-05   6.696032E-04
1   1     1.000 -1.000 -2.000    0.008605   8.025330E-04   1.447630E-05   6.696032E-04
1   1     1.000 -1.000  2.000    0.008605   8.025330E-04   1.447630E-05   6.696032E-04
1   1     1.000  2.000 -1.000    0.008605   8.025330E-04   1.447630E-05   6.696032E-04
1   1     1.000  2.000  3.000    0.008605   8.025330E-04   1.447630E-05   6.696032E-04
1   1     1.000  3.000  2.000    0.008605   8.025330E-04   1.447630E-05   6.696032E-04
1   1     2.000 -1.000  1.000    0.008605   8.025330E-04   1.447630E-05   6.696032E-04
1   1     2.000  1.000 -1.000    0.008605   8.025330E-04   1.447630E-05   6.696032E-04
1   1     2.000  1.000  3.000    0.008605   8.025330E-04   1.447630E-05   6.696032E-04
1   1     2.000  3.000  1.000    0.008605   8.025330E-04   1.447630E-05   6.696032E-04
1   1     3.000  1.000  2.000    0.008605   8.025330E-04   1.447630E-05   6.696032E-04
1   1     3.000  2.000  1.000    0.008605   8.025330E-04   1.447630E-05   6.696032E-04
1   1    -3.000 -3.000 -2.000   -0.006859   1.147340E-03  -1.741460E-04   9.701361E-04
1   1    -3.000 -1.000  0.000   -0.006859   1.147340E-03  -1.741460E-04   9.701361E-04
1   1    -3.000  0.000 -1.000   -0.006859   1.147340E-03  -1.741460E-04   9.701361E-04
1   1    -2.000  1.000  1.000   -0.006859   1.147340E-03  -1.741460E-04   9.701361E-04
1   1    -1.000  2.000 -1.000   -0.006859   1.147340E-03  -1.741460E-04   9.701361E-04
1   1     0.000 -3.000 -1.000   -0.006859   1.147340E-03  -1.741460E-04   9.701361E-04
1   1     0.000  3.000  1.000   -0.006859   1.147340E-03  -1.741460E-04   9.701361E-04
1   1     1.000 -2.000  1.000   -0.006859   1.147340E-03  -1.741460E-04   9.701361E-04
1   1     2.000 -1.000 -1.000   -0.006859   1.147340E-03  -1.741460E-04   9.701361E-04
1   1     3.000  0.000  1.000   -0.006859   1.147340E-03  -1.741460E-04   9.701361E-04
1   1     3.000  1.000  0.000   -0.006859   1.147340E-03  -1.741460E-04   9.701361E-04
1   1     3.000  3.000  2.000   -0.006859   1.147340E-03  -1.741460E-04   9.701361E-04
1   1    -3.000 -2.000 -3.000   -0.006859   1.147340E-03  -1.741460E-04   9.701361E-04
1   1    -1.000 -3.000  0.000   -0.006859   1.147340E-03  -1.741460E-04   9.701361E-04
1   1    -1.000 -1.000  2.000   -0.006859   1.147340E-03  -1.741460E-04   9.701361E-04
1   1    -1.000  0.000 -3.000   -0.006859   1.147340E-03  -1.741460E-04   9.701361E-04
1   1     0.000 -1.000 -3.000   -0.006859   1.147340E-03  -1.741460E-04   9.701361E-04
1   1     0.000  1.000  3.000   -0.006859   1.147340E-03  -1.741460E-04   9.701361E-04
1   1     1.000  0.000  3.000   -0.006859   1.147340E-03  -1.741460E-04   9.701361E-04
1   1     1.000  1.000 -2.000   -0.006859   1.147340E-03  -1.741460E-04   9.701361E-04
1   1     1.000  3.000  0.000   -0.006859   1.147340E-03  -1.741460E-04   9.701361E-04
1   1     3.000  2.000  3.000   -0.006859   1.147340E-03  -1.741460E-04   9.701361E-04
1   1    -2.000 -3.000 -3.000   -0.006859   1.147340E-03  -1.741460E-04   9.701361E-04
1   1     2.000  3.000  3.000   -0.006859   1.147340E-03  -1.741460E-04   9.701361E-04
1   1    -3.000 -3.000 -1.000    0.023675  -7.680650E-04   3.990260E-04  -5.706362E-04
1   1     3.000  3.000  1.000    0.023675  -7.680650E-04   3.990260E-04  -5.706362E-04
1   1    -3.000 -3.000 -3.000    0.109641  -3.440250E-03   2.617430E-04  -3.178360E-03
1   1    -3.000 -2.000  0.000    0.023675  -7.680650E-04   3.990260E-04  -5.706362E-04
1   1    -3.000 -1.000 -3.000    0.023675  -7.680650E-04   3.990260E-04  -5.706362E-04
1   1    -3.000  0.000 -2.000    0.023675  -7.680650E-04   3.990260E-04  -5.706362E-04
1   1    -3.000  0.000  0.000    0.109641  -3.440250E-03   2.617430E-04  -3.178360E-03
1   1    -2.000  1.000 -2.000    0.023675  -7.680650E-04   3.990260E-04  -5.706362E-04
1   1    -1.000  2.000  2.000    0.023675  -7.680650E-04   3.990260E-04  -5.706362E-04
1   1     0.000 -3.000 -2.000    0.023675  -7.680650E-04   3.990260E-04  -5.706362E-04
1   1     0.000 -3.000  0.000    0.109641  -3.440250E-03   2.617430E-04  -3.178360E-03
1   1     0.000  0.000 -3.000    0.109641  -3.440250E-03   2.617430E-04  -3.178360E-03
1   1     0.000  0.000  3.000    0.109641  -3.440250E-03   2.617430E-04  -3.178360E-03
1   1     0.000  3.000  0.000    0.109641  -3.440250E-03   2.617430E-04  -3.178360E-03
1   1     0.000  3.000  2.000    0.023675  -7.680650E-04   3.990260E-04  -5.706362E-04
1   1     1.000 -2.000 -2.000    0.023675  -7.680650E-04   3.990260E-04  -5.706362E-04
1   1     2.000 -1.000  2.000    0.023675  -7.680650E-04   3.990260E-04  -5.706362E-04
1   1     3.000  0.000  0.000    0.109641  -3.440250E-03   2.617430E-04  -3.178360E-03
1   1     3.000  0.000  2.000    0.023675  -7.680650E-04   3.990260E-04  -5.706362E-04
1   1     3.000  1.000  3.000    0.023675  -7.680650E-04   3.990260E-04  -5.706362E-04
1   1     3.000  2.000  0.000    0.023675  -7.680650E-04   3.990260E-04  -5.706362E-04
1   1     3.000  3.000  3.000    0.109641  -3.440250E-03   2.617430E-04  -3.178360E-03
1   1    -2.000 -3.000  0.000    0.023675  -7.680650E-04   3.990260E-04  -5.706362E-04
1   1    -2.000 -2.000  1.000    0.023675  -7.680650E-04   3.990260E-04  -5.706362E-04
1   1    -2.000  0.000 -3.000    0.023675  -7.680650E-04   3.990260E-04  -5.706362E-04
1   1    -1.000 -3.000 -3.000    0.023675  -7.680650E-04   3.990260E-04  -5.706362E-04
1   1     0.000 -2.000 -3.000    0.023675  -7.680650E-04   3.990260E-04  -5.706362E-04
1   1     0.000  2.000  3.000    0.023675  -7.680650E-04   3.990260E-04  -5.706362E-04
1   1     1.000  3.000  3.000    0.023675  -7.680650E-04   3.990260E-04  -5.706362E-04
1   1     2.000  0.000  3.000    0.023675  -7.680650E-04   3.990260E-04  -5.706362E-04
1   1     2.000  2.000 -1.000    0.023675  -7.680650E-04   3.990260E-04  -5.706362E-04
1   1     2.000  3.000  0.000    0.023675  -7.680650E-04   3.990260E-04  -5.706362E-04
1   1    -4.000 -2.000 -2.000   -0.006120  -2.138630E-03   2.407010E-04  -2.040306E-03
1   1    -2.000 -4.000 -2.000   -0.006120  -2.138630E-03   2.407010E-04  -2.040306E-03
1   1     2.000  4.000  2.000   -0.006120  -2.138630E-03   2.407010E-04  -2.040306E-03
1   1     4.000  2.000  2.000   -0.006120  -2.138630E-03   2.407010E-04  -2.040306E-03
1   1    -2.000 -2.000 -4.000   -0.006120  -2.138630E-03   2.407010E-04  -2.040306E-03
1   1    -2.000  0.000  2.000   -0.006120  -2.138630E-03   2.407010E-04  -2.040306E-03
1   1    -2.000  2.000  0.000   -0.006120  -2.138630E-03   2.407010E-04  -2.040306E-03
1   1     0.000 -2.000  2.000   -0.006120  -2.138630E-03   2.407010E-04  -2.040306E-03
1   1     0.000  2.000 -2.000   -0.006120  -2.138630E-03   2.407010E-04  -2.040306E-03
1   1     2.000 -2.000  0.000   -0.006120  -2.138630E-03   2.407010E-04  -2.040306E-03
1   1     2.000  0.000 -2.000   -0.006120  -2.138630E-03   2.407010E-04  -2.040306E-03
1   1     2.000  2.000  4.000   -0.006120  -2.138630E-03   2.407010E-04  -2.040306E-03
1   1    -4.000 -3.000 -2.000   -0.000773  -6.206650E-04   4.693930E-04  -4.788362E-04
1   1    -4.000 -2.000 -1.000   -0.000773  -6.206650E-04   4.693930E-04  -4.788362E-04
1   1    -3.000 -2.000 -4.000   -0.000773  -6.206650E-04   4.693930E-04  -4.788362E-04
1   1    -2.000 -4.000 -1.000   -0.000773  -6.206650E-04   4.693930E-04  -4.788362E-04
1   1    -2.000 -1.000  2.000   -0.000773  -6.206650E-04   4.693930E-04  -4.788362E-04
1   1    -2.000  1.000  2.000   -0.000773  -6.206650E-04   4.693930E-04  -4.788362E-04
1   1    -1.000 -2.000  2.000   -0.000773  -6.206650E-04   4.693930E-04  -4.788362E-04
1   1    -1.000  2.000 -2.000   -0.000773  -6.206650E-04   4.693930E-04  -4.788362E-04
1   1     1.000 -2.000  2.000   -0.000773  -6.206650E-04   4.693930E-04  -4.788362E-04
1   1     1.000  2.000 -2.000   -0.000773  -6.206650E-04   4.693930E-04  -4.788362E-04
1   1     2.000 -1.000 -2.000   -0.000773  -6.206650E-04   4.693930E-04  -4.788362E-04
1   1     2.000  1.000 -2.000   -0.000773  -6.206650E-04   4.693930E-04  -4.788362E-04
1   1     2.000  4.000  1.000   -0.000773  -6.206650E-04   4.693930E-04  -4.788362E-04
1   1     3.000  2.000  4.000   -0.000773  -6.206650E-04   4.693930E-04  -4.788362E-04
1   1     4.000  2.000  1.000   -0.000773  -6.206650E-04   4.693930E-04  -4.788362E-04
1   1     4.000  3.000  2.000   -0.000773  -6.206650E-04   4.693930E-04  -4.788362E-04
1   1    -4.000 -2.000 -3.000   -0.000773  -6.206650E-04   4.693930E-04  -4.788362E-04
1   1    -4.000 -1.000 -2.000   -0.000773  -6.206650E-04   4.693930E-04  -4.788362E-04
1   1    -3.000 -4.000 -2.000   -0.000773  -6.206650E-04   4.693930E-04  -4.788362E-04
1   1    -3.000 -1.000  1.000   -0.000773  -6.206650E-04   4.693930E-04  -4.788362E-04
1   1    -3.000  1.000 -1.000   -0.000773  -6.206650E-04   4.693930E-04  -4.788362E-04
1   1    -2.000 -4.000 -3.000   -0.000773  -6.206650E-04   4.693930E-04  -4.788362E-04
1   1    -2.000 -3.000 -4.000   -0.000773  -6.206650E-04   4.693930E-04  -4.788362E-04
1   1    -2.000 -1.000 -4.000   -0.000773  -6.206650E-04   4.693930E-04  -4.788362E-04
1   1    -2.000  2.000 -1.000   -0.000773  -6.206650E-04   4.693930E-04  -4.788362E-04
1   1    -2.000  2.000  1.000   -0.000773  -6.206650E-04   4.693930E-04  -4.788362E-04
1   1    -1.000 -4.000 -2.000   -0.000773  -6.206650E-04   4.693930E-04  -4.788362E-04
1   1    -1.000 -3.000  1.000   -0.000773  -6.206650E-04   4.693930E-04  -4.788362E-04
1   1    -1.000 -2.000 -4.000   -0.000773  -6.206650E-04   4.693930E-04  -4.788362E-04
1   1    -1.000  1.000 -3.000   -0.000773  -6.206650E-04   4.693930E-04  -4.788362E-04
1   1    -1.000  1.000  3.000   -0.000773  -6.206650E-04   4.693930E-04  -4.788362E-04
1   1    -1.000  3.000  1.000   -0.000773  -6.206650E-04   4.693930E-04  -4.788362E-04
1   1     1.000 -3.000 -1.000   -0.000773  -6.206650E-04   4.693930E-04  -4.788362E-04
1   1     1.000 -1.000 -3.000   -0.000773  -6.206650E-04   4.693930E-04  -4.788362E-04
1   1     1.000 -1.000  3.000   -0.000773  -6.206650E-04   4.693930E-04  -4.788362E-04
1   1     1.000  2.000  4.000   -0.000773  -6.206650E-04   4.693930E-04  -4.788362E-04
1   1     1.000  3.000 -1.000   -0.000773  -6.206650E-04   4.693930E-04  -4.788362E-04
1   1     1.000  4.000  2.000   -0.000773  -6.206650E-04   4.693930E-04  -4.788362E-04
1   1     2.000 -2.000 -1.000   -0.000773  -6.206650E-04   4.693930E-04  -4.788362E-04
1   1     2.000 -2.000  1.000   -0.000773  -6.206650E-04   4.693930E-04  -4.788362E-04
1   1     2.000  1.000  4.000   -0.000773  -6.206650E-04   4.693930E-04  -4.788362E-04
1   1     2.000  3.000  4.000   -0.000773  -6.206650E-04   4.693930E-04  -4.788362E-04
1   1     2.000  4.000  3.000   -0.000773  -6.206650E-04   4.693930E-04  -4.788362E-04
1   1     3.000 -1.000  1.000   -0.000773  -6.206650E-04   4.693930E-04  -4.788362E-04
1   1     3.000  1.000 -1.000   -0.000773  -6.206650E-04   4.693930E-04  -4.788362E-04
1   1     3.000  4.000  2.000   -0.000773  -6.206650E-04   4.693930E-04  -4.788362E-04
1   1     4.000  1.000  2.000   -0.000773  -6.206650E-04   4.693930E-04  -4.788362E-04
1   1     4.000  2.000  3.000   -0.000773  -6.206650E-04   4.693930E-04  -4.788362E-04
1   1    -4.000 -1.000 -1.000    0.013266   5.809580E-04  -2.093330E-04   5.531835E-04
1   1    -3.000 -4.000 -3.000    0.013266   5.809580E-04  -2.093330E-04   5.531835E-04
1   1    -3.000 -3.000 -4.000    0.013266   5.809580E-04  -2.093330E-04   5.531835E-04
1   1    -3.000 -3.000  0.000   -0.004777  -2.481300E-03   4.754720E-04  -2.150513E-03
1   1    -3.000  0.000 -3.000   -0.004777  -2.481300E-03   4.754720E-04  -2.150513E-03
1   1    -3.000  0.000  1.000    0.013266   5.809580E-04  -2.093330E-04   5.531835E-04
1   1    -3.000  1.000  0.000    0.013266   5.809580E-04  -2.093330E-04   5.531835E-04
1   1    -1.000 -4.000 -1.000    0.013266   5.809580E-04  -2.093330E-04   5.531835E-04
1   1     0.000 -3.000 -3.000   -0.004777  -2.481300E-03   4.754720E-04  -2.150513E-03
1   1     0.000 -3.000  1.000    0.013266   5.809580E-04  -2.093330E-04   5.531835E-04
1   1     0.000  3.000 -1.000    0.013266   5.809580E-04  -2.093330E-04   5.531835E-04
1   1     0.000  3.000  3.000   -0.004777  -2.481300E-03   4.754720E-04  -2.150513E-03
1   1     1.000  4.000  1.000    0.013266   5.809580E-04  -2.093330E-04   5.531835E-04
1   1     3.000 -1.000  0.000    0.013266   5.809580E-04  -2.093330E-04   5.531835E-04
1   1     3.000  0.000 -1.000    0.013266   5.809580E-04  -2.093330E-04   5.531835E-04
1   1     3.000  0.000  3.000   -0.004777  -2.481300E-03   4.754720E-04  -2.150513E-03
1   1     3.000  3.000  0.000   -0.004777  -2.481300E-03   4.754720E-04  -2.150513E-03
1   1     3.000  3.000  4.000    0.013266   5.809580E-04  -2.093330E-04   5.531835E-04
1   1     3.000  4.000  3.000    0.013266   5.809580E-04  -2.093330E-04   5.531835E-04
1   1     4.000  1.000  1.000    0.013266   5.809580E-04  -2.093330E-04   5.531835E-04
1   1    -4.000 -3.000 -3.000    0.013266   5.809580E-04  -2.093330E-04   5.531835E-04
1   1    -1.000 -1.000 -4.000    0.013266   5.809580E-04  -2.093330E-04   5.531835E-04
1   1    -1.000  0.000  3.000    0.013266   5.809580E-04  -2.093330E-04   5.531835E-04
1   1    -1.000  3.000  0.000    0.013266   5.809580E-04  -2.093330E-04   5.531835E-04
1   1     0.000 -1.000  3.000    0.013266   5.809580E-04  -2.093330E-04   5.531835E-04
1   1     0.000  1.000 -3.000    0.013266   5.809580E-04  -2.093330E-04   5.531835E-04
1   1     1.000 -3.000  0.000    0.013266   5.809580E-04  -2.093330E-04   5.531835E-04
1   1     1.000  0.000 -3.000    0.013266   5.809580E-04  -2.093330E-04   5.531835E-04
1   1     1.000  1.000  4.000    0.013266   5.809580E-04  -2.093330E-04   5.531835E-04
1   1     4.000  3.000  3.000    0.013266   5.809580E-04  -2.093330E-04   5.531835E-04
1   1    -4.000 -3.000 -1.000   -0.010185   2.408670E-04  -8.757980E-05   2.071554E-04
1   1    -4.000 -1.000 -3.000   -0.010185   2.408670E-04  -8.757980E-05   2.071554E-04
1   1    -3.000 -4.000 -1.000   -0.010185   2.408670E-04  -8.757980E-05   2.071554E-04
1   1    -3.000 -2.000  1.000   -0.010185   2.408670E-04  -8.757980E-05   2.071554E-04
1   1    -3.000 -1.000 -4.000   -0.010185   2.408670E-04  -8.757980E-05   2.071554E-04
1   1    -3.000  1.000 -2.000   -0.010185   2.408670E-04  -8.757980E-05   2.071554E-04
1   1    -2.000  1.000 -3.000   -0.010185   2.408670E-04  -8.757980E-05   2.071554E-04
1   1    -1.000 -4.000 -3.000   -0.010185   2.408670E-04  -8.757980E-05   2.071554E-04
1   1    -1.000 -3.000 -4.000   -0.010185   2.408670E-04  -8.757980E-05   2.071554E-04
1   1    -1.000  2.000  3.000   -0.010185   2.408670E-04  -8.757980E-05   2.071554E-04
1   1    -1.000  3.000  2.000   -0.010185   2.408670E-04  -8.757980E-05   2.071554E-04
1   1     1.000 -3.000 -2.000   -0.010185   2.408670E-04  -8.757980E-05   2.071554E-04
1   1     1.000 -2.000 -3.000   -0.010185   2.408670E-04  -8.757980E-05   2.071554E-04
1   1     1.000  3.000  4.000   -0.010185   2.408670E-04  -8.757980E-05   2.071554E-04
1   1     1.000  4.000  3.000   -0.010185   2.408670E-04  -8.757980E-05   2.071554E-04
1   1     2.000 -1.000  3.000   -0.010185   2.408670E-04  -8.757980E-05   2.071554E-04
1   1     3.000 -1.000  2.000   -0.010185   2.408670E-04  -8.757980E-05   2.071554E-04
1   1     3.000  1.000  4.000   -0.010185   2.408670E-04  -8.757980E-05   2.071554E-04
1   1     3.000  2.000 -1.000   -0.010185   2.408670E-04  -8.757980E-05   2.071554E-04
1   1     3.000  4.000  1.000   -0.010185   2.408670E-04  -8.757980E-05   2.071554E-04
1   1     4.000  1.000  3.000   -0.010185   2.408670E-04  -8.757980E-05   2.071554E-04
1   1     4.000  3.000  1.000   -0.010185   2.408670E-04  -8.757980E-05   2.071554E-04
1   1    -2.000 -3.000  1.000   -0.010185   2.408670E-04  -8.757980E-05   2.071554E-04
1   1     2.000  3.000 -1.000   -0.010185   2.408670E-04  -8.757980E-05   2.071554E-04
1   1    -4.000 -4.000 -3.000    0.038212  -1.778310E-03   2.823590E-04  -2.218274E-03
1   1    -4.000 -3.000 -4.000    0.038212  -1.778310E-03   2.823590E-04  -2.218274E-03
1   1    -4.000 -1.000  0.000    0.038212  -1.778310E-03   2.823590E-04  -2.218274E-03
1   1    -4.000  0.000 -1.000    0.038212  -1.778310E-03   2.823590E-04  -2.218274E-03
1   1    -3.000 -4.000 -4.000    0.038212  -1.778310E-03   2.823590E-04  -2.218274E-03
1   1    -3.000  1.000  1.000    0.038212  -1.778310E-03   2.823590E-04  -2.218274E-03
1   1    -1.000 -4.000  0.000    0.038212  -1.778310E-03   2.823590E-04  -2.218274E-03
1   1    -1.000 -1.000  3.000    0.038212  -1.778310E-03   2.823590E-04  -2.218274E-03
1   1    -1.000  0.000 -4.000    0.038212  -1.778310E-03   2.823590E-04  -2.218274E-03
1   1    -1.000  3.000 -1.000    0.038212  -1.778310E-03   2.823590E-04  -2.218274E-03
1   1     0.000 -4.000 -1.000    0.038212  -1.778310E-03   2.823590E-04  -2.218274E-03
1   1     0.000 -1.000 -4.000    0.038212  -1.778310E-03   2.823590E-04  -2.218274E-03
1   1     0.000  1.000  4.000    0.038212  -1.778310E-03   2.823590E-04  -2.218274E-03
1   1     0.000  4.000  1.000    0.038212  -1.778310E-03   2.823590E-04  -2.218274E-03
1   1     1.000 -3.000  1.000    0.038212  -1.778310E-03   2.823590E-04  -2.218274E-03
1   1     1.000  0.000  4.000    0.038212  -1.778310E-03   2.823590E-04  -2.218274E-03
1   1     1.000  1.000 -3.000    0.038212  -1.778310E-03   2.823590E-04  -2.218274E-03
1   1     1.000  4.000  0.000    0.038212  -1.778310E-03   2.823590E-04  -2.218274E-03
1   1     3.000 -1.000 -1.000    0.038212  -1.778310E-03   2.823590E-04  -2.218274E-03
1   1     3.000  4.000  4.000    0.038212  -1.778310E-03   2.823590E-04  -2.218274E-03
1   1     4.000  0.000  1.000    0.038212  -1.778310E-03   2.823590E-04  -2.218274E-03
1   1     4.000  1.000  0.000    0.038212  -1.778310E-03   2.823590E-04  -2.218274E-03
1   1     4.000  3.000  4.000    0.038212  -1.778310E-03   2.823590E-04  -2.218274E-03
1   1     4.000  4.000  3.000    0.038212  -1.778310E-03   2.823590E-04  -2.218274E-03
1   1    -4.000 -4.000 -2.000   -0.004144  -1.070320E-04   1.442910E-05  -1.152297E-04
1   1    -4.000 -2.000 -4.000   -0.004144  -1.070320E-04   1.442910E-05  -1.152297E-04
1   1    -4.000 -2.000  0.000   -0.004144  -1.070320E-04   1.442910E-05  -1.152297E-04
1   1    -4.000  0.000 -2.000   -0.004144  -1.070320E-04   1.442910E-05  -1.152297E-04
1   1    -2.000 -4.000 -4.000   -0.004144  -1.070320E-04   1.442910E-05  -1.152297E-04
1   1    -2.000 -4.000  0.000   -0.004144  -1.070320E-04   1.442910E-05  -1.152297E-04
1   1    -2.000 -2.000  2.000   -0.004144  -1.070320E-04   1.442910E-05  -1.152297E-04
1   1    -2.000  0.000 -4.000   -0.004144  -1.070320E-04   1.442910E-05  -1.152297E-04
1   1    -2.000  2.000 -2.000   -0.004144  -1.070320E-04   1.442910E-05  -1.152297E-04
1   1    -2.000  2.000  2.000   -0.004144  -1.070320E-04   1.442910E-05  -1.152297E-04
1   1     0.000 -4.000 -2.000   -0.004144  -1.070320E-04   1.442910E-05  -1.152297E-04
1   1     0.000 -2.000 -4.000   -0.004144  -1.070320E-04   1.442910E-05  -1.152297E-04
1   1     0.000  2.000  4.000   -0.004144  -1.070320E-04   1.442910E-05  -1.152297E-04
1   1     0.000  4.000  2.000   -0.004144  -1.070320E-04   1.442910E-05  -1.152297E-04
1   1     2.000 -2.000 -2.000   -0.004144  -1.070320E-04   1.442910E-05  -1.152297E-04
1   1     2.000 -2.000  2.000   -0.004144  -1.070320E-04   1.442910E-05  -1.152297E-04
1   1     2.000  0.000  4.000   -0.004144  -1.070320E-04   1.442910E-05  -1.152297E-04
1   1     2.000  2.000 -2.000   -0.004144  -1.070320E-04   1.442910E-05  -1.152297E-04
1   1     2.000  4.000  0.000   -0.004144  -1.070320E-04   1.442910E-05  -1.152297E-04
1   1     2.000  4.000  4.000   -0.004144  -1.070320E-04   1.442910E-05  -1.152297E-04
1   1     4.000  0.000  2.000   -0.004144  -1.070320E-04   1.442910E-05  -1.152297E-04
1   1     4.000  2.000  0.000   -0.004144  -1.070320E-04   1.442910E-05  -1.152297E-04
1   1     4.000  2.000  4.000   -0.004144  -1.070320E-04   1.442910E-05  -1.152297E-04
1   1     4.000  4.000  2.000   -0.004144  -1.070320E-04   1.442910E-05  -1.152297E-04
1   1    -4.000 -4.000 -4.000   -0.052567  -5.290820E-04   1.113730E-03  -2.210833E-04
1   1    -4.000  0.000  0.000   -0.052567  -5.290820E-04   1.113730E-03  -2.210833E-04
1   1     0.000 -4.000  0.000   -0.052567  -5.290820E-04   1.113730E-03  -2.210833E-04
1   1     0.000  0.000 -4.000   -0.052567  -5.290820E-04   1.113730E-03  -2.210833E-04
1   1     0.000  0.000  4.000   -0.052567  -5.290820E-04   1.113730E-03  -2.210833E-04
1   1     0.000  4.000  0.000   -0.052567  -5.290820E-04   1.113730E-03  -2.210833E-04
1   1     4.000  0.000  0.000   -0.052567  -5.290820E-04   1.113730E-03  -2.210833E-04
1   1     4.000  4.000  4.000   -0.052567  -5.290820E-04   1.113730E-03  -2.210833E-04
1   1    -4.000 -4.000 -1.000   -0.008343  -7.445080E-04  -4.736190E-05  -8.027599E-04
1   1    -4.000 -3.000  0.000   -0.008343  -7.445080E-04  -4.736190E-05  -8.027599E-04
1   1    -3.000 -4.000  0.000   -0.008343  -7.445080E-04  -4.736190E-05  -8.027599E-04
1   1    -3.000 -3.000 -5.000   -0.011504  -9.348570E-04  -1.095880E-05  -1.019689E-03
1   1    -3.000 -3.000  1.000   -0.008343  -7.445080E-04  -4.736190E-05  -8.027599E-04
1   1    -3.000  0.000  2.000   -0.011504  -9.348570E-04  -1.095880E-05  -1.019689E-03
1   1    -3.000  2.000  0.000   -0.011504  -9.348570E-04  -1.095880E-05  -1.019689E-03
1   1    -2.000 -5.000 -2.000   -0.011504  -9.348570E-04  -1.095880E-05  -1.019689E-03
1   1     0.000 -3.000  2.000   -0.011504  -9.348570E-04  -1.095880E-05  -1.019689E-03
1   1     0.000  3.000 -2.000   -0.011504  -9.348570E-04  -1.095880E-05  -1.019689E-03
1   1     2.000  5.000  2.000   -0.011504  -9.348570E-04  -1.095880E-05  -1.019689E-03
1   1     3.000 -2.000  0.000   -0.011504  -9.348570E-04  -1.095880E-05  -1.019689E-03
1   1     3.000  0.000 -2.000   -0.011504  -9.348570E-04  -1.095880E-05  -1.019689E-03
1   1     3.000  3.000 -1.000   -0.008343  -7.445080E-04  -4.736190E-05  -8.027599E-04
1   1     3.000  3.000  5.000   -0.011504  -9.348570E-04  -1.095880E-05  -1.019689E-03
1   1     3.000  4.000  0.000   -0.008343  -7.445080E-04  -4.736190E-05  -8.027599E-04
1   1     4.000  3.000  0.000   -0.008343  -7.445080E-04  -4.736190E-05  -8.027599E-04
1   1     4.000  4.000  1.000   -0.008343  -7.445080E-04  -4.736190E-05  -8.027599E-04
1   1    -5.000 -3.000 -3.000   -0.011504  -9.348570E-04  -1.095880E-05  -1.019689E-03
1   1    -5.000 -2.000 -2.000   -0.011504  -9.348570E-04  -1.095880E-05  -1.019689E-03
1   1    -4.000 -1.000 -4.000   -0.008343  -7.445080E-04  -4.736190E-05  -8.027599E-04
1   1    -4.000  0.000 -3.000   -0.008343  -7.445080E-04  -4.736190E-05  -8.027599E-04
1   1    -3.000 -5.000 -3.000   -0.011504  -9.348570E-04  -1.095880E-05  -1.019689E-03
1   1    -3.000  0.000 -4.000   -0.008343  -7.445080E-04  -4.736190E-05  -8.027599E-04
1   1    -3.000  1.000 -3.000   -0.008343  -7.445080E-04  -4.736190E-05  -8.027599E-04
1   1    -2.000 -2.000 -5.000   -0.011504  -9.348570E-04  -1.095880E-05  -1.019689E-03
1   1    -2.000  0.000  3.000   -0.011504  -9.348570E-04  -1.095880E-05  -1.019689E-03
1   1    -2.000  3.000  0.000   -0.011504  -9.348570E-04  -1.095880E-05  -1.019689E-03
1   1    -1.000 -4.000 -4.000   -0.008343  -7.445080E-04  -4.736190E-05  -8.027599E-04
1   1    -1.000  3.000  3.000   -0.008343  -7.445080E-04  -4.736190E-05  -8.027599E-04
1   1     0.000 -4.000 -3.000   -0.008343  -7.445080E-04  -4.736190E-05  -8.027599E-04
1   1     0.000 -3.000 -4.000   -0.008343  -7.445080E-04  -4.736190E-05  -8.027599E-04
1   1     0.000 -2.000  3.000   -0.011504  -9.348570E-04  -1.095880E-05  -1.019689E-03
1   1     0.000  2.000 -3.000   -0.011504  -9.348570E-04  -1.095880E-05  -1.019689E-03
1   1     0.000  3.000  4.000   -0.008343  -7.445080E-04  -4.736190E-05  -8.027599E-04
1   1     0.000  4.000  3.000   -0.008343  -7.445080E-04  -4.736190E-05  -8.027599E-04
1   1     1.000 -3.000 -3.000   -0.008343  -7.445080E-04  -4.736190E-05  -8.027599E-04
1   1     1.000  4.000  4.000   -0.008343  -7.445080E-04  -4.736190E-05  -8.027599E-04
1   1     2.000 -3.000  0.000   -0.011504  -9.348570E-04  -1.095880E-05  -1.019689E-03
1   1     2.000  0.000 -3.000   -0.011504  -9.348570E-04  -1.095880E-05  -1.019689E-03
1   1     2.000  2.000  5.000   -0.011504  -9.348570E-04  -1.095880E-05  -1.019689E-03
1   1     3.000 -1.000  3.000   -0.008343  -7.445080E-04  -4.736190E-05  -8.027599E-04
1   1     3.000  0.000  4.000   -0.008343  -7.445080E-04  -4.736190E-05  -8.027599E-04
1   1     3.000  5.000  3.000   -0.011504  -9.348570E-04  -1.095880E-05  -1.019689E-03
1   1     4.000  0.000  3.000   -0.008343  -7.445080E-04  -4.736190E-05  -8.027599E-04
1   1     4.000  1.000  4.000   -0.008343  -7.445080E-04  -4.736190E-05  -8.027599E-04
1   1     5.000  2.000  2.000   -0.011504  -9.348570E-04  -1.095880E-05  -1.019689E-03
1   1     5.000  3.000  3.000   -0.011504  -9.348570E-04  -1.095880E-05  -1.019689E-03
1   1    -5.000 -3.000 -2.000   -0.003242  -2.417360E-04  -1.330880E-05  -2.781892E-04
1   1    -3.000 -5.000 -2.000   -0.003242  -2.417360E-04  -1.330880E-05  -2.781892E-04
1   1    -3.000 -2.000 -5.000   -0.003242  -2.417360E-04  -1.330880E-05  -2.781892E-04
1   1    -3.000 -1.000  2.000   -0.003242  -2.417360E-04  -1.330880E-05  -2.781892E-04
1   1    -3.000  2.000 -1.000   -0.003242  -2.417360E-04  -1.330880E-05  -2.781892E-04
1   1    -2.000 -5.000 -3.000   -0.003242  -2.417360E-04  -1.330880E-05  -2.781892E-04
1   1    -2.000 -3.000 -5.000   -0.003242  -2.417360E-04  -1.330880E-05  -2.781892E-04
1   1    -2.000  1.000  3.000   -0.003242  -2.417360E-04  -1.330880E-05  -2.781892E-04
1   1    -2.000  3.000  1.000   -0.003242  -2.417360E-04  -1.330880E-05  -2.781892E-04
1   1    -1.000 -3.000  2.000   -0.003242  -2.417360E-04  -1.330880E-05  -2.781892E-04
1   1    -1.000  2.000 -3.000   -0.003242  -2.417360E-04  -1.330880E-05  -2.781892E-04
1   1     1.000 -2.000  3.000   -0.003242  -2.417360E-04  -1.330880E-05  -2.781892E-04
1   1     1.000  3.000 -2.000   -0.003242  -2.417360E-04  -1.330880E-05  -2.781892E-04
1   1     2.000 -3.000 -1.000   -0.003242  -2.417360E-04  -1.330880E-05  -2.781892E-04
1   1     2.000 -1.000 -3.000   -0.003242  -2.417360E-04  -1.330880E-05  -2.781892E-04
1   1     2.000  3.000  5.000   -0.003242  -2.417360E-04  -1.330880E-05  -2.781892E-04
1   1     2.000  5.000  3.000   -0.003242  -2.417360E-04  -1.330880E-05  -2.781892E-04
1   1     3.000 -2.000  1.000   -0.003242  -2.417360E-04  -1.330880E-05  -2.781892E-04
1   1     3.000  1.000 -2.000   -0.003242  -2.417360E-04  -1.330880E-05  -2.781892E-04
1   1     3.000  2.000  5.000   -0.003242  -2.417360E-04  -1.330880E-05  -2.781892E-04
1   1     3.000  5.000  2.000   -0.003242  -2.417360E-04  -1.330880E-05  -2.781892E-04
1   1     5.000  3.000  2.000   -0.003242  -2.417360E-04  -1.330880E-05  -2.781892E-04
1   1    -5.000 -2.000 -3.000   -0.003242  -2.417360E-04  -1.330880E-05  -2.781892E-04
1   1     5.000  2.000  3.000   -0.003242  -2.417360E-04  -1.330880E-05  -2.781892E-04
1   1    -5.000 -2.000 -1.000   -0.000097  -1.465060E-04  -5.359850E-05  -1.773299E-04
1   1    -5.000 -1.000 -2.000   -0.000097  -1.465060E-04  -5.359850E-05  -1.773299E-04
1   1    -4.000 -3.000 -5.000   -0.000097  -1.465060E-04  -5.359850E-05  -1.773299E-04
1   1    -3.000  1.000  2.000   -0.000097  -1.465060E-04  -5.359850E-05  -1.773299E-04
1   1    -3.000  2.000  1.000   -0.000097  -1.465060E-04  -5.359850E-05  -1.773299E-04
1   1    -2.000 -5.000 -1.000   -0.000097  -1.465060E-04  -5.359850E-05  -1.773299E-04
1   1    -2.000 -1.000 -5.000   -0.000097  -1.465060E-04  -5.359850E-05  -1.773299E-04
1   1    -2.000 -1.000  3.000   -0.000097  -1.465060E-04  -5.359850E-05  -1.773299E-04
1   1    -1.000 -5.000 -2.000   -0.000097  -1.465060E-04  -5.359850E-05  -1.773299E-04
1   1    -1.000 -2.000 -5.000   -0.000097  -1.465060E-04  -5.359850E-05  -1.773299E-04
1   1    -1.000 -2.000  3.000   -0.000097  -1.465060E-04  -5.359850E-05  -1.773299E-04
1   1    -1.000  1.000 -4.000   -0.000097  -1.465060E-04  -5.359850E-05  -1.773299E-04
1   1    -1.000  1.000  4.000   -0.000097  -1.465060E-04  -5.359850E-05  -1.773299E-04
1   1    -1.000  3.000 -2.000   -0.000097  -1.465060E-04  -5.359850E-05  -1.773299E-04
1   1     1.000 -3.000  2.000   -0.000097  -1.465060E-04  -5.359850E-05  -1.773299E-04
1   1     1.000 -1.000 -4.000   -0.000097  -1.465060E-04  -5.359850E-05  -1.773299E-04
1   1     1.000 -1.000  4.000   -0.000097  -1.465060E-04  -5.359850E-05  -1.773299E-04
1   1     1.000  2.000 -3.000   -0.000097  -1.465060E-04  -5.359850E-05  -1.773299E-04
1   1     1.000  2.000  5.000   -0.000097  -1.465060E-04  -5.359850E-05  -1.773299E-04
1   1     1.000  5.000  2.000   -0.000097  -1.465060E-04  -5.359850E-05  -1.773299E-04
1   1     2.000  1.000 -3.000   -0.000097  -1.465060E-04  -5.359850E-05  -1.773299E-04
1   1     2.000  1.000  5.000   -0.000097  -1.465060E-04  -5.359850E-05  -1.773299E-04
1   1     2.000  5.000  1.000   -0.000097  -1.465060E-04  -5.359850E-05  -1.773299E-04
1   1     3.000 -2.000 -1.000   -0.000097  -1.465060E-04  -5.359850E-05  -1.773299E-04
1   1     3.000 -1.000 -2.000   -0.000097  -1.465060E-04  -5.359850E-05  -1.773299E-04
1   1     4.000  3.000  5.000   -0.000097  -1.465060E-04  -5.359850E-05  -1.773299E-04
1   1     5.000  1.000  2.000   -0.000097  -1.465060E-04  -5.359850E-05  -1.773299E-04
1   1     5.000  2.000  1.000   -0.000097  -1.465060E-04  -5.359850E-05  -1.773299E-04
1   1    -5.000 -4.000 -3.000   -0.000097  -1.465060E-04  -5.359850E-05  -1.773299E-04
1   1    -5.000 -3.000 -4.000   -0.000097  -1.465060E-04  -5.359850E-05  -1.773299E-04
1   1    -4.000 -5.000 -3.000   -0.000097  -1.465060E-04  -5.359850E-05  -1.773299E-04
1   1    -4.000 -1.000  1.000   -0.000097  -1.465060E-04  -5.359850E-05  -1.773299E-04
1   1    -4.000  1.000 -1.000   -0.000097  -1.465060E-04  -5.359850E-05  -1.773299E-04
1   1    -3.000 -5.000 -4.000   -0.000097  -1.465060E-04  -5.359850E-05  -1.773299E-04
1   1    -3.000 -4.000 -5.000   -0.000097  -1.465060E-04  -5.359850E-05  -1.773299E-04
1   1    -2.000  3.000 -1.000   -0.000097  -1.465060E-04  -5.359850E-05  -1.773299E-04
1   1    -1.000 -4.000  1.000   -0.000097  -1.465060E-04  -5.359850E-05  -1.773299E-04
1   1    -1.000  4.000  1.000   -0.000097  -1.465060E-04  -5.359850E-05  -1.773299E-04
1   1     1.000 -4.000 -1.000   -0.000097  -1.465060E-04  -5.359850E-05  -1.773299E-04
1   1     1.000  4.000 -1.000   -0.000097  -1.465060E-04  -5.359850E-05  -1.773299E-04
1   1     2.000 -3.000  1.000   -0.000097  -1.465060E-04  -5.359850E-05  -1.773299E-04
1   1     3.000  4.000  5.000   -0.000097  -1.465060E-04  -5.359850E-05  -1.773299E-04
1   1     3.000  5.000  4.000   -0.000097  -1.465060E-04  -5.359850E-05  -1.773299E-04
1   1     4.000 -1.000  1.000   -0.000097  -1.465060E-04  -5.359850E-05  -1.773299E-04
1   1     4.000  1.000 -1.000   -0.000097  -1.465060E-04  -5.359850E-05  -1.773299E-04
1   1     4.000  5.000  3.000   -0.000097  -1.465060E-04  -5.359850E-05  -1.773299E-04
1   1     5.000  3.000  4.000   -0.000097  -1.465060E-04  -5.359850E-05  -1.773299E-04
1   1     5.000  4.000  3.000   -0.000097  -1.465060E-04  -5.359850E-05  -1.773299E-04
1   1    -5.000 -4.000 -4.000    0.008444   8.174860E-04  -1.374630E-04   8.151158E-04
1   1    -5.000 -4.000 -2.000   -0.000214  -1.130800E-06  -4.960410E-05  -2.037890E-05
1   1    -5.000 -3.000 -1.000   -0.000214  -1.130800E-06  -4.960410E-05  -2.037890E-05
1   1    -5.000 -2.000 -4.000   -0.000214  -1.130800E-06  -4.960410E-05  -2.037890E-05
1   1    -5.000 -1.000 -3.000   -0.000214  -1.130800E-06  -4.960410E-05  -2.037890E-05
1   1    -5.000 -1.000 -1.000    0.008444   8.174860E-04  -1.374630E-04   8.151158E-04
1   1    -4.000 -5.000 -4.000    0.008444   8.174860E-04  -1.374630E-04   8.151158E-04
1   1    -4.000 -5.000 -2.000   -0.000214  -1.130800E-06  -4.960410E-05  -2.037890E-05
1   1    -4.000 -4.000 -5.000    0.008444   8.174860E-04  -1.374630E-04   8.151158E-04
1   1    -4.000 -2.000 -5.000   -0.000214  -1.130800E-06  -4.960410E-05  -2.037890E-05
1   1    -4.000 -2.000  1.000   -0.000214  -1.130800E-06  -4.960410E-05  -2.037890E-05
1   1    -4.000  0.000  1.000    0.008444   8.174860E-04  -1.374630E-04   8.151158E-04
1   1    -4.000  1.000 -2.000   -0.000214  -1.130800E-06  -4.960410E-05  -2.037890E-05
1   1    -4.000  1.000  0.000    0.008444   8.174860E-04  -1.374630E-04   8.151158E-04
1   1    -3.000 -5.000 -1.000   -0.000214  -1.130800E-06  -4.960410E-05  -2.037890E-05
1   1    -3.000 -2.000  2.000   -0.000214  -1.130800E-06  -4.960410E-05  -2.037890E-05
1   1    -3.000 -1.000 -5.000   -0.000214  -1.130800E-06  -4.960410E-05  -2.037890E-05
1   1    -3.000  2.000 -2.000   -0.000214  -1.130800E-06  -4.960410E-05  -2.037890E-05
1   1    -2.000 -5.000 -4.000   -0.000214  -1.130800E-06  -4.960410E-05  -2.037890E-05
1   1    -2.000 -4.000 -5.000   -0.000214  -1.130800E-06  -4.960410E-05  -2.037890E-05
1   1    -2.000 -4.000  1.000   -0.000214  -1.130800E-06  -4.960410E-05  -2.037890E-05
1   1    -2.000 -3.000  2.000   -0.000214  -1.130800E-06  -4.960410E-05  -2.037890E-05
1   1    -2.000  1.000 -4.000   -0.000214  -1.130800E-06  -4.960410E-05  -2.037890E-05
1   1    -2.000  2.000 -3.000   -0.000214  -1.130800E-06  -4.960410E-05  -2.037890E-05
1   1    -2.000  2.000  3.000   -0.000214  -1.130800E-06  -4.960410E-05  -2.037890E-05
1   1    -2.000  3.000  2.000   -0.000214  -1.130800E-06  -4.960410E-05  -2.037890E-05
1   1    -1.000 -5.000 -3.000   -0.000214  -1.130800E-06  -4.960410E-05  -2.037890E-05
1   1    -1.000 -5.000 -1.000    0.008444   8.174860E-04  -1.374630E-04   8.151158E-04
1   1    -1.000 -3.000 -5.000   -0.000214  -1.130800E-06  -4.960410E-05  -2.037890E-05
1   1    -1.000 -1.000 -5.000    0.008444   8.174860E-04  -1.374630E-04   8.151158E-04
1   1    -1.000  0.000  4.000    0.008444   8.174860E-04  -1.374630E-04   8.151158E-04
1   1    -1.000  2.000  4.000   -0.000214  -1.130800E-06  -4.960410E-05  -2.037890E-05
1   1    -1.000  4.000  0.000    0.008444   8.174860E-04  -1.374630E-04   8.151158E-04
1   1    -1.000  4.000  2.000   -0.000214  -1.130800E-06  -4.960410E-05  -2.037890E-05
1   1     0.000 -4.000  1.000    0.008444   8.174860E-04  -1.374630E-04   8.151158E-04
1   1     0.000 -1.000  4.000    0.008444   8.174860E-04  -1.374630E-04   8.151158E-04
1   1     0.000  1.000 -4.000    0.008444   8.174860E-04  -1.374630E-04   8.151158E-04
1   1     0.000  4.000 -1.000    0.008444   8.174860E-04  -1.374630E-04   8.151158E-04
1   1     1.000 -4.000 -2.000   -0.000214  -1.130800E-06  -4.960410E-05  -2.037890E-05
1   1     1.000 -4.000  0.000    0.008444   8.174860E-04  -1.374630E-04   8.151158E-04
1   1     1.000 -2.000 -4.000   -0.000214  -1.130800E-06  -4.960410E-05  -2.037890E-05
1   1     1.000  0.000 -4.000    0.008444   8.174860E-04  -1.374630E-04   8.151158E-04
1   1     1.000  1.000  5.000    0.008444   8.174860E-04  -1.374630E-04   8.151158E-04
1   1     1.000  3.000  5.000   -0.000214  -1.130800E-06  -4.960410E-05  -2.037890E-05
1   1     1.000  5.000  1.000    0.008444   8.174860E-04  -1.374630E-04   8.151158E-04
1   1     1.000  5.000  3.000   -0.000214  -1.130800E-06  -4.960410E-05  -2.037890E-05
1   1     2.000 -3.000 -2.000   -0.000214  -1.130800E-06  -4.960410E-05  -2.037890E-05
1   1     2.000 -2.000 -3.000   -0.000214  -1.130800E-06  -4.960410E-05  -2.037890E-05
1   1     2.000 -2.000  3.000   -0.000214  -1.130800E-06  -4.960410E-05  -2.037890E-05
1   1     2.000 -1.000  4.000   -0.000214  -1.130800E-06  -4.960410E-05  -2.037890E-05
1   1     2.000  3.000 -2.000   -0.000214  -1.130800E-06  -4.960410E-05  -2.037890E-05
1   1     2.000  4.000 -1.000   -0.000214  -1.130800E-06  -4.960410E-05  -2.037890E-05
1   1     2.000  4.000  5.000   -0.000214  -1.130800E-06  -4.960410E-05  -2.037890E-05
1   1     2.000  5.000  4.000   -0.000214  -1.130800E-06  -4.960410E-05  -2.037890E-05
1   1     3.000 -2.000  2.000   -0.000214  -1.130800E-06  -4.960410E-05  -2.037890E-05
1   1     3.000  1.000  5.000   -0.000214  -1.130800E-06  -4.960410E-05  -2.037890E-05
1   1     3.000  2.000 -2.000   -0.000214  -1.130800E-06  -4.960410E-05  -2.037890E-05
1   1     3.000  5.000  1.000   -0.000214  -1.130800E-06  -4.960410E-05  -2.037890E-05
1   1     4.000 -1.000  0.000    0.008444   8.174860E-04  -1.374630E-04   8.151158E-04
1   1     4.000 -1.000  2.000   -0.000214  -1.130800E-06  -4.960410E-05  -2.037890E-05
1   1     4.000  0.000 -1.000    0.008444   8.174860E-04  -1.374630E-04   8.151158E-04
1   1     4.000  2.000 -1.000   -0.000214  -1.130800E-06  -4.960410E-05  -2.037890E-05
1   1     4.000  2.000  5.000   -0.000214  -1.130800E-06  -4.960410E-05  -2.037890E-05
1   1     4.000  4.000  5.000    0.008444   8.174860E-04  -1.374630E-04   8.151158E-04
1   1     4.000  5.000  2.000   -0.000214  -1.130800E-06  -4.960410E-05  -2.037890E-05
1   1     4.000  5.000  4.000    0.008444   8.174860E-04  -1.374630E-04   8.151158E-04
1   1     5.000  1.000  1.000    0.008444   8.174860E-04  -1.374630E-04   8.151158E-04
1   1     5.000  1.000  3.000   -0.000214  -1.130800E-06  -4.960410E-05  -2.037890E-05
1   1     5.000  2.000  4.000   -0.000214  -1.130800E-06  -4.960410E-05  -2.037890E-05
1   1     5.000  3.000  1.000   -0.000214  -1.130800E-06  -4.960410E-05  -2.037890E-05
1   1     5.000  4.000  2.000   -0.000214  -1.130800E-06  -4.960410E-05  -2.037890E-05
1   1     5.000  4.000  4.000    0.008444   8.174860E-04  -1.374630E-04   8.151158E-04
1   1    -4.000 -4.000  0.000   -0.010106  -3.290930E-03   4.992560E-04  -3.819402E-03
1   1    -4.000  0.000 -4.000   -0.010106  -3.290930E-03   4.992560E-04  -3.819402E-03
1   1     0.000 -4.000 -4.000   -0.010106  -3.290930E-03   4.992560E-04  -3.819402E-03
1   1     0.000  4.000  4.000   -0.010106  -3.290930E-03   4.992560E-04  -3.819402E-03
1   1     4.000  0.000  4.000   -0.010106  -3.290930E-03   4.992560E-04  -3.819402E-03
1   1     4.000  4.000  0.000   -0.010106  -3.290930E-03   4.992560E-04  -3.819402E-03
1   1    -2.000 -5.000  0.000    0.000990  -1.652490E-04   1.964010E-04  -7.825549E-05
1   1    -2.000 -2.000  3.000    0.000990  -1.652490E-04   1.964010E-04  -7.825549E-05
1   1     2.000  2.000 -3.000    0.000990  -1.652490E-04   1.964010E-04  -7.825549E-05
1   1     2.000  5.000  0.000    0.000990  -1.652490E-04   1.964010E-04  -7.825549E-05
1   1    -5.000 -5.000 -3.000    0.000990  -1.652490E-04   1.964010E-04  -7.825549E-05
1   1    -5.000 -3.000 -5.000    0.000990  -1.652490E-04   1.964010E-04  -7.825549E-05
1   1    -5.000 -2.000  0.000    0.000990  -1.652490E-04   1.964010E-04  -7.825549E-05
1   1    -5.000  0.000 -2.000    0.000990  -1.652490E-04   1.964010E-04  -7.825549E-05
1   1    -3.000 -5.000 -5.000    0.000990  -1.652490E-04   1.964010E-04  -7.825549E-05
1   1    -3.000  2.000  2.000    0.000990  -1.652490E-04   1.964010E-04  -7.825549E-05
1   1    -2.000  0.000 -5.000    0.000990  -1.652490E-04   1.964010E-04  -7.825549E-05
1   1    -2.000  3.000 -2.000    0.000990  -1.652490E-04   1.964010E-04  -7.825549E-05
1   1     0.000 -5.000 -2.000    0.000990  -1.652490E-04   1.964010E-04  -7.825549E-05
1   1     0.000 -2.000 -5.000    0.000990  -1.652490E-04   1.964010E-04  -7.825549E-05
1   1     0.000  2.000  5.000    0.000990  -1.652490E-04   1.964010E-04  -7.825549E-05
1   1     0.000  5.000  2.000    0.000990  -1.652490E-04   1.964010E-04  -7.825549E-05
1   1     2.000 -3.000  2.000    0.000990  -1.652490E-04   1.964010E-04  -7.825549E-05
1   1     2.000  0.000  5.000    0.000990  -1.652490E-04   1.964010E-04  -7.825549E-05
1   1     3.000 -2.000 -2.000    0.000990  -1.652490E-04   1.964010E-04  -7.825549E-05
1   1     3.000  5.000  5.000    0.000990  -1.652490E-04   1.964010E-04  -7.825549E-05
1   1     5.000  0.000  2.000    0.000990  -1.652490E-04   1.964010E-04  -7.825549E-05
1   1     5.000  2.000  0.000    0.000990  -1.652490E-04   1.964010E-04  -7.825549E-05
1   1     5.000  3.000  5.000    0.000990  -1.652490E-04   1.964010E-04  -7.825549E-05
1   1     5.000  5.000  3.000    0.000990  -1.652490E-04   1.964010E-04  -7.825549E-05
1   1    -5.000 -5.000 -4.000   -0.022349  -6.400790E-04  -1.400910E-05  -6.295904E-04
1   1    -5.000 -4.000 -1.000    0.000949  -6.443070E-05  -5.410810E-05  -7.190572E-05
1   1    -5.000 -1.000 -4.000    0.000949  -6.443070E-05  -5.410810E-05  -7.190572E-05
1   1    -5.000 -1.000  0.000   -0.022349  -6.400790E-04  -1.400910E-05  -6.295904E-04
1   1    -4.000 -5.000 -5.000   -0.022349  -6.400790E-04  -1.400910E-05  -6.295904E-04
1   1    -4.000 -5.000 -1.000    0.000949  -6.443070E-05  -5.410810E-05  -7.190572E-05
1   1    -4.000 -3.000  1.000    0.000949  -6.443070E-05  -5.410810E-05  -7.190572E-05
1   1    -4.000 -1.000 -5.000    0.000949  -6.443070E-05  -5.410810E-05  -7.190572E-05
1   1    -4.000  1.000 -3.000    0.000949  -6.443070E-05  -5.410810E-05  -7.190572E-05
1   1    -4.000  1.000  1.000   -0.022349  -6.400790E-04  -1.400910E-05  -6.295904E-04
1   1    -3.000 -4.000  1.000    0.000949  -6.443070E-05  -5.410810E-05  -7.190572E-05
1   1    -3.000  1.000 -4.000    0.000949  -6.443070E-05  -5.410810E-05  -7.190572E-05
1   1    -1.000 -5.000 -4.000    0.000949  -6.443070E-05  -5.410810E-05  -7.190572E-05
1   1    -1.000 -5.000  0.000   -0.022349  -6.400790E-04  -1.400910E-05  -6.295904E-04
1   1    -1.000 -4.000 -5.000    0.000949  -6.443070E-05  -5.410810E-05  -7.190572E-05
1   1    -1.000 -1.000  4.000   -0.022349  -6.400790E-04  -1.400910E-05  -6.295904E-04
1   1    -1.000  0.000 -5.000   -0.022349  -6.400790E-04  -1.400910E-05  -6.295904E-04
1   1    -1.000  3.000  4.000    0.000949  -6.443070E-05  -5.410810E-05  -7.190572E-05
1   1    -1.000  4.000  3.000    0.000949  -6.443070E-05  -5.410810E-05  -7.190572E-05
1   1     0.000 -5.000 -1.000   -0.022349  -6.400790E-04  -1.400910E-05  -6.295904E-04
1   1     0.000 -1.000 -5.000   -0.022349  -6.400790E-04  -1.400910E-05  -6.295904E-04
1   1     0.000  1.000  5.000   -0.022349  -6.400790E-04  -1.400910E-05  -6.295904E-04
1   1     0.000  5.000  1.000   -0.022349  -6.400790E-04  -1.400910E-05  -6.295904E-04
1   1     1.000 -4.000 -3.000    0.000949  -6.443070E-05  -5.410810E-05  -7.190572E-05
1   1     1.000 -3.000 -4.000    0.000949  -6.443070E-05  -5.410810E-05  -7.190572E-05
1   1     1.000  0.000  5.000   -0.022349  -6.400790E-04  -1.400910E-05  -6.295904E-04
1   1     1.000  1.000 -4.000   -0.022349  -6.400790E-04  -1.400910E-05  -6.295904E-04
1   1     1.000  4.000  5.000    0.000949  -6.443070E-05  -5.410810E-05  -7.190572E-05
1   1     1.000  5.000  0.000   -0.022349  -6.400790E-04  -1.400910E-05  -6.295904E-04
1   1     1.000  5.000  4.000    0.000949  -6.443070E-05  -5.410810E-05  -7.190572E-05
1   1     3.000 -1.000  4.000    0.000949  -6.443070E-05  -5.410810E-05  -7.190572E-05
1   1     3.000  4.000 -1.000    0.000949  -6.443070E-05  -5.410810E-05  -7.190572E-05
1   1     4.000 -1.000 -1.000   -0.022349  -6.400790E-04  -1.400910E-05  -6.295904E-04
1   1     4.000 -1.000  3.000    0.000949  -6.443070E-05  -5.410810E-05  -7.190572E-05
1   1     4.000  1.000  5.000    0.000949  -6.443070E-05  -5.410810E-05  -7.190572E-05
1   1     4.000  3.000 -1.000    0.000949  -6.443070E-05  -5.410810E-05  -7.190572E-05
1   1     4.000  5.000  1.000    0.000949  -6.443070E-05  -5.410810E-05  -7.190572E-05
1   1     4.000  5.000  5.000   -0.022349  -6.400790E-04  -1.400910E-05  -6.295904E-04
1   1     5.000  1.000  0.000   -0.022349  -6.400790E-04  -1.400910E-05  -6.295904E-04
1   1     5.000  1.000  4.000    0.000949  -6.443070E-05  -5.410810E-05  -7.190572E-05
1   1     5.000  4.000  1.000    0.000949  -6.443070E-05  -5.410810E-05  -7.190572E-05
1   1     5.000  5.000  4.000   -0.022349  -6.400790E-04  -1.400910E-05  -6.295904E-04
1   1    -5.000 -4.000 -5.000   -0.022349  -6.400790E-04  -1.400910E-05  -6.295904E-04
1   1    -5.000  0.000 -1.000   -0.022349  -6.400790E-04  -1.400910E-05  -6.295904E-04
1   1    -1.000  4.000 -1.000   -0.022349  -6.400790E-04  -1.400910E-05  -6.295904E-04
1   1     1.000 -4.000  1.000   -0.022349  -6.400790E-04  -1.400910E-05  -6.295904E-04
1   1     5.000  0.000  1.000   -0.022349  -6.400790E-04  -1.400910E-05  -6.295904E-04
1   1     5.000  4.000  5.000   -0.022349  -6.400790E-04  -1.400910E-05  -6.295904E-04
1   1    -6.000 -3.000 -3.000    0.008709   1.871760E-04   2.466720E-06   1.980991E-04
1   1    -5.000 -5.000 -2.000    0.009512  -2.231640E-04  -4.079650E-05  -1.727940E-04
1   1    -5.000 -2.000 -5.000    0.009512  -2.231640E-04  -4.079650E-05  -1.727940E-04
1   1    -3.000 -3.000  2.000    0.009512  -2.231640E-04  -4.079650E-05  -1.727940E-04
1   1    -3.000  0.000  3.000    0.008709   1.871760E-04   2.466720E-06   1.980991E-04
1   1    -3.000  3.000  0.000    0.008709   1.871760E-04   2.466720E-06   1.980991E-04
1   1    -2.000 -5.000 -5.000    0.009512  -2.231640E-04  -4.079650E-05  -1.727940E-04
1   1     0.000 -3.000  3.000    0.008709   1.871760E-04   2.466720E-06   1.980991E-04
1   1     0.000  3.000 -3.000    0.008709   1.871760E-04   2.466720E-06   1.980991E-04
1   1     2.000  5.000  5.000    0.009512  -2.231640E-04  -4.079650E-05  -1.727940E-04
1   1     3.000 -3.000  0.000    0.008709   1.871760E-04   2.466720E-06   1.980991E-04
1   1     3.000  0.000 -3.000    0.008709   1.871760E-04   2.466720E-06   1.980991E-04
1   1     3.000  3.000 -2.000    0.009512  -2.231640E-04  -4.079650E-05  -1.727940E-04
1   1     5.000  2.000  5.000    0.009512  -2.231640E-04  -4.079650E-05  -1.727940E-04
1   1     5.000  5.000  2.000    0.009512  -2.231640E-04  -4.079650E-05  -1.727940E-04
1   1     6.000  3.000  3.000    0.008709   1.871760E-04   2.466720E-06   1.980991E-04
1   1    -5.000 -3.000  0.000    0.009512  -2.231640E-04  -4.079650E-05  -1.727940E-04
1   1    -5.000  0.000 -3.000    0.009512  -2.231640E-04  -4.079650E-05  -1.727940E-04
1   1    -3.000 -6.000 -3.000    0.008709   1.871760E-04   2.466720E-06   1.980991E-04
1   1    -3.000 -5.000  0.000    0.009512  -2.231640E-04  -4.079650E-05  -1.727940E-04
1   1    -3.000 -3.000 -6.000    0.008709   1.871760E-04   2.466720E-06   1.980991E-04
1   1    -3.000  0.000 -5.000    0.009512  -2.231640E-04  -4.079650E-05  -1.727940E-04
1   1    -3.000  2.000 -3.000    0.009512  -2.231640E-04  -4.079650E-05  -1.727940E-04
1   1    -2.000  3.000  3.000    0.009512  -2.231640E-04  -4.079650E-05  -1.727940E-04
1   1     0.000 -5.000 -3.000    0.009512  -2.231640E-04  -4.079650E-05  -1.727940E-04
1   1     0.000 -3.000 -5.000    0.009512  -2.231640E-04  -4.079650E-05  -1.727940E-04
1   1     0.000  3.000  5.000    0.009512  -2.231640E-04  -4.079650E-05  -1.727940E-04
1   1     0.000  5.000  3.000    0.009512  -2.231640E-04  -4.079650E-05  -1.727940E-04
1   1     2.000 -3.000 -3.000    0.009512  -2.231640E-04  -4.079650E-05  -1.727940E-04
1   1     3.000 -2.000  3.000    0.009512  -2.231640E-04  -4.079650E-05  -1.727940E-04
1   1     3.000  0.000  5.000    0.009512  -2.231640E-04  -4.079650E-05  -1.727940E-04
1   1     3.000  3.000  6.000    0.008709   1.871760E-04   2.466720E-06   1.980991E-04
1   1     3.000  5.000  0.000    0.009512  -2.231640E-04  -4.079650E-05  -1.727940E-04
1   1     3.000  6.000  3.000    0.008709   1.871760E-04   2.466720E-06   1.980991E-04
1   1     5.000  0.000  3.000    0.009512  -2.231640E-04  -4.079650E-05  -1.727940E-04
1   1     5.000  3.000  0.000    0.009512  -2.231640E-04  -4.079650E-05  -1.727940E-04
1   1    -6.000 -4.000 -3.000   -0.000977   2.085320E-05  -3.942640E-05   1.435576E-06
1   1    -6.000 -3.000 -4.000   -0.000977   2.085320E-05  -3.942640E-05   1.435576E-06
1   1    -6.000 -3.000 -2.000   -0.000977   2.085320E-05  -3.942640E-05   1.435576E-06
1   1    -6.000 -2.000 -3.000   -0.000977   2.085320E-05  -3.942640E-05   1.435576E-06
1   1    -4.000 -1.000  2.000   -0.000977   2.085320E-05  -3.942640E-05   1.435576E-06
1   1    -4.000  2.000 -1.000   -0.000977   2.085320E-05  -3.942640E-05   1.435576E-06
1   1    -3.000 -6.000 -4.000   -0.000977   2.085320E-05  -3.942640E-05   1.435576E-06
1   1    -3.000 -4.000 -6.000   -0.000977   2.085320E-05  -3.942640E-05   1.435576E-06
1   1    -3.000 -1.000  3.000   -0.000977   2.085320E-05  -3.942640E-05   1.435576E-06
1   1    -3.000  3.000 -1.000   -0.000977   2.085320E-05  -3.942640E-05   1.435576E-06
1   1    -3.000  3.000  1.000   -0.000977   2.085320E-05  -3.942640E-05   1.435576E-06
1   1    -2.000  4.000  1.000   -0.000977   2.085320E-05  -3.942640E-05   1.435576E-06
1   1    -1.000 -4.000  2.000   -0.000977   2.085320E-05  -3.942640E-05   1.435576E-06
1   1     1.000  4.000 -2.000   -0.000977   2.085320E-05  -3.942640E-05   1.435576E-06
1   1     2.000 -4.000 -1.000   -0.000977   2.085320E-05  -3.942640E-05   1.435576E-06
1   1     3.000 -3.000 -1.000   -0.000977   2.085320E-05  -3.942640E-05   1.435576E-06
1   1     3.000 -3.000  1.000   -0.000977   2.085320E-05  -3.942640E-05   1.435576E-06
1   1     3.000  1.000 -3.000   -0.000977   2.085320E-05  -3.942640E-05   1.435576E-06
1   1     3.000  4.000  6.000   -0.000977   2.085320E-05  -3.942640E-05   1.435576E-06
1   1     3.000  6.000  4.000   -0.000977   2.085320E-05  -3.942640E-05   1.435576E-06
1   1     4.000 -2.000  1.000   -0.000977   2.085320E-05  -3.942640E-05   1.435576E-06
1   1     4.000  1.000 -2.000   -0.000977   2.085320E-05  -3.942640E-05   1.435576E-06
1   1     6.000  2.000  3.000   -0.000977   2.085320E-05  -3.942640E-05   1.435576E-06
1   1     6.000  3.000  2.000   -0.000977   2.085320E-05  -3.942640E-05   1.435576E-06
1   1     6.000  3.000  4.000   -0.000977   2.085320E-05  -3.942640E-05   1.435576E-06
1   1     6.000  4.000  3.000   -0.000977   2.085320E-05  -3.942640E-05   1.435576E-06
1   1    -5.000 -5.000 -5.000   -0.011656  -1.542680E-03  -2.295790E-05  -1.546805E-03
1   1    -5.000  0.000  0.000   -0.011656  -1.542680E-03  -2.295790E-05  -1.546805E-03
1   1    -4.000 -3.000 -6.000   -0.000977   2.085320E-05  -3.942640E-05   1.435576E-06
1   1    -3.000 -6.000 -2.000   -0.000977   2.085320E-05  -3.942640E-05   1.435576E-06
1   1    -3.000 -2.000 -6.000   -0.000977   2.085320E-05  -3.942640E-05   1.435576E-06
1   1    -3.000  1.000  3.000   -0.000977   2.085320E-05  -3.942640E-05   1.435576E-06
1   1    -2.000 -6.000 -3.000   -0.000977   2.085320E-05  -3.942640E-05   1.435576E-06
1   1    -2.000 -3.000 -6.000   -0.000977   2.085320E-05  -3.942640E-05   1.435576E-06
1   1    -2.000  1.000  4.000   -0.000977   2.085320E-05  -3.942640E-05   1.435576E-06
1   1    -1.000 -3.000  3.000   -0.000977   2.085320E-05  -3.942640E-05   1.435576E-06
1   1    -1.000  2.000 -4.000   -0.000977   2.085320E-05  -3.942640E-05   1.435576E-06
1   1    -1.000  3.000 -3.000   -0.000977   2.085320E-05  -3.942640E-05   1.435576E-06
1   1     0.000 -5.000  0.000   -0.011656  -1.542680E-03  -2.295790E-05  -1.546805E-03
1   1     0.000  0.000 -5.000   -0.011656  -1.542680E-03  -2.295790E-05  -1.546805E-03
1   1     0.000  0.000  5.000   -0.011656  -1.542680E-03  -2.295790E-05  -1.546805E-03
1   1     0.000  5.000  0.000   -0.011656  -1.542680E-03  -2.295790E-05  -1.546805E-03
1   1     1.000 -3.000  3.000   -0.000977   2.085320E-05  -3.942640E-05   1.435576E-06
1   1     1.000 -2.000  4.000   -0.000977   2.085320E-05  -3.942640E-05   1.435576E-06
1   1     1.000  3.000 -3.000   -0.000977   2.085320E-05  -3.942640E-05   1.435576E-06
1   1     2.000 -1.000 -4.000   -0.000977   2.085320E-05  -3.942640E-05   1.435576E-06
1   1     2.000  3.000  6.000   -0.000977   2.085320E-05  -3.942640E-05   1.435576E-06
1   1     2.000  6.000  3.000   -0.000977   2.085320E-05  -3.942640E-05   1.435576E-06
1   1     3.000 -1.000 -3.000   -0.000977   2.085320E-05  -3.942640E-05   1.435576E-06
1   1     3.000  2.000  6.000   -0.000977   2.085320E-05  -3.942640E-05   1.435576E-06
1   1     3.000  6.000  2.000   -0.000977   2.085320E-05  -3.942640E-05   1.435576E-06
1   1     4.000  3.000  6.000   -0.000977   2.085320E-05  -3.942640E-05   1.435576E-06
1   1     5.000  0.000  0.000   -0.011656  -1.542680E-03  -2.295790E-05  -1.546805E-03
1   1     5.000  5.000  5.000   -0.011656  -1.542680E-03  -2.295790E-05  -1.546805E-03
1   1    -4.000 -6.000 -3.000   -0.000977   2.085320E-05  -3.942640E-05   1.435576E-06
1   1     4.000  6.000  3.000   -0.000977   2.085320E-05  -3.942640E-05   1.435576E-06
1   1    -6.000 -4.000 -4.000    0.005383   8.970430E-05   1.192160E-05   4.967676E-05
1   1    -6.000 -2.000 -2.000    0.005383   8.970430E-05   1.192160E-05   4.967676E-05
1   1    -4.000 -4.000 -6.000    0.005383   8.970430E-05   1.192160E-05   4.967676E-05
1   1    -4.000  0.000  2.000    0.005383   8.970430E-05   1.192160E-05   4.967676E-05
1   1    -4.000  2.000  0.000    0.005383   8.970430E-05   1.192160E-05   4.967676E-05
1   1    -2.000 -6.000 -2.000    0.005383   8.970430E-05   1.192160E-05   4.967676E-05
1   1    -2.000 -2.000 -6.000    0.005383   8.970430E-05   1.192160E-05   4.967676E-05
1   1    -2.000  0.000  4.000    0.005383   8.970430E-05   1.192160E-05   4.967676E-05
1   1    -2.000  4.000  0.000    0.005383   8.970430E-05   1.192160E-05   4.967676E-05
1   1     0.000 -4.000  2.000    0.005383   8.970430E-05   1.192160E-05   4.967676E-05
1   1     0.000 -2.000  4.000    0.005383   8.970430E-05   1.192160E-05   4.967676E-05
1   1     0.000  2.000 -4.000    0.005383   8.970430E-05   1.192160E-05   4.967676E-05
1   1     0.000  4.000 -2.000    0.005383   8.970430E-05   1.192160E-05   4.967676E-05
1   1     2.000 -4.000  0.000    0.005383   8.970430E-05   1.192160E-05   4.967676E-05
1   1     2.000  0.000 -4.000    0.005383   8.970430E-05   1.192160E-05   4.967676E-05
1   1     2.000  2.000  6.000    0.005383   8.970430E-05   1.192160E-05   4.967676E-05
1   1     2.000  6.000  2.000    0.005383   8.970430E-05   1.192160E-05   4.967676E-05
1   1     4.000 -2.000  0.000    0.005383   8.970430E-05   1.192160E-05   4.967676E-05
1   1     4.000  0.000 -2.000    0.005383   8.970430E-05   1.192160E-05   4.967676E-05
1   1     4.000  4.000  6.000    0.005383   8.970430E-05   1.192160E-05   4.967676E-05
1   1     6.000  2.000  2.000    0.005383   8.970430E-05   1.192160E-05   4.967676E-05
1   1     6.000  4.000  4.000    0.005383   8.970430E-05   1.192160E-05   4.967676E-05
1   1    -4.000 -6.000 -4.000    0.005383   8.970430E-05   1.192160E-05   4.967676E-05
1   1     4.000  6.000  4.000    0.005383   8.970430E-05   1.192160E-05   4.967676E-05
1   1    -6.000 -4.000 -2.000   -0.000726   3.299440E-04   4.323740E-05   2.651523E-04
1   1    -6.000 -2.000 -4.000   -0.000726   3.299440E-04   4.323740E-05   2.651523E-04
1   1    -4.000 -6.000 -2.000   -0.000726   3.299440E-04   4.323740E-05   2.651523E-04
1   1    -4.000 -2.000 -6.000   -0.000726   3.299440E-04   4.323740E-05   2.651523E-04
1   1    -4.000 -2.000  2.000   -0.000726   3.299440E-04   4.323740E-05   2.651523E-04
1   1    -4.000  2.000 -2.000   -0.000726   3.299440E-04   4.323740E-05   2.651523E-04
1   1    -2.000 -6.000 -4.000   -0.000726   3.299440E-04   4.323740E-05   2.651523E-04
1   1    -2.000 -4.000 -6.000   -0.000726   3.299440E-04   4.323740E-05   2.651523E-04
1   1    -2.000 -4.000  2.000   -0.000726   3.299440E-04   4.323740E-05   2.651523E-04
1   1    -2.000  2.000 -4.000   -0.000726   3.299440E-04   4.323740E-05   2.651523E-04
1   1    -2.000  2.000  4.000   -0.000726   3.299440E-04   4.323740E-05   2.651523E-04
1   1    -2.000  4.000  2.000   -0.000726   3.299440E-04   4.323740E-05   2.651523E-04
1   1     2.000 -4.000 -2.000   -0.000726   3.299440E-04   4.323740E-05   2.651523E-04
1   1     2.000 -2.000 -4.000   -0.000726   3.299440E-04   4.323740E-05   2.651523E-04
1   1     2.000 -2.000  4.000   -0.000726   3.299440E-04   4.323740E-05   2.651523E-04
1   1     2.000  4.000 -2.000   -0.000726   3.299440E-04   4.323740E-05   2.651523E-04
1   1     2.000  4.000  6.000   -0.000726   3.299440E-04   4.323740E-05   2.651523E-04
1   1     2.000  6.000  4.000   -0.000726   3.299440E-04   4.323740E-05   2.651523E-04
1   1     4.000 -2.000  2.000   -0.000726   3.299440E-04   4.323740E-05   2.651523E-04
1   1     4.000  2.000 -2.000   -0.000726   3.299440E-04   4.323740E-05   2.651523E-04
1   1     4.000  2.000  6.000   -0.000726   3.299440E-04   4.323740E-05   2.651523E-04
1   1     4.000  6.000  2.000   -0.000726   3.299440E-04   4.323740E-05   2.651523E-04
1   1     6.000  2.000  4.000   -0.000726   3.299440E-04   4.323740E-05   2.651523E-04
1   1     6.000  4.000  2.000   -0.000726   3.299440E-04   4.323740E-05   2.651523E-04
1   1    -6.000 -5.000 -4.000    0.003452   9.437510E-05  -1.778750E-04  -1.217656E-05
1   1    -6.000 -2.000 -1.000    0.003452   9.437510E-05  -1.778750E-04  -1.217656E-05
1   1    -6.000 -1.000 -2.000    0.003452   9.437510E-05  -1.778750E-04  -1.217656E-05
1   1    -4.000  2.000  1.000    0.003452   9.437510E-05  -1.778750E-04  -1.217656E-05
1   1    -2.000  4.000 -1.000    0.003452   9.437510E-05  -1.778750E-04  -1.217656E-05
1   1    -1.000  5.000  1.000    0.003452   9.437510E-05  -1.778750E-04  -1.217656E-05
1   1     1.000 -5.000 -1.000    0.003452   9.437510E-05  -1.778750E-04  -1.217656E-05
1   1     2.000 -4.000  1.000    0.003452   9.437510E-05  -1.778750E-04  -1.217656E-05
1   1     4.000 -2.000 -1.000    0.003452   9.437510E-05  -1.778750E-04  -1.217656E-05
1   1     6.000  1.000  2.000    0.003452   9.437510E-05  -1.778750E-04  -1.217656E-05
1   1     6.000  2.000  1.000    0.003452   9.437510E-05  -1.778750E-04  -1.217656E-05
1   1     6.000  5.000  4.000    0.003452   9.437510E-05  -1.778750E-04  -1.217656E-05
1   1    -6.000 -4.000 -5.000    0.003452   9.437510E-05  -1.778750E-04  -1.217656E-05
1   1    -5.000 -5.000 -1.000    0.002039   3.336020E-04   1.667490E-05   2.016657E-04
1   1    -5.000 -4.000 -6.000    0.003452   9.437510E-05  -1.778750E-04  -1.217656E-05
1   1    -5.000 -4.000  0.000    0.002039   3.336020E-04   1.667490E-05   2.016657E-04
1   1    -4.000 -6.000 -5.000    0.003452   9.437510E-05  -1.778750E-04  -1.217656E-05
1   1    -4.000 -5.000 -6.000    0.003452   9.437510E-05  -1.778750E-04  -1.217656E-05
1   1    -4.000 -5.000  0.000    0.002039   3.336020E-04   1.667490E-05   2.016657E-04
1   1    -4.000 -4.000  1.000    0.002039   3.336020E-04   1.667490E-05   2.016657E-04
1   1    -4.000  1.000  2.000    0.003452   9.437510E-05  -1.778750E-04  -1.217656E-05
1   1    -2.000 -6.000 -1.000    0.003452   9.437510E-05  -1.778750E-04  -1.217656E-05
1   1    -2.000 -1.000 -6.000    0.003452   9.437510E-05  -1.778750E-04  -1.217656E-05
1   1    -2.000 -1.000  4.000    0.003452   9.437510E-05  -1.778750E-04  -1.217656E-05
1   1    -1.000 -6.000 -2.000    0.003452   9.437510E-05  -1.778750E-04  -1.217656E-05
1   1    -1.000 -5.000  1.000    0.003452   9.437510E-05  -1.778750E-04  -1.217656E-05
1   1    -1.000 -2.000 -6.000    0.003452   9.437510E-05  -1.778750E-04  -1.217656E-05
1   1    -1.000 -2.000  4.000    0.003452   9.437510E-05  -1.778750E-04  -1.217656E-05
1   1    -1.000  1.000 -5.000    0.003452   9.437510E-05  -1.778750E-04  -1.217656E-05
1   1    -1.000  1.000  5.000    0.003452   9.437510E-05  -1.778750E-04  -1.217656E-05
1   1    -1.000  4.000 -2.000    0.003452   9.437510E-05  -1.778750E-04  -1.217656E-05
1   1     1.000 -4.000  2.000    0.003452   9.437510E-05  -1.778750E-04  -1.217656E-05
1   1     1.000 -1.000 -5.000    0.003452   9.437510E-05  -1.778750E-04  -1.217656E-05
1   1     1.000 -1.000  5.000    0.003452   9.437510E-05  -1.778750E-04  -1.217656E-05
1   1     1.000  2.000 -4.000    0.003452   9.437510E-05  -1.778750E-04  -1.217656E-05
1   1     1.000  2.000  6.000    0.003452   9.437510E-05  -1.778750E-04  -1.217656E-05
1   1     1.000  5.000 -1.000    0.003452   9.437510E-05  -1.778750E-04  -1.217656E-05
1   1     1.000  6.000  2.000    0.003452   9.437510E-05  -1.778750E-04  -1.217656E-05
1   1     2.000  1.000 -4.000    0.003452   9.437510E-05  -1.778750E-04  -1.217656E-05
1   1     2.000  1.000  6.000    0.003452   9.437510E-05  -1.778750E-04  -1.217656E-05
1   1     2.000  6.000  1.000    0.003452   9.437510E-05  -1.778750E-04  -1.217656E-05
1   1     4.000 -1.000 -2.000    0.003452   9.437510E-05  -1.778750E-04  -1.217656E-05
1   1     4.000  4.000 -1.000    0.002039   3.336020E-04   1.667490E-05   2.016657E-04
1   1     4.000  5.000  0.000    0.002039   3.336020E-04   1.667490E-05   2.016657E-04
1   1     4.000  5.000  6.000    0.003452   9.437510E-05  -1.778750E-04  -1.217656E-05
1   1     4.000  6.000  5.000    0.003452   9.437510E-05  -1.778750E-04  -1.217656E-05
1   1     5.000  4.000  0.000    0.002039   3.336020E-04   1.667490E-05   2.016657E-04
1   1     5.000  4.000  6.000    0.003452   9.437510E-05  -1.778750E-04  -1.217656E-05
1   1     5.000  5.000  1.000    0.002039   3.336020E-04   1.667490E-05   2.016657E-04
1   1     6.000  4.000  5.000    0.003452   9.437510E-05  -1.778750E-04  -1.217656E-05
1   1    -5.000 -6.000 -4.000    0.003452   9.437510E-05  -1.778750E-04  -1.217656E-05
1   1    -5.000 -1.000 -5.000    0.002039   3.336020E-04   1.667490E-05   2.016657E-04
1   1    -5.000 -1.000  1.000    0.003452   9.437510E-05  -1.778750E-04  -1.217656E-05
1   1    -5.000  0.000 -4.000    0.002039   3.336020E-04   1.667490E-05   2.016657E-04
1   1    -5.000  1.000 -1.000    0.003452   9.437510E-05  -1.778750E-04  -1.217656E-05
1   1    -4.000  0.000 -5.000    0.002039   3.336020E-04   1.667490E-05   2.016657E-04
1   1    -4.000  1.000 -4.000    0.002039   3.336020E-04   1.667490E-05   2.016657E-04
1   1    -1.000 -5.000 -5.000    0.002039   3.336020E-04   1.667490E-05   2.016657E-04
1   1    -1.000  4.000  4.000    0.002039   3.336020E-04   1.667490E-05   2.016657E-04
1   1     0.000 -5.000 -4.000    0.002039   3.336020E-04   1.667490E-05   2.016657E-04
1   1     0.000 -4.000 -5.000    0.002039   3.336020E-04   1.667490E-05   2.016657E-04
1   1     0.000  4.000  5.000    0.002039   3.336020E-04   1.667490E-05   2.016657E-04
1   1     0.000  5.000  4.000    0.002039   3.336020E-04   1.667490E-05   2.016657E-04
1   1     1.000 -4.000 -4.000    0.002039   3.336020E-04   1.667490E-05   2.016657E-04
1   1     1.000  5.000  5.000    0.002039   3.336020E-04   1.667490E-05   2.016657E-04
1   1     4.000 -1.000  4.000    0.002039   3.336020E-04   1.667490E-05   2.016657E-04
1   1     4.000  0.000  5.000    0.002039   3.336020E-04   1.667490E-05   2.016657E-04
1   1     5.000 -1.000  1.000    0.003452   9.437510E-05  -1.778750E-04  -1.217656E-05
1   1     5.000  0.000  4.000    0.002039   3.336020E-04   1.667490E-05   2.016657E-04
1   1     5.000  1.000 -1.000    0.003452   9.437510E-05  -1.778750E-04  -1.217656E-05
1   1     5.000  1.000  5.000    0.002039   3.336020E-04   1.667490E-05   2.016657E-04
1   1     5.000  6.000  4.000    0.003452   9.437510E-05  -1.778750E-04  -1.217656E-05
1   1    -6.000 -3.000 -5.000   -0.001075   2.941200E-05  -1.557740E-06   1.408327E-05
1   1    -6.000 -3.000 -1.000   -0.001075   2.941200E-05  -1.557740E-06   1.408327E-05
1   1    -6.000 -1.000 -3.000   -0.001075   2.941200E-05  -1.557740E-06   1.408327E-05
1   1    -3.000  3.000 -2.000   -0.001075   2.941200E-05  -1.557740E-06   1.408327E-05
1   1    -3.000  3.000  2.000   -0.001075   2.941200E-05  -1.557740E-06   1.408327E-05
1   1    -1.000  5.000  2.000   -0.001075   2.941200E-05  -1.557740E-06   1.408327E-05
1   1     1.000 -5.000 -2.000   -0.001075   2.941200E-05  -1.557740E-06   1.408327E-05
1   1     3.000 -3.000 -2.000   -0.001075   2.941200E-05  -1.557740E-06   1.408327E-05
1   1     3.000 -3.000  2.000   -0.001075   2.941200E-05  -1.557740E-06   1.408327E-05
1   1     6.000  1.000  3.000   -0.001075   2.941200E-05  -1.557740E-06   1.408327E-05
1   1     6.000  3.000  1.000   -0.001075   2.941200E-05  -1.557740E-06   1.408327E-05
1   1     6.000  3.000  5.000   -0.001075   2.941200E-05  -1.557740E-06   1.408327E-05
1   1    -6.000 -5.000 -3.000   -0.001075   2.941200E-05  -1.557740E-06   1.408327E-05
1   1    -5.000 -3.000 -6.000   -0.001075   2.941200E-05  -1.557740E-06   1.408327E-05
1   1    -5.000 -2.000  1.000   -0.001075   2.941200E-05  -1.557740E-06   1.408327E-05
1   1    -5.000  1.000 -2.000   -0.001075   2.941200E-05  -1.557740E-06   1.408327E-05
1   1    -3.000 -6.000 -5.000   -0.001075   2.941200E-05  -1.557740E-06   1.408327E-05
1   1    -3.000 -6.000 -1.000   -0.001075   2.941200E-05  -1.557740E-06   1.408327E-05
1   1    -3.000 -5.000 -6.000   -0.001075   2.941200E-05  -1.557740E-06   1.408327E-05
1   1    -3.000 -2.000  3.000   -0.001075   2.941200E-05  -1.557740E-06   1.408327E-05
1   1    -3.000 -1.000 -6.000   -0.001075   2.941200E-05  -1.557740E-06   1.408327E-05
1   1    -3.000  2.000  3.000   -0.001075   2.941200E-05  -1.557740E-06   1.408327E-05
1   1    -2.000 -5.000  1.000   -0.001075   2.941200E-05  -1.557740E-06   1.408327E-05
1   1    -2.000 -3.000  3.000   -0.001075   2.941200E-05  -1.557740E-06   1.408327E-05
1   1    -2.000  1.000 -5.000   -0.001075   2.941200E-05  -1.557740E-06   1.408327E-05
1   1    -2.000  3.000 -3.000   -0.001075   2.941200E-05  -1.557740E-06   1.408327E-05
1   1    -1.000 -6.000 -3.000   -0.001075   2.941200E-05  -1.557740E-06   1.408327E-05
1   1    -1.000 -3.000 -6.000   -0.001075   2.941200E-05  -1.557740E-06   1.408327E-05
1   1    -1.000  2.000  5.000   -0.001075   2.941200E-05  -1.557740E-06   1.408327E-05
1   1     1.000 -2.000 -5.000   -0.001075   2.941200E-05  -1.557740E-06   1.408327E-05
1   1     1.000  3.000  6.000   -0.001075   2.941200E-05  -1.557740E-06   1.408327E-05
1   1     1.000  6.000  3.000   -0.001075   2.941200E-05  -1.557740E-06   1.408327E-05
1   1     2.000 -3.000  3.000   -0.001075   2.941200E-05  -1.557740E-06   1.408327E-05
1   1     2.000 -1.000  5.000   -0.001075   2.941200E-05  -1.557740E-06   1.408327E-05
1   1     2.000  3.000 -3.000   -0.001075   2.941200E-05  -1.557740E-06   1.408327E-05
1   1     2.000  5.000 -1.000   -0.001075   2.941200E-05  -1.557740E-06   1.408327E-05
1   1     3.000 -2.000 -3.000   -0.001075   2.941200E-05  -1.557740E-06   1.408327E-05
1   1     3.000  1.000  6.000   -0.001075   2.941200E-05  -1.557740E-06   1.408327E-05
1   1     3.000  2.000 -3.000   -0.001075   2.941200E-05  -1.557740E-06   1.408327E-05
1   1     3.000  5.000  6.000   -0.001075   2.941200E-05  -1.557740E-06   1.408327E-05
1   1     3.000  6.000  1.000   -0.001075   2.941200E-05  -1.557740E-06   1.408327E-05
1   1     3.000  6.000  5.000   -0.001075   2.941200E-05  -1.557740E-06   1.408327E-05
1   1     5.000 -1.000  2.000   -0.001075   2.941200E-05  -1.557740E-06   1.408327E-05
1   1     5.000  2.000 -1.000   -0.001075   2.941200E-05  -1.557740E-06   1.408327E-05
1   1     5.000  3.000  6.000   -0.001075   2.941200E-05  -1.557740E-06   1.408327E-05
1   1     6.000  5.000  3.000   -0.001075   2.941200E-05  -1.557740E-06   1.408327E-05
1   1    -5.000 -6.000 -3.000   -0.001075   2.941200E-05  -1.557740E-06   1.408327E-05
1   1     5.000  6.000  3.000   -0.001075   2.941200E-05  -1.557740E-06   1.408327E-05
1   1    -6.000 -5.000 -5.000   -0.013494  -1.304260E-04   2.526570E-04   2.418377E-05
1   1    -6.000 -1.000 -1.000   -0.013494  -1.304260E-04   2.526570E-04   2.418377E-05
1   1    -1.000 -1.000 -6.000   -0.013494  -1.304260E-04   2.526570E-04   2.418377E-05
1   1    -1.000  0.000  5.000   -0.013494  -1.304260E-04   2.526570E-04   2.418377E-05
1   1    -1.000  5.000  0.000   -0.013494  -1.304260E-04   2.526570E-04   2.418377E-05
1   1     0.000 -1.000  5.000   -0.013494  -1.304260E-04   2.526570E-04   2.418377E-05
1   1     0.000  1.000 -5.000   -0.013494  -1.304260E-04   2.526570E-04   2.418377E-05
1   1     1.000 -5.000  0.000   -0.013494  -1.304260E-04   2.526570E-04   2.418377E-05
1   1     1.000  0.000 -5.000   -0.013494  -1.304260E-04   2.526570E-04   2.418377E-05
1   1     1.000  1.000  6.000   -0.013494  -1.304260E-04   2.526570E-04   2.418377E-05
1   1     6.000  1.000  1.000   -0.013494  -1.304260E-04   2.526570E-04   2.418377E-05
1   1     6.000  5.000  5.000   -0.013494  -1.304260E-04   2.526570E-04   2.418377E-05
1   1    -5.000 -6.000 -5.000   -0.013494  -1.304260E-04   2.526570E-04   2.418377E-05
1   1    -5.000 -5.000 -6.000   -0.013494  -1.304260E-04   2.526570E-04   2.418377E-05
1   1    -5.000  0.000  1.000   -0.013494  -1.304260E-04   2.526570E-04   2.418377E-05
1   1    -5.000  1.000  0.000   -0.013494  -1.304260E-04   2.526570E-04   2.418377E-05
1   1    -1.000 -6.000 -1.000   -0.013494  -1.304260E-04   2.526570E-04   2.418377E-05
1   1     0.000 -5.000  1.000   -0.013494  -1.304260E-04   2.526570E-04   2.418377E-05
1   1     0.000  5.000 -1.000   -0.013494  -1.304260E-04   2.526570E-04   2.418377E-05
1   1     1.000  6.000  1.000   -0.013494  -1.304260E-04   2.526570E-04   2.418377E-05
1   1     5.000 -1.000  0.000   -0.013494  -1.304260E-04   2.526570E-04   2.418377E-05
1   1     5.000  0.000 -1.000   -0.013494  -1.304260E-04   2.526570E-04   2.418377E-05
1   1     5.000  5.000  6.000   -0.013494  -1.304260E-04   2.526570E-04   2.418377E-05
1   1     5.000  6.000  5.000   -0.013494  -1.304260E-04   2.526570E-04   2.418377E-05
1   1    -6.000 -4.000 -1.000   -0.000739   9.029590E-05  -1.252380E-05   4.015622E-05
1   1    -6.000 -2.000 -5.000   -0.000739   9.029590E-05  -1.252380E-05   4.015622E-05
1   1    -6.000 -1.000 -4.000   -0.000739   9.029590E-05  -1.252380E-05   4.015622E-05
1   1    -4.000  2.000 -3.000   -0.000739   9.029590E-05  -1.252380E-05   4.015622E-05
1   1    -2.000  4.000  3.000   -0.000739   9.029590E-05  -1.252380E-05   4.015622E-05
1   1    -1.000  5.000  3.000   -0.000739   9.029590E-05  -1.252380E-05   4.015622E-05
1   1     1.000 -5.000 -3.000   -0.000739   9.029590E-05  -1.252380E-05   4.015622E-05
1   1     2.000 -4.000 -3.000   -0.000739   9.029590E-05  -1.252380E-05   4.015622E-05
1   1     4.000 -2.000  3.000   -0.000739   9.029590E-05  -1.252380E-05   4.015622E-05
1   1     6.000  1.000  4.000   -0.000739   9.029590E-05  -1.252380E-05   4.015622E-05
1   1     6.000  2.000  5.000   -0.000739   9.029590E-05  -1.252380E-05   4.015622E-05
1   1     6.000  4.000  1.000   -0.000739   9.029590E-05  -1.252380E-05   4.015622E-05
1   1    -6.000 -5.000 -2.000   -0.000739   9.029590E-05  -1.252380E-05   4.015622E-05
1   1    -5.000 -6.000 -2.000   -0.000739   9.029590E-05  -1.252380E-05   4.015622E-05
1   1    -5.000 -3.000  1.000   -0.000739   9.029590E-05  -1.252380E-05   4.015622E-05
1   1    -5.000 -2.000 -6.000   -0.000739   9.029590E-05  -1.252380E-05   4.015622E-05
1   1    -5.000  1.000 -3.000   -0.000739   9.029590E-05  -1.252380E-05   4.015622E-05
1   1    -4.000 -6.000 -1.000   -0.000739   9.029590E-05  -1.252380E-05   4.015622E-05
1   1    -4.000 -3.000  2.000   -0.000739   9.029590E-05  -1.252380E-05   4.015622E-05
1   1    -4.000 -1.000 -6.000   -0.000739   9.029590E-05  -1.252380E-05   4.015622E-05
1   1    -3.000 -5.000  1.000   -0.000739   9.029590E-05  -1.252380E-05   4.015622E-05
1   1    -3.000 -4.000  2.000   -0.000739   9.029590E-05  -1.252380E-05   4.015622E-05
1   1    -3.000  1.000 -5.000   -0.000739   9.029590E-05  -1.252380E-05   4.015622E-05
1   1    -3.000  2.000 -4.000   -0.000739   9.029590E-05  -1.252380E-05   4.015622E-05
1   1    -2.000 -6.000 -5.000   -0.000739   9.029590E-05  -1.252380E-05   4.015622E-05
1   1    -2.000 -5.000 -6.000   -0.000739   9.029590E-05  -1.252380E-05   4.015622E-05
1   1    -2.000  3.000  4.000   -0.000739   9.029590E-05  -1.252380E-05   4.015622E-05
1   1    -1.000 -6.000 -4.000   -0.000739   9.029590E-05  -1.252380E-05   4.015622E-05
1   1    -1.000 -4.000 -6.000   -0.000739   9.029590E-05  -1.252380E-05   4.015622E-05
1   1    -1.000  3.000  5.000   -0.000739   9.029590E-05  -1.252380E-05   4.015622E-05
1   1     1.000 -3.000 -5.000   -0.000739   9.029590E-05  -1.252380E-05   4.015622E-05
1   1     1.000  4.000  6.000   -0.000739   9.029590E-05  -1.252380E-05   4.015622E-05
1   1     1.000  6.000  4.000   -0.000739   9.029590E-05  -1.252380E-05   4.015622E-05
1   1     2.000 -3.000 -4.000   -0.000739   9.029590E-05  -1.252380E-05   4.015622E-05
1   1     2.000  5.000  6.000   -0.000739   9.029590E-05  -1.252380E-05   4.015622E-05
1   1     2.000  6.000  5.000   -0.000739   9.029590E-05  -1.252380E-05   4.015622E-05
1   1     3.000 -2.000  4.000   -0.000739   9.029590E-05  -1.252380E-05   4.015622E-05
1   1     3.000 -1.000  5.000   -0.000739   9.029590E-05  -1.252380E-05   4.015622E-05
1   1     3.000  4.000 -2.000   -0.000739   9.029590E-05  -1.252380E-05   4.015622E-05
1   1     3.000  5.000 -1.000   -0.000739   9.029590E-05  -1.252380E-05   4.015622E-05
1   1     4.000  1.000  6.000   -0.000739   9.029590E-05  -1.252380E-05   4.015622E-05
1   1     4.000  3.000 -2.000   -0.000739   9.029590E-05  -1.252380E-05   4.015622E-05
1   1     4.000  6.000  1.000   -0.000739   9.029590E-05  -1.252380E-05   4.015622E-05
1   1     5.000 -1.000  3.000   -0.000739   9.029590E-05  -1.252380E-05   4.015622E-05
1   1     5.000  2.000  6.000   -0.000739   9.029590E-05  -1.252380E-05   4.015622E-05
1   1     5.000  3.000 -1.000   -0.000739   9.029590E-05  -1.252380E-05   4.015622E-05
1   1     5.000  6.000  2.000   -0.000739   9.029590E-05  -1.252380E-05   4.015622E-05
1   1     6.000  5.000  2.000   -0.000739   9.029590E-05  -1.252380E-05   4.015622E-05
1   1    -6.000 -6.000 -4.000   -0.000570   4.238420E-04  -2.594630E-05   1.594495E-04
1   1    -6.000 -2.000  0.000   -0.000570   4.238420E-04  -2.594630E-05   1.594495E-04
1   1    -6.000  0.000 -2.000   -0.000570   4.238420E-04  -2.594630E-05   1.594495E-04
1   1    -4.000  2.000  2.000   -0.000570   4.238420E-04  -2.594630E-05   1.594495E-04
1   1    -2.000  4.000 -2.000   -0.000570   4.238420E-04  -2.594630E-05   1.594495E-04
1   1     0.000 -6.000 -2.000   -0.000570   4.238420E-04  -2.594630E-05   1.594495E-04
1   1     0.000  6.000  2.000   -0.000570   4.238420E-04  -2.594630E-05   1.594495E-04
1   1     2.000 -4.000  2.000   -0.000570   4.238420E-04  -2.594630E-05   1.594495E-04
1   1     4.000 -2.000 -2.000   -0.000570   4.238420E-04  -2.594630E-05   1.594495E-04
1   1     6.000  0.000  2.000   -0.000570   4.238420E-04  -2.594630E-05   1.594495E-04
1   1     6.000  2.000  0.000   -0.000570   4.238420E-04  -2.594630E-05   1.594495E-04
1   1     6.000  6.000  4.000   -0.000570   4.238420E-04  -2.594630E-05   1.594495E-04
1   1    -6.000 -4.000 -6.000   -0.000570   4.238420E-04  -2.594630E-05   1.594495E-04
1   1    -2.000 -6.000  0.000   -0.000570   4.238420E-04  -2.594630E-05   1.594495E-04
1   1    -2.000 -2.000  4.000   -0.000570   4.238420E-04  -2.594630E-05   1.594495E-04
1   1    -2.000  0.000 -6.000   -0.000570   4.238420E-04  -2.594630E-05   1.594495E-04
1   1     0.000 -2.000 -6.000   -0.000570   4.238420E-04  -2.594630E-05   1.594495E-04
1   1     0.000  2.000  6.000   -0.000570   4.238420E-04  -2.594630E-05   1.594495E-04
1   1     2.000  0.000  6.000   -0.000570   4.238420E-04  -2.594630E-05   1.594495E-04
1   1     2.000  2.000 -4.000   -0.000570   4.238420E-04  -2.594630E-05   1.594495E-04
1   1     2.000  6.000  0.000   -0.000570   4.238420E-04  -2.594630E-05   1.594495E-04
1   1     6.000  4.000  6.000   -0.000570   4.238420E-04  -2.594630E-05   1.594495E-04
1   1    -4.000 -6.000 -6.000   -0.000570   4.238420E-04  -2.594630E-05   1.594495E-04
1   1     4.000  6.000  6.000   -0.000570   4.238420E-04  -2.594630E-05   1.594495E-04
1   1    -6.000 -6.000 -5.000    0.010735  -3.718670E-04   3.877520E-05  -1.398110E-04
1   1    -6.000 -3.000  0.000   -0.004643   4.947200E-04  -1.488370E-05   1.830849E-04
1   1    -6.000 -1.000  0.000    0.010735  -3.718670E-04   3.877520E-05  -1.398110E-04
1   1    -6.000  0.000 -3.000   -0.004643   4.947200E-04  -1.488370E-05   1.830849E-04
1   1    -6.000  0.000 -1.000    0.010735  -3.718670E-04   3.877520E-05  -1.398110E-04
1   1    -3.000 -3.000  3.000   -0.004643   4.947200E-04  -1.488370E-05   1.830849E-04
1   1    -3.000  3.000 -3.000   -0.004643   4.947200E-04  -1.488370E-05   1.830849E-04
1   1    -3.000  3.000  3.000   -0.004643   4.947200E-04  -1.488370E-05   1.830849E-04
1   1    -1.000  5.000 -1.000    0.010735  -3.718670E-04   3.877520E-05  -1.398110E-04
1   1     0.000 -6.000 -3.000   -0.004643   4.947200E-04  -1.488370E-05   1.830849E-04
1   1     0.000 -6.000 -1.000    0.010735  -3.718670E-04   3.877520E-05  -1.398110E-04
1   1     0.000  6.000  1.000    0.010735  -3.718670E-04   3.877520E-05  -1.398110E-04
1   1     0.000  6.000  3.000   -0.004643   4.947200E-04  -1.488370E-05   1.830849E-04
1   1     1.000 -5.000  1.000    0.010735  -3.718670E-04   3.877520E-05  -1.398110E-04
1   1     3.000 -3.000 -3.000   -0.004643   4.947200E-04  -1.488370E-05   1.830849E-04
1   1     3.000 -3.000  3.000   -0.004643   4.947200E-04  -1.488370E-05   1.830849E-04
1   1     3.000  3.000 -3.000   -0.004643   4.947200E-04  -1.488370E-05   1.830849E-04
1   1     6.000  0.000  1.000    0.010735  -3.718670E-04   3.877520E-05  -1.398110E-04
1   1     6.000  0.000  3.000   -0.004643   4.947200E-04  -1.488370E-05   1.830849E-04
1   1     6.000  1.000  0.000    0.010735  -3.718670E-04   3.877520E-05  -1.398110E-04
1   1     6.000  3.000  0.000   -0.004643   4.947200E-04  -1.488370E-05   1.830849E-04
1   1     6.000  6.000  5.000    0.010735  -3.718670E-04   3.877520E-05  -1.398110E-04
1   1    -7.000 -4.000 -4.000    0.001128  -1.489630E-04   1.637450E-05  -5.399879E-05
1   1    -7.000 -3.000 -3.000    0.001128  -1.489630E-04   1.637450E-05  -5.399879E-05
1   1    -6.000 -6.000 -3.000   -0.004643   4.947200E-04  -1.488370E-05   1.830849E-04
1   1    -6.000 -5.000 -6.000    0.010735  -3.718670E-04   3.877520E-05  -1.398110E-04
1   1    -4.000 -7.000 -4.000    0.001128  -1.489630E-04   1.637450E-05  -5.399879E-05
1   1    -4.000 -4.000 -7.000    0.001128  -1.489630E-04   1.637450E-05  -5.399879E-05
1   1    -4.000  0.000  3.000    0.001128  -1.489630E-04   1.637450E-05  -5.399879E-05
1   1    -4.000  3.000  0.000    0.001128  -1.489630E-04   1.637450E-05  -5.399879E-05
1   1    -3.000 -7.000 -3.000    0.001128  -1.489630E-04   1.637450E-05  -5.399879E-05
1   1    -3.000 -3.000 -7.000    0.001128  -1.489630E-04   1.637450E-05  -5.399879E-05
1   1    -3.000  0.000  4.000    0.001128  -1.489630E-04   1.637450E-05  -5.399879E-05
1   1    -3.000  4.000  0.000    0.001128  -1.489630E-04   1.637450E-05  -5.399879E-05
1   1    -1.000 -6.000  0.000    0.010735  -3.718670E-04   3.877520E-05  -1.398110E-04
1   1    -1.000 -1.000  5.000    0.010735  -3.718670E-04   3.877520E-05  -1.398110E-04
1   1    -1.000  0.000 -6.000    0.010735  -3.718670E-04   3.877520E-05  -1.398110E-04
1   1     0.000 -4.000  3.000    0.001128  -1.489630E-04   1.637450E-05  -5.399879E-05
1   1     0.000 -3.000  4.000    0.001128  -1.489630E-04   1.637450E-05  -5.399879E-05
1   1     0.000 -1.000 -6.000    0.010735  -3.718670E-04   3.877520E-05  -1.398110E-04
1   1     0.000  1.000  6.000    0.010735  -3.718670E-04   3.877520E-05  -1.398110E-04
1   1     0.000  3.000 -4.000    0.001128  -1.489630E-04   1.637450E-05  -5.399879E-05
1   1     0.000  4.000 -3.000    0.001128  -1.489630E-04   1.637450E-05  -5.399879E-05
1   1     1.000  0.000  6.000    0.010735  -3.718670E-04   3.877520E-05  -1.398110E-04
1   1     1.000  1.000 -5.000    0.010735  -3.718670E-04   3.877520E-05  -1.398110E-04
1   1     1.000  6.000  0.000    0.010735  -3.718670E-04   3.877520E-05  -1.398110E-04
1   1     3.000 -4.000  0.000    0.001128  -1.489630E-04   1.637450E-05  -5.399879E-05
1   1     3.000  0.000 -4.000    0.001128  -1.489630E-04   1.637450E-05  -5.399879E-05
1   1     3.000  3.000  7.000    0.001128  -1.489630E-04   1.637450E-05  -5.399879E-05
1   1     3.000  7.000  3.000    0.001128  -1.489630E-04   1.637450E-05  -5.399879E-05
1   1     4.000 -3.000  0.000    0.001128  -1.489630E-04   1.637450E-05  -5.399879E-05
1   1     4.000  0.000 -3.000    0.001128  -1.489630E-04   1.637450E-05  -5.399879E-05
1   1     4.000  4.000  7.000    0.001128  -1.489630E-04   1.637450E-05  -5.399879E-05
1   1     4.000  7.000  4.000    0.001128  -1.489630E-04   1.637450E-05  -5.399879E-05
1   1     6.000  5.000  6.000    0.010735  -3.718670E-04   3.877520E-05  -1.398110E-04
1   1     6.000  6.000  3.000   -0.004643   4.947200E-04  -1.488370E-05   1.830849E-04
1   1     7.000  3.000  3.000    0.001128  -1.489630E-04   1.637450E-05  -5.399879E-05
1   1     7.000  4.000  4.000    0.001128  -1.489630E-04   1.637450E-05  -5.399879E-05
1   1    -6.000 -3.000 -6.000   -0.004643   4.947200E-04  -1.488370E-05   1.830849E-04
1   1    -5.000 -6.000 -6.000    0.010735  -3.718670E-04   3.877520E-05  -1.398110E-04
1   1    -5.000  1.000  1.000    0.010735  -3.718670E-04   3.877520E-05  -1.398110E-04
1   1    -3.000 -6.000 -6.000   -0.004643   4.947200E-04  -1.488370E-05   1.830849E-04
1   1    -3.000 -6.000  0.000   -0.004643   4.947200E-04  -1.488370E-05   1.830849E-04
1   1    -3.000  0.000 -6.000   -0.004643   4.947200E-04  -1.488370E-05   1.830849E-04
1   1     0.000 -3.000 -6.000   -0.004643   4.947200E-04  -1.488370E-05   1.830849E-04
1   1     0.000  3.000  6.000   -0.004643   4.947200E-04  -1.488370E-05   1.830849E-04
1   1     3.000  0.000  6.000   -0.004643   4.947200E-04  -1.488370E-05   1.830849E-04
1   1     3.000  6.000  0.000   -0.004643   4.947200E-04  -1.488370E-05   1.830849E-04
1   1     3.000  6.000  6.000   -0.004643   4.947200E-04  -1.488370E-05   1.830849E-04
1   1     5.000 -1.000 -1.000    0.010735  -3.718670E-04   3.877520E-05  -1.398110E-04
1   1     5.000  6.000  6.000    0.010735  -3.718670E-04   3.877520E-05  -1.398110E-04
1   1     6.000  3.000  6.000   -0.004643   4.947200E-04  -1.488370E-05   1.830849E-04
1   1    -7.000 -4.000 -3.000   -0.000018  -1.278440E-04  -5.329740E-06  -4.350906E-05
1   1    -7.000 -3.000 -4.000   -0.000018  -1.278440E-04  -5.329740E-06  -4.350906E-05
1   1    -4.000 -7.000 -3.000   -0.000018  -1.278440E-04  -5.329740E-06  -4.350906E-05
1   1    -4.000 -3.000 -7.000   -0.000018  -1.278440E-04  -5.329740E-06  -4.350906E-05
1   1    -4.000 -1.000  3.000   -0.000018  -1.278440E-04  -5.329740E-06  -4.350906E-05
1   1    -4.000  3.000 -1.000   -0.000018  -1.278440E-04  -5.329740E-06  -4.350906E-05
1   1    -3.000 -7.000 -4.000   -0.000018  -1.278440E-04  -5.329740E-06  -4.350906E-05
1   1    -3.000 -4.000 -7.000   -0.000018  -1.278440E-04  -5.329740E-06  -4.350906E-05
1   1    -3.000  1.000  4.000   -0.000018  -1.278440E-04  -5.329740E-06  -4.350906E-05
1   1    -3.000  4.000  1.000   -0.000018  -1.278440E-04  -5.329740E-06  -4.350906E-05
1   1    -1.000 -4.000  3.000   -0.000018  -1.278440E-04  -5.329740E-06  -4.350906E-05
1   1    -1.000  3.000 -4.000   -0.000018  -1.278440E-04  -5.329740E-06  -4.350906E-05
1   1     1.000 -3.000  4.000   -0.000018  -1.278440E-04  -5.329740E-06  -4.350906E-05
1   1     1.000  4.000 -3.000   -0.000018  -1.278440E-04  -5.329740E-06  -4.350906E-05
1   1     3.000 -4.000 -1.000   -0.000018  -1.278440E-04  -5.329740E-06  -4.350906E-05
1   1     3.000 -1.000 -4.000   -0.000018  -1.278440E-04  -5.329740E-06  -4.350906E-05
1   1     3.000  4.000  7.000   -0.000018  -1.278440E-04  -5.329740E-06  -4.350906E-05
1   1     3.000  7.000  4.000   -0.000018  -1.278440E-04  -5.329740E-06  -4.350906E-05
1   1     4.000 -3.000  1.000   -0.000018  -1.278440E-04  -5.329740E-06  -4.350906E-05
1   1     4.000  1.000 -3.000   -0.000018  -1.278440E-04  -5.329740E-06  -4.350906E-05
1   1     4.000  3.000  7.000   -0.000018  -1.278440E-04  -5.329740E-06  -4.350906E-05
1   1     4.000  7.000  3.000   -0.000018  -1.278440E-04  -5.329740E-06  -4.350906E-05
1   1     7.000  3.000  4.000   -0.000018  -1.278440E-04  -5.329740E-06  -4.350906E-05
1   1     7.000  4.000  3.000   -0.000018  -1.278440E-04  -5.329740E-06  -4.350906E-05
1   1    -5.000 -5.000  0.000   -0.003727   1.672770E-03   3.118880E-05   4.912388E-04
1   1    -5.000  0.000 -5.000   -0.003727   1.672770E-03   3.118880E-05   4.912388E-04
1   1     0.000 -5.000 -5.000   -0.003727   1.672770E-03   3.118880E-05   4.912388E-04
1   1     0.000  5.000  5.000   -0.003727   1.672770E-03   3.118880E-05   4.912388E-04
1   1     5.000  0.000  5.000   -0.003727   1.672770E-03   3.118880E-05   4.912388E-04
1   1     5.000  5.000  0.000   -0.003727   1.672770E-03   3.118880E-05   4.912388E-04
