i    j    dx   dy   dz        Jij             χ⁰↑             χ⁰↓
2    1    0    0    0   -0.283522    0.699866E-02    0.699799E-02
2    1    0    0    1   -0.283522    0.699866E-02    0.699799E-02
2    1    0    1    0   -0.283522    0.699866E-02    0.699799E-02
2    1    0    1    1   -0.283522    0.699866E-02    0.699799E-02
2    1    1    0    0   -0.283522    0.699866E-02    0.699799E-02
2    1    1    0    1   -0.283522    0.699866E-02    0.699799E-02
2    1    1    1    0   -0.283522    0.699866E-02    0.699799E-02
2    1    1    1    1   -0.283522    0.699866E-02    0.699799E-02
2    2   -1    0    0    0.034536    0.253937E-02   -0.823013E-03
2    2    0   -1    0    0.034536    0.253937E-02   -0.823013E-03
2    2    0    0    1    0.034536    0.253937E-02   -0.823013E-03
2    2    0    0   -1    0.034536    0.253937E-02   -0.823013E-03
2    2    0    1    0    0.034536    0.253937E-02   -0.823013E-03
2    2    1    0    0    0.034536    0.253937E-02   -0.823013E-03
2    2   -1   -1    0   -0.011388   -0.683284E-03   -0.824953E-03
2    2   -1    0    1   -0.011388   -0.683284E-03   -0.824953E-03
2    2    0   -1    1   -0.011388   -0.683284E-03   -0.824953E-03
2    2   -1    0   -1   -0.011388   -0.683284E-03   -0.824953E-03
2    2   -1    1    0   -0.011388   -0.683284E-03   -0.824953E-03
2    2    0   -1   -1   -0.011388   -0.683284E-03   -0.824953E-03
2    2    0    1    1   -0.011388   -0.683284E-03   -0.824953E-03
2    2    1   -1    0   -0.011388   -0.683284E-03   -0.824953E-03
2    2    1    0    1   -0.011388   -0.683284E-03   -0.824953E-03
2    2    0    1   -1   -0.011388   -0.683284E-03   -0.824953E-03
2    2    1    0   -1   -0.011388   -0.683284E-03   -0.824953E-03
2    2    1    1    0   -0.011388   -0.683284E-03   -0.824953E-03
2    1   -1    0    0   -0.014831   -0.248296E-02   -0.248332E-02
2    1   -1    0    1   -0.014831   -0.248296E-02   -0.248332E-02
2    1   -1    1    0   -0.014831   -0.248296E-02   -0.248332E-02
2    1   -1    1    1   -0.014831   -0.248296E-02   -0.248332E-02
2    1    0   -1    0   -0.014831   -0.248296E-02   -0.248332E-02
2    1    0   -1    1   -0.014831   -0.248296E-02   -0.248332E-02
2    1    0    2    0   -0.014831   -0.248296E-02   -0.248332E-02
2    1    0    2    1   -0.014831   -0.248296E-02   -0.248332E-02
2    1    1   -1    0   -0.014831   -0.248296E-02   -0.248332E-02
2    1    1   -1    1   -0.014831   -0.248296E-02   -0.248332E-02
2    1    1    2    0   -0.014831   -0.248296E-02   -0.248332E-02
2    1    1    2    1   -0.014831   -0.248296E-02   -0.248332E-02
2    1    2    0    0   -0.014831   -0.248296E-02   -0.248332E-02
2    1    2    0    1   -0.014831   -0.248296E-02   -0.248332E-02
2    1    2    1    0   -0.014831   -0.248296E-02   -0.248332E-02
2    1    2    1    1   -0.014831   -0.248296E-02   -0.248332E-02
2    1    0    0   -1   -0.014831   -0.248296E-02   -0.248332E-02
2    1    0    0    2   -0.014831   -0.248296E-02   -0.248332E-02
2    1    0    1   -1   -0.014831   -0.248296E-02   -0.248332E-02
2    1    0    1    2   -0.014831   -0.248296E-02   -0.248332E-02
2    1    1    0   -1   -0.014831   -0.248296E-02   -0.248332E-02
2    1    1    0    2   -0.014831   -0.248296E-02   -0.248332E-02
2    1    1    1   -1   -0.014831   -0.248296E-02   -0.248332E-02
2    1    1    1    2   -0.014831   -0.248296E-02   -0.248332E-02
2    2   -1   -1   -1    0.023303   -0.818042E-03    0.317981E-02
2    2   -1   -1    1    0.023303   -0.818042E-03    0.317981E-02
2    2   -1    1    1    0.023303   -0.818042E-03    0.317981E-02
2    2    1   -1    1    0.023303   -0.818042E-03    0.317981E-02
2    2   -1    1   -1    0.023303   -0.818042E-03    0.317981E-02
2    2    1   -1   -1    0.023303   -0.818042E-03    0.317981E-02
2    2    1    1   -1    0.023303   -0.818042E-03    0.317981E-02
2    2    1    1    1    0.023303   -0.818042E-03    0.317981E-02
2    2   -2    0    0    0.005528    0.123424E-02    0.411952E-02
2    2    0   -2    0    0.005528    0.123424E-02    0.411952E-02
2    2    0    0   -2    0.005528    0.123424E-02    0.411952E-02
2    2    0    0    2    0.005528    0.123424E-02    0.411952E-02
2    2    0    2    0    0.005528    0.123424E-02    0.411952E-02
2    2    2    0    0    0.005528    0.123424E-02    0.411952E-02
2    1   -1   -1    0    0.000948   -0.106051E-03   -0.105983E-03
2    1   -1   -1    1    0.000948   -0.106051E-03   -0.105983E-03
2    1   -1    0   -1    0.000948   -0.106051E-03   -0.105983E-03
2    1   -1    0    2    0.000948   -0.106051E-03   -0.105983E-03
2    1   -1    1   -1    0.000948   -0.106051E-03   -0.105983E-03
2    1   -1    1    2    0.000948   -0.106051E-03   -0.105983E-03
2    1   -1    2    0    0.000948   -0.106051E-03   -0.105983E-03
2    1   -1    2    1    0.000948   -0.106051E-03   -0.105983E-03
2    1    0   -1   -1    0.000948   -0.106051E-03   -0.105983E-03
2    1    0   -1    2    0.000948   -0.106051E-03   -0.105983E-03
2    1    0    2   -1    0.000948   -0.106051E-03   -0.105983E-03
2    1    0    2    2    0.000948   -0.106051E-03   -0.105983E-03
2    1    1   -1   -1    0.000948   -0.106051E-03   -0.105983E-03
2    1    1   -1    2    0.000948   -0.106051E-03   -0.105983E-03
2    1    1    2   -1    0.000948   -0.106051E-03   -0.105983E-03
2    1    1    2    2    0.000948   -0.106051E-03   -0.105983E-03
2    1    2   -1    0    0.000948   -0.106051E-03   -0.105983E-03
2    1    2   -1    1    0.000948   -0.106051E-03   -0.105983E-03
2    1    2    0   -1    0.000948   -0.106051E-03   -0.105983E-03
2    1    2    0    2    0.000948   -0.106051E-03   -0.105983E-03
2    1    2    1   -1    0.000948   -0.106051E-03   -0.105983E-03
2    1    2    1    2    0.000948   -0.106051E-03   -0.105983E-03
2    1    2    2    0    0.000948   -0.106051E-03   -0.105983E-03
2    1    2    2    1    0.000948   -0.106051E-03   -0.105983E-03
2    2   -2   -1    0   -0.000670    0.201431E-02   -0.133576E-02
2    2   -2    0   -1   -0.000670    0.201431E-02   -0.133576E-02
2    2   -2    0    1   -0.000670    0.201431E-02   -0.133576E-02
2    2   -2    1    0   -0.000670    0.201431E-02   -0.133576E-02
2    2   -1   -2    0   -0.000670    0.201431E-02   -0.133576E-02
2    2   -1    0   -2   -0.000670    0.201431E-02   -0.133576E-02
2    2   -1    0    2   -0.000670    0.201431E-02   -0.133576E-02
2    2   -1    2    0   -0.000670    0.201431E-02   -0.133576E-02
2    2    0   -2   -1   -0.000670    0.201431E-02   -0.133576E-02
2    2    0   -2    1   -0.000670    0.201431E-02   -0.133576E-02
2    2    0   -1   -2   -0.000670    0.201431E-02   -0.133576E-02
2    2    0   -1    2   -0.000670    0.201431E-02   -0.133576E-02
2    2    0    1   -2   -0.000670    0.201431E-02   -0.133576E-02
2    2    0    1    2   -0.000670    0.201431E-02   -0.133576E-02
2    2    0    2   -1   -0.000670    0.201431E-02   -0.133576E-02
2    2    0    2    1   -0.000670    0.201431E-02   -0.133576E-02
2    2    1   -2    0   -0.000670    0.201431E-02   -0.133576E-02
2    2    1    0   -2   -0.000670    0.201431E-02   -0.133576E-02
2    2    1    0    2   -0.000670    0.201431E-02   -0.133576E-02
2    2    1    2    0   -0.000670    0.201431E-02   -0.133576E-02
2    2    2   -1    0   -0.000670    0.201431E-02   -0.133576E-02
2    2    2    0   -1   -0.000670    0.201431E-02   -0.133576E-02
2    2    2    0    1   -0.000670    0.201431E-02   -0.133576E-02
2    2    2    1    0   -0.000670    0.201431E-02   -0.133576E-02
2    2   -2   -1   -1    0.007165    0.180733E-02    0.853973E-03
2    2   -2   -1    1    0.007165    0.180733E-02    0.853973E-03
2    2   -2    1   -1    0.007165    0.180733E-02    0.853973E-03
2    2   -2    1    1    0.007165    0.180733E-02    0.853973E-03
2    2   -1   -2   -1    0.007165    0.180733E-02    0.853973E-03
2    2   -1   -2    1    0.007165    0.180733E-02    0.853973E-03
2    2   -1   -1   -2    0.007165    0.180733E-02    0.853973E-03
2    2   -1   -1    2    0.007165    0.180733E-02    0.853973E-03
2    2   -1    1   -2    0.007165    0.180733E-02    0.853973E-03
2    2   -1    1    2    0.007165    0.180733E-02    0.853973E-03
2    2   -1    2   -1    0.007165    0.180733E-02    0.853973E-03
2    2   -1    2    1    0.007165    0.180733E-02    0.853973E-03
2    2    1   -2   -1    0.007165    0.180733E-02    0.853973E-03
2    2    1   -2    1    0.007165    0.180733E-02    0.853973E-03
2    2    1   -1   -2    0.007165    0.180733E-02    0.853973E-03
2    2    1   -1    2    0.007165    0.180733E-02    0.853973E-03
2    2    1    1   -2    0.007165    0.180733E-02    0.853973E-03
2    2    1    1    2    0.007165    0.180733E-02    0.853973E-03
2    2    1    2   -1    0.007165    0.180733E-02    0.853973E-03
2    2    1    2    1    0.007165    0.180733E-02    0.853973E-03
2    2    2   -1   -1    0.007165    0.180733E-02    0.853973E-03
2    2    2   -1    1    0.007165    0.180733E-02    0.853973E-03
2    2    2    1   -1    0.007165    0.180733E-02    0.853973E-03
2    2    2    1    1    0.007165    0.180733E-02    0.853973E-03
2    1   -2    0    0   -0.000504   -0.258768E-03   -0.258709E-03
2    1   -2    0    1   -0.000504   -0.258768E-03   -0.258709E-03
2    1   -2    1    0   -0.000504   -0.258768E-03   -0.258709E-03
2    1   -2    1    1   -0.000504   -0.258768E-03   -0.258709E-03
2    1   -1   -1   -1   -0.006276    0.359609E-03    0.359702E-03
2    1   -1   -1    2   -0.006276    0.359609E-03    0.359702E-03
2    1   -1    2   -1   -0.006276    0.359609E-03    0.359702E-03
2    1   -1    2    2   -0.006276    0.359609E-03    0.359702E-03
2    1    0   -2    0   -0.000504   -0.258768E-03   -0.258709E-03
2    1    0   -2    1   -0.000504   -0.258768E-03   -0.258709E-03
2    1    0    0   -2   -0.000504   -0.258768E-03   -0.258709E-03
2    1    0    1   -2   -0.000504   -0.258768E-03   -0.258709E-03
2    1    1   -2    0   -0.000504   -0.258768E-03   -0.258709E-03
2    1    1   -2    1   -0.000504   -0.258768E-03   -0.258709E-03
2    1    1    0   -2   -0.000504   -0.258768E-03   -0.258709E-03
2    1    1    1   -2   -0.000504   -0.258768E-03   -0.258709E-03
2    1    2   -1   -1   -0.006276    0.359609E-03    0.359702E-03
2    1    2   -1    2   -0.006276    0.359609E-03    0.359702E-03
2    1    2    2   -1   -0.006276    0.359609E-03    0.359702E-03
2    1    2    2    2   -0.006276    0.359609E-03    0.359702E-03
2    1    0    0    3   -0.000504   -0.258768E-03   -0.258709E-03
2    1    0    1    3   -0.000504   -0.258768E-03   -0.258709E-03
2    1    0    3    0   -0.000504   -0.258768E-03   -0.258709E-03
2    1    0    3    1   -0.000504   -0.258768E-03   -0.258709E-03
2    1    1    0    3   -0.000504   -0.258768E-03   -0.258709E-03
2    1    1    1    3   -0.000504   -0.258768E-03   -0.258709E-03
2    1    1    3    0   -0.000504   -0.258768E-03   -0.258709E-03
2    1    1    3    1   -0.000504   -0.258768E-03   -0.258709E-03
2    1    3    0    0   -0.000504   -0.258768E-03   -0.258709E-03
2    1    3    0    1   -0.000504   -0.258768E-03   -0.258709E-03
2    1    3    1    0   -0.000504   -0.258768E-03   -0.258709E-03
2    1    3    1    1   -0.000504   -0.258768E-03   -0.258709E-03
2    2   -2   -2    0   -0.001806   -0.401081E-04    0.222758E-03
2    2   -2    0   -2   -0.001806   -0.401081E-04    0.222758E-03
2    2   -2    0    2   -0.001806   -0.401081E-04    0.222758E-03
2    2   -2    2    0   -0.001806   -0.401081E-04    0.222758E-03
2    2    0   -2   -2   -0.001806   -0.401081E-04    0.222758E-03
2    2    0   -2    2   -0.001806   -0.401081E-04    0.222758E-03
2    2    0    2   -2   -0.001806   -0.401081E-04    0.222758E-03
2    2    0    2    2   -0.001806   -0.401081E-04    0.222758E-03
2    2    2   -2    0   -0.001806   -0.401081E-04    0.222758E-03
2    2    2    0   -2   -0.001806   -0.401081E-04    0.222758E-03
2    2    2    0    2   -0.001806   -0.401081E-04    0.222758E-03
2    2    2    2    0   -0.001806   -0.401081E-04    0.222758E-03
2    1   -2   -1    0   -0.000452    0.197067E-03    0.197073E-03
2    1   -2   -1    1   -0.000452    0.197067E-03    0.197073E-03
2    1   -2    0   -1   -0.000452    0.197067E-03    0.197073E-03
2    1   -2    0    2   -0.000452    0.197067E-03    0.197073E-03
2    1   -2    1   -1   -0.000452    0.197067E-03    0.197073E-03
2    1   -2    1    2   -0.000452    0.197067E-03    0.197073E-03
2    1   -2    2    0   -0.000452    0.197067E-03    0.197073E-03
2    1   -2    2    1   -0.000452    0.197067E-03    0.197073E-03
2    1   -1   -2    0   -0.000452    0.197067E-03    0.197073E-03
2    1   -1   -2    1   -0.000452    0.197067E-03    0.197073E-03
2    1   -1    0   -2   -0.000452    0.197067E-03    0.197073E-03
2    1   -1    1   -2   -0.000452    0.197067E-03    0.197073E-03
2    1    0   -2   -1   -0.000452    0.197067E-03    0.197073E-03
2    1    0   -2    2   -0.000452    0.197067E-03    0.197073E-03
2    1    0   -1   -2   -0.000452    0.197067E-03    0.197073E-03
2    1    0    2   -2   -0.000452    0.197067E-03    0.197073E-03
2    1    1   -2   -1   -0.000452    0.197067E-03    0.197073E-03
2    1    1   -2    2   -0.000452    0.197067E-03    0.197073E-03
2    1    1   -1   -2   -0.000452    0.197067E-03    0.197073E-03
2    1    1    2   -2   -0.000452    0.197067E-03    0.197073E-03
2    1    2   -2    0   -0.000452    0.197067E-03    0.197073E-03
2    1    2   -2    1   -0.000452    0.197067E-03    0.197073E-03
2    1    2    0   -2   -0.000452    0.197067E-03    0.197073E-03
2    1    2    1   -2   -0.000452    0.197067E-03    0.197073E-03
2    1   -1    0    3   -0.000452    0.197067E-03    0.197073E-03
2    1   -1    1    3   -0.000452    0.197067E-03    0.197073E-03
2    1   -1    3    0   -0.000452    0.197067E-03    0.197073E-03
2    1   -1    3    1   -0.000452    0.197067E-03    0.197073E-03
2    1    0   -1    3   -0.000452    0.197067E-03    0.197073E-03
2    1    0    2    3   -0.000452    0.197067E-03    0.197073E-03
2    1    0    3   -1   -0.000452    0.197067E-03    0.197073E-03
2    1    0    3    2   -0.000452    0.197067E-03    0.197073E-03
2    1    1   -1    3   -0.000452    0.197067E-03    0.197073E-03
2    1    1    2    3   -0.000452    0.197067E-03    0.197073E-03
2    1    1    3   -1   -0.000452    0.197067E-03    0.197073E-03
2    1    1    3    2   -0.000452    0.197067E-03    0.197073E-03
2    1    2    0    3   -0.000452    0.197067E-03    0.197073E-03
2    1    2    1    3   -0.000452    0.197067E-03    0.197073E-03
2    1    2    3    0   -0.000452    0.197067E-03    0.197073E-03
2    1    2    3    1   -0.000452    0.197067E-03    0.197073E-03
2    1    3   -1    0   -0.000452    0.197067E-03    0.197073E-03
2    1    3   -1    1   -0.000452    0.197067E-03    0.197073E-03
2    1    3    0   -1   -0.000452    0.197067E-03    0.197073E-03
2    1    3    0    2   -0.000452    0.197067E-03    0.197073E-03
2    1    3    1   -1   -0.000452    0.197067E-03    0.197073E-03
2    1    3    1    2   -0.000452    0.197067E-03    0.197073E-03
2    1    3    2    0   -0.000452    0.197067E-03    0.197073E-03
2    1    3    2    1   -0.000452    0.197067E-03    0.197073E-03
2    2   -3    0    0   -0.001726    0.314073E-03   -0.626781E-03
2    2   -2   -2   -1   -0.001347   -0.162129E-03    0.817571E-05
2    2   -2   -2    1   -0.001347   -0.162129E-03    0.817571E-05
2    2   -2   -1   -2   -0.001347   -0.162129E-03    0.817571E-05
2    2   -2   -1    2   -0.001347   -0.162129E-03    0.817571E-05
2    2   -2    1   -2   -0.001347   -0.162129E-03    0.817571E-05
2    2   -2    1    2   -0.001347   -0.162129E-03    0.817571E-05
2    2   -2    2   -1   -0.001347   -0.162129E-03    0.817571E-05
2    2   -2    2    1   -0.001347   -0.162129E-03    0.817571E-05
2    2   -1   -2   -2   -0.001347   -0.162129E-03    0.817571E-05
2    2   -1   -2    2   -0.001347   -0.162129E-03    0.817571E-05
2    2   -1    2   -2   -0.001347   -0.162129E-03    0.817571E-05
2    2   -1    2    2   -0.001347   -0.162129E-03    0.817571E-05
2    2    0   -3    0   -0.001726    0.314073E-03   -0.626781E-03
2    2    0    0    3   -0.001726    0.314073E-03   -0.626781E-03
2    2    1   -2   -2   -0.001347   -0.162129E-03    0.817571E-05
2    2    1   -2    2   -0.001347   -0.162129E-03    0.817571E-05
2    2    1    2   -2   -0.001347   -0.162129E-03    0.817571E-05
2    2    1    2    2   -0.001347   -0.162129E-03    0.817571E-05
2    2    2   -2   -1   -0.001347   -0.162129E-03    0.817571E-05
2    2    2   -2    1   -0.001347   -0.162129E-03    0.817571E-05
2    2    2   -1   -2   -0.001347   -0.162129E-03    0.817571E-05
2    2    2   -1    2   -0.001347   -0.162129E-03    0.817571E-05
2    2    2    1   -2   -0.001347   -0.162129E-03    0.817571E-05
2    2    2    1    2   -0.001347   -0.162129E-03    0.817571E-05
2    2    2    2   -1   -0.001347   -0.162129E-03    0.817571E-05
2    2    2    2    1   -0.001347   -0.162129E-03    0.817571E-05
2    2    0    0   -3   -0.001726    0.314073E-03   -0.626781E-03
2    2    0    3    0   -0.001726    0.314073E-03   -0.626781E-03
2    2    3    0    0   -0.001726    0.314073E-03   -0.626781E-03
2    2   -3   -1    0   -0.000645    0.147649E-03   -0.311441E-04
2    2   -3    0    1   -0.000645    0.147649E-03   -0.311441E-04
2    2   -3    1    0   -0.000645    0.147649E-03   -0.311441E-04
2    2   -1   -3    0   -0.000645    0.147649E-03   -0.311441E-04
2    2   -1    0    3   -0.000645    0.147649E-03   -0.311441E-04
2    2    0   -3    1   -0.000645    0.147649E-03   -0.311441E-04
2    2    0   -1    3   -0.000645    0.147649E-03   -0.311441E-04
2    2    0    1    3   -0.000645    0.147649E-03   -0.311441E-04
2    2    1    0    3   -0.000645    0.147649E-03   -0.311441E-04
2    2   -3    0   -1   -0.000645    0.147649E-03   -0.311441E-04
2    2   -1    0   -3   -0.000645    0.147649E-03   -0.311441E-04
2    2   -1    3    0   -0.000645    0.147649E-03   -0.311441E-04
2    2    0   -3   -1   -0.000645    0.147649E-03   -0.311441E-04
2    2    0   -1   -3   -0.000645    0.147649E-03   -0.311441E-04
2    2    0    1   -3   -0.000645    0.147649E-03   -0.311441E-04
2    2    0    3   -1   -0.000645    0.147649E-03   -0.311441E-04
2    2    0    3    1   -0.000645    0.147649E-03   -0.311441E-04
2    2    1   -3    0   -0.000645    0.147649E-03   -0.311441E-04
2    2    1    0   -3   -0.000645    0.147649E-03   -0.311441E-04
2    2    1    3    0   -0.000645    0.147649E-03   -0.311441E-04
2    2    3   -1    0   -0.000645    0.147649E-03   -0.311441E-04
2    2    3    0   -1   -0.000645    0.147649E-03   -0.311441E-04
2    2    3    0    1   -0.000645    0.147649E-03   -0.311441E-04
2    2    3    1    0   -0.000645    0.147649E-03   -0.311441E-04
2    1   -2   -1   -1   -0.002601   -0.182835E-03   -0.182886E-03
2    1   -2   -1    2   -0.002601   -0.182835E-03   -0.182886E-03
2    1   -2    2   -1   -0.002601   -0.182835E-03   -0.182886E-03
2    1   -2    2    2   -0.002601   -0.182835E-03   -0.182886E-03
2    1   -1   -2   -1   -0.002601   -0.182835E-03   -0.182886E-03
2    1   -1   -2    2   -0.002601   -0.182835E-03   -0.182886E-03
2    1   -1   -1   -2   -0.002601   -0.182835E-03   -0.182886E-03
2    1   -1   -1    3   -0.002601   -0.182835E-03   -0.182886E-03
2    1   -1    2   -2   -0.002601   -0.182835E-03   -0.182886E-03
2    1   -1    2    3   -0.002601   -0.182835E-03   -0.182886E-03
2    1   -1    3   -1   -0.002601   -0.182835E-03   -0.182886E-03
2    1   -1    3    2   -0.002601   -0.182835E-03   -0.182886E-03
2    1    2   -2   -1   -0.002601   -0.182835E-03   -0.182886E-03
2    1    2   -2    2   -0.002601   -0.182835E-03   -0.182886E-03
2    1    2   -1   -2   -0.002601   -0.182835E-03   -0.182886E-03
2    1    2   -1    3   -0.002601   -0.182835E-03   -0.182886E-03
2    1    2    2   -2   -0.002601   -0.182835E-03   -0.182886E-03
2    1    2    2    3   -0.002601   -0.182835E-03   -0.182886E-03
2    1    2    3   -1   -0.002601   -0.182835E-03   -0.182886E-03
2    1    2    3    2   -0.002601   -0.182835E-03   -0.182886E-03
2    1    3   -1   -1   -0.002601   -0.182835E-03   -0.182886E-03
2    1    3   -1    2   -0.002601   -0.182835E-03   -0.182886E-03
2    1    3    2   -1   -0.002601   -0.182835E-03   -0.182886E-03
2    1    3    2    2   -0.002601   -0.182835E-03   -0.182886E-03
2    2   -3   -1    1    0.000716   -0.625361E-04    0.137287E-03
2    2   -3    1    1    0.000716   -0.625361E-04    0.137287E-03
2    2   -1   -3    1    0.000716   -0.625361E-04    0.137287E-03
2    2   -3   -1   -1    0.000716   -0.625361E-04    0.137287E-03
2    2   -3    1   -1    0.000716   -0.625361E-04    0.137287E-03
2    2   -1   -3   -1    0.000716   -0.625361E-04    0.137287E-03
2    2   -1   -1   -3    0.000716   -0.625361E-04    0.137287E-03
2    2   -1   -1    3    0.000716   -0.625361E-04    0.137287E-03
2    2   -1    1   -3    0.000716   -0.625361E-04    0.137287E-03
2    2   -1    1    3    0.000716   -0.625361E-04    0.137287E-03
2    2   -1    3   -1    0.000716   -0.625361E-04    0.137287E-03
2    2   -1    3    1    0.000716   -0.625361E-04    0.137287E-03
2    2    1   -3   -1    0.000716   -0.625361E-04    0.137287E-03
2    2    1   -3    1    0.000716   -0.625361E-04    0.137287E-03
2    2    1   -1   -3    0.000716   -0.625361E-04    0.137287E-03
2    2    1   -1    3    0.000716   -0.625361E-04    0.137287E-03
2    2    1    1   -3    0.000716   -0.625361E-04    0.137287E-03
2    2    1    1    3    0.000716   -0.625361E-04    0.137287E-03
2    2    1    3   -1    0.000716   -0.625361E-04    0.137287E-03
2    2    1    3    1    0.000716   -0.625361E-04    0.137287E-03
2    2    3   -1   -1    0.000716   -0.625361E-04    0.137287E-03
2    2    3   -1    1    0.000716   -0.625361E-04    0.137287E-03
2    2    3    1   -1    0.000716   -0.625361E-04    0.137287E-03
2    2    3    1    1    0.000716   -0.625361E-04    0.137287E-03
2    2   -2   -2   -2    0.003457   -0.148349E-04   -0.912686E-04
2    2   -2   -2    2    0.003457   -0.148349E-04   -0.912686E-04
2    2   -2    2   -2    0.003457   -0.148349E-04   -0.912686E-04
2    2   -2    2    2    0.003457   -0.148349E-04   -0.912686E-04
2    2    2   -2   -2    0.003457   -0.148349E-04   -0.912686E-04
2    2    2   -2    2    0.003457   -0.148349E-04   -0.912686E-04
2    2    2    2   -2    0.003457   -0.148349E-04   -0.912686E-04
2    2    2    2    2    0.003457   -0.148349E-04   -0.912686E-04
2    1   -2   -2    0   -0.000014   -0.202737E-04   -0.202382E-04
2    1   -2   -2    1   -0.000014   -0.202737E-04   -0.202382E-04
2    1   -2    0   -2   -0.000014   -0.202737E-04   -0.202382E-04
2    1   -2    1   -2   -0.000014   -0.202737E-04   -0.202382E-04
2    1   -2    3    0   -0.000014   -0.202737E-04   -0.202382E-04
2    1   -2    3    1   -0.000014   -0.202737E-04   -0.202382E-04
2    1    0   -2   -2   -0.000014   -0.202737E-04   -0.202382E-04
2    1    0    0    4    0.000111   -0.806446E-05   -0.806753E-05
2    1    0    1    4    0.000111   -0.806446E-05   -0.806753E-05
2    1    0    4    0    0.000111   -0.806446E-05   -0.806753E-05
2    1    0    4    1    0.000111   -0.806446E-05   -0.806753E-05
2    1    1   -2   -2   -0.000014   -0.202737E-04   -0.202382E-04
2    1    1    0    4    0.000111   -0.806446E-05   -0.806753E-05
2    1    1    1    4    0.000111   -0.806446E-05   -0.806753E-05
2    1    1    4    0    0.000111   -0.806446E-05   -0.806753E-05
2    1    1    4    1    0.000111   -0.806446E-05   -0.806753E-05
2    1    4    0    0    0.000111   -0.806446E-05   -0.806753E-05
2    1    4    0    1    0.000111   -0.806446E-05   -0.806753E-05
2    1    4    1    0    0.000111   -0.806446E-05   -0.806753E-05
2    1    4    1    1    0.000111   -0.806446E-05   -0.806753E-05
2    1   -3    0    0    0.000111   -0.806446E-05   -0.806753E-05
2    1   -3    0    1    0.000111   -0.806446E-05   -0.806753E-05
2    1   -3    1    0    0.000111   -0.806446E-05   -0.806753E-05
2    1   -3    1    1    0.000111   -0.806446E-05   -0.806753E-05
2    1   -2    0    3   -0.000014   -0.202737E-04   -0.202382E-04
2    1   -2    1    3   -0.000014   -0.202737E-04   -0.202382E-04
2    1    0   -3    0    0.000111   -0.806446E-05   -0.806753E-05
2    1    0   -3    1    0.000111   -0.806446E-05   -0.806753E-05
2    1    0   -2    3   -0.000014   -0.202737E-04   -0.202382E-04
2    1    0    0   -3    0.000111   -0.806446E-05   -0.806753E-05
2    1    0    1   -3    0.000111   -0.806446E-05   -0.806753E-05
2    1    0    3   -2   -0.000014   -0.202737E-04   -0.202382E-04
2    1    0    3    3   -0.000014   -0.202737E-04   -0.202382E-04
2    1    1   -3    0    0.000111   -0.806446E-05   -0.806753E-05
2    1    1   -3    1    0.000111   -0.806446E-05   -0.806753E-05
2    1    1   -2    3   -0.000014   -0.202737E-04   -0.202382E-04
2    1    1    0   -3    0.000111   -0.806446E-05   -0.806753E-05
2    1    1    1   -3    0.000111   -0.806446E-05   -0.806753E-05
2    1    1    3   -2   -0.000014   -0.202737E-04   -0.202382E-04
2    1    1    3    3   -0.000014   -0.202737E-04   -0.202382E-04
2    1    3   -2    0   -0.000014   -0.202737E-04   -0.202382E-04
2    1    3   -2    1   -0.000014   -0.202737E-04   -0.202382E-04
2    1    3    0   -2   -0.000014   -0.202737E-04   -0.202382E-04
2    1    3    0    3   -0.000014   -0.202737E-04   -0.202382E-04
2    1    3    1   -2   -0.000014   -0.202737E-04   -0.202382E-04
2    1    3    1    3   -0.000014   -0.202737E-04   -0.202382E-04
2    1    3    3    0   -0.000014   -0.202737E-04   -0.202382E-04
2    1    3    3    1   -0.000014   -0.202737E-04   -0.202382E-04
2    2   -3   -2    0    0.000510   -0.365625E-03    0.332986E-03
2    2   -3    0   -2    0.000510   -0.365625E-03    0.332986E-03
2    2   -3    0    2    0.000510   -0.365625E-03    0.332986E-03
2    2   -3    2    0    0.000510   -0.365625E-03    0.332986E-03
2    2   -2   -3    0    0.000510   -0.365625E-03    0.332986E-03
2    2   -2    0   -3    0.000510   -0.365625E-03    0.332986E-03
2    2   -2    0    3    0.000510   -0.365625E-03    0.332986E-03
2    2   -2    3    0    0.000510   -0.365625E-03    0.332986E-03
2    2    0   -3   -2    0.000510   -0.365625E-03    0.332986E-03
2    2    0   -3    2    0.000510   -0.365625E-03    0.332986E-03
2    2    0   -2   -3    0.000510   -0.365625E-03    0.332986E-03
2    2    0   -2    3    0.000510   -0.365625E-03    0.332986E-03
2    2    0    2   -3    0.000510   -0.365625E-03    0.332986E-03
2    2    0    2    3    0.000510   -0.365625E-03    0.332986E-03
2    2    0    3   -2    0.000510   -0.365625E-03    0.332986E-03
2    2    0    3    2    0.000510   -0.365625E-03    0.332986E-03
2    2    2   -3    0    0.000510   -0.365625E-03    0.332986E-03
2    2    2    0   -3    0.000510   -0.365625E-03    0.332986E-03
2    2    2    0    3    0.000510   -0.365625E-03    0.332986E-03
2    2    2    3    0    0.000510   -0.365625E-03    0.332986E-03
2    2    3   -2    0    0.000510   -0.365625E-03    0.332986E-03
2    2    3    0   -2    0.000510   -0.365625E-03    0.332986E-03
2    2    3    0    2    0.000510   -0.365625E-03    0.332986E-03
2    2    3    2    0    0.000510   -0.365625E-03    0.332986E-03
2    2   -3   -2   -1    0.000077    0.392558E-04    0.265275E-03
2    2   -3   -2    1    0.000077    0.392558E-04    0.265275E-03
2    2   -3   -1   -2    0.000077    0.392558E-04    0.265275E-03
2    2   -3   -1    2    0.000077    0.392558E-04    0.265275E-03
2    2   -3    1   -2    0.000077    0.392558E-04    0.265275E-03
2    2   -3    1    2    0.000077    0.392558E-04    0.265275E-03
2    2   -3    2   -1    0.000077    0.392558E-04    0.265275E-03
2    2   -3    2    1    0.000077    0.392558E-04    0.265275E-03
2    2   -2   -3   -1    0.000077    0.392558E-04    0.265275E-03
2    2   -2   -3    1    0.000077    0.392558E-04    0.265275E-03
2    2   -2   -1    3    0.000077    0.392558E-04    0.265275E-03
2    2   -2    1    3    0.000077    0.392558E-04    0.265275E-03
2    2   -2    3    1    0.000077    0.392558E-04    0.265275E-03
2    2   -1   -3   -2    0.000077    0.392558E-04    0.265275E-03
2    2   -1   -3    2    0.000077    0.392558E-04    0.265275E-03
2    2   -1   -2    3    0.000077    0.392558E-04    0.265275E-03
2    2   -1    2    3    0.000077    0.392558E-04    0.265275E-03
2    2   -1    3   -2    0.000077    0.392558E-04    0.265275E-03
2    2   -1    3    2    0.000077    0.392558E-04    0.265275E-03
2    2    1   -3   -2    0.000077    0.392558E-04    0.265275E-03
2    2    1   -3    2    0.000077    0.392558E-04    0.265275E-03
2    2    1   -2    3    0.000077    0.392558E-04    0.265275E-03
2    2    1    2    3    0.000077    0.392558E-04    0.265275E-03
2    2    2   -3   -1    0.000077    0.392558E-04    0.265275E-03
2    2    2   -3    1    0.000077    0.392558E-04    0.265275E-03
2    2    2   -1    3    0.000077    0.392558E-04    0.265275E-03
2    2    2    1    3    0.000077    0.392558E-04    0.265275E-03
2    2    2    3    1    0.000077    0.392558E-04    0.265275E-03
2    2    3   -2    1    0.000077    0.392558E-04    0.265275E-03
2    2    3   -1   -2    0.000077    0.392558E-04    0.265275E-03
2    2    3   -1    2    0.000077    0.392558E-04    0.265275E-03
2    2    3    1   -2    0.000077    0.392558E-04    0.265275E-03
2    2    3    1    2    0.000077    0.392558E-04    0.265275E-03
2    2    3    2    1    0.000077    0.392558E-04    0.265275E-03
2    2   -2   -1   -3    0.000077    0.392558E-04    0.265275E-03
2    2   -2    1   -3    0.000077    0.392558E-04    0.265275E-03
2    2   -2    3   -1    0.000077    0.392558E-04    0.265275E-03
2    2   -1   -2   -3    0.000077    0.392558E-04    0.265275E-03
2    2   -1    2   -3    0.000077    0.392558E-04    0.265275E-03
2    2    1   -2   -3    0.000077    0.392558E-04    0.265275E-03
2    2    1    2   -3    0.000077    0.392558E-04    0.265275E-03
2    2    1    3   -2    0.000077    0.392558E-04    0.265275E-03
2    2    1    3    2    0.000077    0.392558E-04    0.265275E-03
2    2    2   -1   -3    0.000077    0.392558E-04    0.265275E-03
2    2    2    1   -3    0.000077    0.392558E-04    0.265275E-03
2    2    2    3   -1    0.000077    0.392558E-04    0.265275E-03
2    2    3   -2   -1    0.000077    0.392558E-04    0.265275E-03
2    2    3    2   -1    0.000077    0.392558E-04    0.265275E-03
2    1   -2   -2   -1    0.000029   -0.151690E-04   -0.151684E-04
2    1   -2   -2    2    0.000029   -0.151690E-04   -0.151684E-04
2    1   -2   -1   -2    0.000029   -0.151690E-04   -0.151684E-04
2    1   -2    2   -2    0.000029   -0.151690E-04   -0.151684E-04
2    1   -2    3   -1    0.000029   -0.151690E-04   -0.151684E-04
2    1   -2    3    2    0.000029   -0.151690E-04   -0.151684E-04
2    1   -1   -2   -2    0.000029   -0.151690E-04   -0.151684E-04
2    1   -1    0    4    0.000007   -0.293468E-03   -0.293433E-03
2    1   -1    1    4    0.000007   -0.293468E-03   -0.293433E-03
2    1   -1    3   -2    0.000029   -0.151690E-04   -0.151684E-04
2    1   -1    4    0    0.000007   -0.293468E-03   -0.293433E-03
2    1   -1    4    1    0.000007   -0.293468E-03   -0.293433E-03
2    1    0   -1    4    0.000007   -0.293468E-03   -0.293433E-03
2    1    0    2    4    0.000007   -0.293468E-03   -0.293433E-03
2    1    0    4   -1    0.000007   -0.293468E-03   -0.293433E-03
2    1    0    4    2    0.000007   -0.293468E-03   -0.293433E-03
2    1    1   -1    4    0.000007   -0.293468E-03   -0.293433E-03
2    1    1    2    4    0.000007   -0.293468E-03   -0.293433E-03
2    1    1    4   -1    0.000007   -0.293468E-03   -0.293433E-03
2    1    1    4    2    0.000007   -0.293468E-03   -0.293433E-03
2    1    2   -2   -2    0.000029   -0.151690E-04   -0.151684E-04
2    1    2    0    4    0.000007   -0.293468E-03   -0.293433E-03
2    1    2    1    4    0.000007   -0.293468E-03   -0.293433E-03
2    1    2    3   -2    0.000029   -0.151690E-04   -0.151684E-04
2    1    2    4    0    0.000007   -0.293468E-03   -0.293433E-03
2    1    2    4    1    0.000007   -0.293468E-03   -0.293433E-03
2    1    4   -1    0    0.000007   -0.293468E-03   -0.293433E-03
2    1    4   -1    1    0.000007   -0.293468E-03   -0.293433E-03
2    1    4    0   -1    0.000007   -0.293468E-03   -0.293433E-03
2    1    4    0    2    0.000007   -0.293468E-03   -0.293433E-03
2    1    4    1   -1    0.000007   -0.293468E-03   -0.293433E-03
2    1    4    1    2    0.000007   -0.293468E-03   -0.293433E-03
2    1    4    2    0    0.000007   -0.293468E-03   -0.293433E-03
2    1    4    2    1    0.000007   -0.293468E-03   -0.293433E-03
2    1   -3   -1    0    0.000007   -0.293468E-03   -0.293433E-03
2    1   -3   -1    1    0.000007   -0.293468E-03   -0.293433E-03
2    1   -3    0   -1    0.000007   -0.293468E-03   -0.293433E-03
2    1   -3    0    2    0.000007   -0.293468E-03   -0.293433E-03
2    1   -3    1   -1    0.000007   -0.293468E-03   -0.293433E-03
2    1   -3    1    2    0.000007   -0.293468E-03   -0.293433E-03
2    1   -3    2    0    0.000007   -0.293468E-03   -0.293433E-03
2    1   -3    2    1    0.000007   -0.293468E-03   -0.293433E-03
2    1   -2   -1    3    0.000029   -0.151690E-04   -0.151684E-04
2    1   -2    2    3    0.000029   -0.151690E-04   -0.151684E-04
2    1   -1   -3    0    0.000007   -0.293468E-03   -0.293433E-03
2    1   -1   -3    1    0.000007   -0.293468E-03   -0.293433E-03
2    1   -1   -2    3    0.000029   -0.151690E-04   -0.151684E-04
2    1   -1    0   -3    0.000007   -0.293468E-03   -0.293433E-03
2    1   -1    1   -3    0.000007   -0.293468E-03   -0.293433E-03
2    1   -1    3    3    0.000029   -0.151690E-04   -0.151684E-04
2    1    0   -3   -1    0.000007   -0.293468E-03   -0.293433E-03
2    1    0   -3    2    0.000007   -0.293468E-03   -0.293433E-03
2    1    0   -1   -3    0.000007   -0.293468E-03   -0.293433E-03
2    1    0    2   -3    0.000007   -0.293468E-03   -0.293433E-03
2    1    1   -3   -1    0.000007   -0.293468E-03   -0.293433E-03
2    1    1   -3    2    0.000007   -0.293468E-03   -0.293433E-03
2    1    1   -1   -3    0.000007   -0.293468E-03   -0.293433E-03
2    1    1    2   -3    0.000007   -0.293468E-03   -0.293433E-03
2    1    2   -3    0    0.000007   -0.293468E-03   -0.293433E-03
2    1    2   -3    1    0.000007   -0.293468E-03   -0.293433E-03
2    1    2   -2    3    0.000029   -0.151690E-04   -0.151684E-04
2    1    2    0   -3    0.000007   -0.293468E-03   -0.293433E-03
2    1    2    1   -3    0.000007   -0.293468E-03   -0.293433E-03
2    1    2    3    3    0.000029   -0.151690E-04   -0.151684E-04
2    1    3   -2   -1    0.000029   -0.151690E-04   -0.151684E-04
2    1    3   -2    2    0.000029   -0.151690E-04   -0.151684E-04
2    1    3   -1   -2    0.000029   -0.151690E-04   -0.151684E-04
2    1    3   -1    3    0.000029   -0.151690E-04   -0.151684E-04
2    1    3    2   -2    0.000029   -0.151690E-04   -0.151684E-04
2    1    3    2    3    0.000029   -0.151690E-04   -0.151684E-04
2    1    3    3   -1    0.000029   -0.151690E-04   -0.151684E-04
2    1    3    3    2    0.000029   -0.151690E-04   -0.151684E-04
2    2   -4    0    0   -0.000299   -0.212688E-03   -0.207092E-03
2    2    0   -4    0   -0.000299   -0.212688E-03   -0.207092E-03
2    2    0    0   -4   -0.000299   -0.212688E-03   -0.207092E-03
2    2    0    0    4   -0.000299   -0.212688E-03   -0.207092E-03
2    2    0    4    0   -0.000299   -0.212688E-03   -0.207092E-03
2    2    4    0    0   -0.000299   -0.212688E-03   -0.207092E-03
2    1   -1   -1    4   -0.000587   -0.424173E-03   -0.424224E-03
2    1   -1    2    4   -0.000587   -0.424173E-03   -0.424224E-03
2    1   -1    4   -1   -0.000587   -0.424173E-03   -0.424224E-03
2    1   -1    4    2   -0.000587   -0.424173E-03   -0.424224E-03
2    1    2   -1    4   -0.000587   -0.424173E-03   -0.424224E-03
2    1    2    2    4   -0.000587   -0.424173E-03   -0.424224E-03
2    1    2    4   -1   -0.000587   -0.424173E-03   -0.424224E-03
2    1    2    4    2   -0.000587   -0.424173E-03   -0.424224E-03
2    1    4   -1   -1   -0.000587   -0.424173E-03   -0.424224E-03
2    1    4   -1    2   -0.000587   -0.424173E-03   -0.424224E-03
2    1    4    2   -1   -0.000587   -0.424173E-03   -0.424224E-03
2    1    4    2    2   -0.000587   -0.424173E-03   -0.424224E-03
2    1   -3   -1   -1   -0.000587   -0.424173E-03   -0.424224E-03
2    1   -3   -1    2   -0.000587   -0.424173E-03   -0.424224E-03
2    1   -3    2   -1   -0.000587   -0.424173E-03   -0.424224E-03
2    1   -3    2    2   -0.000587   -0.424173E-03   -0.424224E-03
2    1   -1   -3   -1   -0.000587   -0.424173E-03   -0.424224E-03
2    1   -1   -3    2   -0.000587   -0.424173E-03   -0.424224E-03
2    1   -1   -1   -3   -0.000587   -0.424173E-03   -0.424224E-03
2    1   -1    2   -3   -0.000587   -0.424173E-03   -0.424224E-03
2    1    2   -3   -1   -0.000587   -0.424173E-03   -0.424224E-03
2    1    2   -3    2   -0.000587   -0.424173E-03   -0.424224E-03
2    1    2   -1   -3   -0.000587   -0.424173E-03   -0.424224E-03
2    1    2    2   -3   -0.000587   -0.424173E-03   -0.424224E-03
2    2   -4   -1    0   -0.000076    0.209819E-03    0.461335E-03
2    2   -4    0   -1   -0.000076    0.209819E-03    0.461335E-03
2    2   -4    0    1   -0.000076    0.209819E-03    0.461335E-03
2    2   -4    1    0   -0.000076    0.209819E-03    0.461335E-03
2    2   -3   -2   -2    0.002149   -0.491885E-03    0.209198E-03
2    2   -3   -2    2    0.002149   -0.491885E-03    0.209198E-03
2    2   -3    2   -2    0.002149   -0.491885E-03    0.209198E-03
2    2   -3    2    2    0.002149   -0.491885E-03    0.209198E-03
2    2   -2   -3   -2    0.002149   -0.491885E-03    0.209198E-03
2    2   -2   -3    2    0.002149   -0.491885E-03    0.209198E-03
2    2   -2   -2    3    0.002149   -0.491885E-03    0.209198E-03
2    2   -2    2    3    0.002149   -0.491885E-03    0.209198E-03
2    2   -2    3   -2    0.002149   -0.491885E-03    0.209198E-03
2    2   -2    3    2    0.002149   -0.491885E-03    0.209198E-03
2    2   -1   -4    0   -0.000076    0.209819E-03    0.461335E-03
2    2   -1    0   -4   -0.000076    0.209819E-03    0.461335E-03
2    2   -1    0    4   -0.000076    0.209819E-03    0.461335E-03
2    2   -1    4    0   -0.000076    0.209819E-03    0.461335E-03
2    2    0   -4   -1   -0.000076    0.209819E-03    0.461335E-03
2    2    0   -4    1   -0.000076    0.209819E-03    0.461335E-03
2    2    0   -1   -4   -0.000076    0.209819E-03    0.461335E-03
2    2    0   -1    4   -0.000076    0.209819E-03    0.461335E-03
2    2    0    1   -4   -0.000076    0.209819E-03    0.461335E-03
2    2    0    1    4   -0.000076    0.209819E-03    0.461335E-03
2    2    0    4   -1   -0.000076    0.209819E-03    0.461335E-03
2    2    0    4    1   -0.000076    0.209819E-03    0.461335E-03
2    2    1   -4    0   -0.000076    0.209819E-03    0.461335E-03
2    2    1    0   -4   -0.000076    0.209819E-03    0.461335E-03
2    2    1    0    4   -0.000076    0.209819E-03    0.461335E-03
2    2    1    4    0   -0.000076    0.209819E-03    0.461335E-03
2    2    2   -3   -2    0.002149   -0.491885E-03    0.209198E-03
2    2    2   -3    2    0.002149   -0.491885E-03    0.209198E-03
2    2    2   -2    3    0.002149   -0.491885E-03    0.209198E-03
2    2    2    2    3    0.002149   -0.491885E-03    0.209198E-03
2    2    2    3   -2    0.002149   -0.491885E-03    0.209198E-03
2    2    2    3    2    0.002149   -0.491885E-03    0.209198E-03
2    2    3   -2   -2    0.002149   -0.491885E-03    0.209198E-03
2    2    3   -2    2    0.002149   -0.491885E-03    0.209198E-03
2    2    3    2   -2    0.002149   -0.491885E-03    0.209198E-03
2    2    3    2    2    0.002149   -0.491885E-03    0.209198E-03
2    2    4   -1    0   -0.000076    0.209819E-03    0.461335E-03
2    2    4    0   -1   -0.000076    0.209819E-03    0.461335E-03
2    2    4    0    1   -0.000076    0.209819E-03    0.461335E-03
2    2    4    1    0   -0.000076    0.209819E-03    0.461335E-03
2    2   -2   -2   -3    0.002149   -0.491885E-03    0.209198E-03
2    2   -2    2   -3    0.002149   -0.491885E-03    0.209198E-03
2    2    2   -2   -3    0.002149   -0.491885E-03    0.209198E-03
2    2    2    2   -3    0.002149   -0.491885E-03    0.209198E-03
2    2   -4   -1   -1    0.000238    0.752370E-05   -0.196766E-04
2    2   -4   -1    1    0.000238    0.752370E-05   -0.196766E-04
2    2   -4    1   -1    0.000238    0.752370E-05   -0.196766E-04
2    2   -4    1    1    0.000238    0.752370E-05   -0.196766E-04
2    2   -3   -3    0    0.000389    0.675596E-04    0.455716E-04
2    2   -3    0    3    0.000389    0.675596E-04    0.455716E-04
2    2   -1   -4   -1    0.000238    0.752370E-05   -0.196766E-04
2    2   -1   -4    1    0.000238    0.752370E-05   -0.196766E-04
2    2   -1   -1   -4    0.000238    0.752370E-05   -0.196766E-04
2    2   -1   -1    4    0.000238    0.752370E-05   -0.196766E-04
2    2   -1    1   -4    0.000238    0.752370E-05   -0.196766E-04
2    2   -1    1    4    0.000238    0.752370E-05   -0.196766E-04
2    2   -1    4   -1    0.000238    0.752370E-05   -0.196766E-04
2    2   -1    4    1    0.000238    0.752370E-05   -0.196766E-04
2    2    0   -3    3    0.000389    0.675596E-04    0.455716E-04
2    2    1   -4   -1    0.000238    0.752370E-05   -0.196766E-04
2    2    1   -4    1    0.000238    0.752370E-05   -0.196766E-04
2    2    1   -1   -4    0.000238    0.752370E-05   -0.196766E-04
2    2    1   -1    4    0.000238    0.752370E-05   -0.196766E-04
2    2    1    1   -4    0.000238    0.752370E-05   -0.196766E-04
2    2    1    1    4    0.000238    0.752370E-05   -0.196766E-04
2    2    1    4   -1    0.000238    0.752370E-05   -0.196766E-04
2    2    1    4    1    0.000238    0.752370E-05   -0.196766E-04
2    2    4   -1   -1    0.000238    0.752370E-05   -0.196766E-04
2    2    4   -1    1    0.000238    0.752370E-05   -0.196766E-04
2    2    4    1   -1    0.000238    0.752370E-05   -0.196766E-04
2    2    4    1    1    0.000238    0.752370E-05   -0.196766E-04
2    2   -3    0   -3    0.000389    0.675596E-04    0.455716E-04
2    2   -3    3    0    0.000389    0.675596E-04    0.455716E-04
2    2    0   -3   -3    0.000389    0.675596E-04    0.455716E-04
2    2    0    3   -3    0.000389    0.675596E-04    0.455716E-04
2    2    0    3    3    0.000389    0.675596E-04    0.455716E-04
2    2    3   -3    0    0.000389    0.675596E-04    0.455716E-04
2    2    3    0   -3    0.000389    0.675596E-04    0.455716E-04
2    2    3    0    3    0.000389    0.675596E-04    0.455716E-04
2    2    3    3    0    0.000389    0.675596E-04    0.455716E-04
2    1   -3   -2    0   -0.000119   -0.220395E-04   -0.220455E-04
2    1   -3   -2    1   -0.000119   -0.220395E-04   -0.220455E-04
2    1   -2   -3    0   -0.000119   -0.220395E-04   -0.220455E-04
2    1   -2   -3    1   -0.000119   -0.220395E-04   -0.220455E-04
2    1   -2   -2   -2   -0.000782   -0.970443E-04   -0.970557E-04
2    1   -2   -2    3   -0.000782   -0.970443E-04   -0.970557E-04
2    1   -2    0   -3   -0.000119   -0.220395E-04   -0.220455E-04
2    1   -2    0    4   -0.000119   -0.220395E-04   -0.220455E-04
2    1   -2    1   -3   -0.000119   -0.220395E-04   -0.220455E-04
2    1   -2    1    4   -0.000119   -0.220395E-04   -0.220455E-04
2    1   -2    3   -2   -0.000782   -0.970443E-04   -0.970557E-04
2    1   -2    3    3   -0.000782   -0.970443E-04   -0.970557E-04
2    1   -2    4    0   -0.000119   -0.220395E-04   -0.220455E-04
2    1   -2    4    1   -0.000119   -0.220395E-04   -0.220455E-04
2    1    0   -3   -2   -0.000119   -0.220395E-04   -0.220455E-04
2    1    0   -2    4   -0.000119   -0.220395E-04   -0.220455E-04
2    1    0    3    4   -0.000119   -0.220395E-04   -0.220455E-04
2    1    0    4   -2   -0.000119   -0.220395E-04   -0.220455E-04
2    1    0    4    3   -0.000119   -0.220395E-04   -0.220455E-04
2    1    1   -3   -2   -0.000119   -0.220395E-04   -0.220455E-04
2    1    1   -2    4   -0.000119   -0.220395E-04   -0.220455E-04
2    1    1    3    4   -0.000119   -0.220395E-04   -0.220455E-04
2    1    1    4   -2   -0.000119   -0.220395E-04   -0.220455E-04
2    1    1    4    3   -0.000119   -0.220395E-04   -0.220455E-04
2    1    3   -2   -2   -0.000782   -0.970443E-04   -0.970557E-04
2    1    3    0    4   -0.000119   -0.220395E-04   -0.220455E-04
2    1    3    1    4   -0.000119   -0.220395E-04   -0.220455E-04
2    1    3    3   -2   -0.000782   -0.970443E-04   -0.970557E-04
2    1    3    4    0   -0.000119   -0.220395E-04   -0.220455E-04
2    1    3    4    1   -0.000119   -0.220395E-04   -0.220455E-04
2    1    4   -2    0   -0.000119   -0.220395E-04   -0.220455E-04
2    1    4   -2    1   -0.000119   -0.220395E-04   -0.220455E-04
2    1    4    0   -2   -0.000119   -0.220395E-04   -0.220455E-04
2    1    4    0    3   -0.000119   -0.220395E-04   -0.220455E-04
2    1    4    1   -2   -0.000119   -0.220395E-04   -0.220455E-04
2    1    4    1    3   -0.000119   -0.220395E-04   -0.220455E-04
2    1    4    3    0   -0.000119   -0.220395E-04   -0.220455E-04
2    1    4    3    1   -0.000119   -0.220395E-04   -0.220455E-04
2    1   -3    0   -2   -0.000119   -0.220395E-04   -0.220455E-04
2    1   -3    0    3   -0.000119   -0.220395E-04   -0.220455E-04
2    1   -3    1   -2   -0.000119   -0.220395E-04   -0.220455E-04
2    1   -3    1    3   -0.000119   -0.220395E-04   -0.220455E-04
2    1   -3    3    0   -0.000119   -0.220395E-04   -0.220455E-04
2    1   -3    3    1   -0.000119   -0.220395E-04   -0.220455E-04
2    1    0   -3    3   -0.000119   -0.220395E-04   -0.220455E-04
2    1    0   -2   -3   -0.000119   -0.220395E-04   -0.220455E-04
2    1    0    3   -3   -0.000119   -0.220395E-04   -0.220455E-04
2    1    1   -3    3   -0.000119   -0.220395E-04   -0.220455E-04
2    1    1   -2   -3   -0.000119   -0.220395E-04   -0.220455E-04
2    1    1    3   -3   -0.000119   -0.220395E-04   -0.220455E-04
2    1    3   -3    0   -0.000119   -0.220395E-04   -0.220455E-04
2    1    3   -3    1   -0.000119   -0.220395E-04   -0.220455E-04
2    1    3   -2    3   -0.000782   -0.970443E-04   -0.970557E-04
2    1    3    0   -3   -0.000119   -0.220395E-04   -0.220455E-04
2    1    3    1   -3   -0.000119   -0.220395E-04   -0.220455E-04
2    1    3    3    3   -0.000782   -0.970443E-04   -0.970557E-04
2    2   -3   -3   -1   -0.000354    0.285991E-03   -0.207395E-04
2    2   -3   -3    1   -0.000354    0.285991E-03   -0.207395E-04
2    2   -3   -1   -3   -0.000354    0.285991E-03   -0.207395E-04
2    2   -3   -1    3   -0.000354    0.285991E-03   -0.207395E-04
2    2   -3    1   -3   -0.000354    0.285991E-03   -0.207395E-04
2    2   -3    1    3   -0.000354    0.285991E-03   -0.207395E-04
2    2   -3    3   -1   -0.000354    0.285991E-03   -0.207395E-04
2    2   -3    3    1   -0.000354    0.285991E-03   -0.207395E-04
2    2   -1   -3   -3   -0.000354    0.285991E-03   -0.207395E-04
2    2   -1   -3    3   -0.000354    0.285991E-03   -0.207395E-04
2    2   -1    3   -3   -0.000354    0.285991E-03   -0.207395E-04
2    2   -1    3    3   -0.000354    0.285991E-03   -0.207395E-04
2    2    1   -3   -3   -0.000354    0.285991E-03   -0.207395E-04
2    2    1   -3    3   -0.000354    0.285991E-03   -0.207395E-04
2    2    1    3    3   -0.000354    0.285991E-03   -0.207395E-04
2    2    3   -3   -1   -0.000354    0.285991E-03   -0.207395E-04
2    2    3   -3    1   -0.000354    0.285991E-03   -0.207395E-04
2    2    3   -1   -3   -0.000354    0.285991E-03   -0.207395E-04
2    2    3   -1    3   -0.000354    0.285991E-03   -0.207395E-04
2    2    3    1   -3   -0.000354    0.285991E-03   -0.207395E-04
2    2    3    1    3   -0.000354    0.285991E-03   -0.207395E-04
2    2    1    3   -3   -0.000354    0.285991E-03   -0.207395E-04
2    2    3    3   -1   -0.000354    0.285991E-03   -0.207395E-04
2    2    3    3    1   -0.000354    0.285991E-03   -0.207395E-04
2    2   -4   -2    0    0.000168    0.369652E-04   -0.267956E-03
2    2   -4    0   -2    0.000168    0.369652E-04   -0.267956E-03
2    2   -4    0    2    0.000168    0.369652E-04   -0.267956E-03
2    2   -4    2    0    0.000168    0.369652E-04   -0.267956E-03
2    2   -2   -4    0    0.000168    0.369652E-04   -0.267956E-03
2    2   -2    0   -4    0.000168    0.369652E-04   -0.267956E-03
2    2   -2    0    4    0.000168    0.369652E-04   -0.267956E-03
2    2   -2    4    0    0.000168    0.369652E-04   -0.267956E-03
2    2    0   -4   -2    0.000168    0.369652E-04   -0.267956E-03
2    2    0   -4    2    0.000168    0.369652E-04   -0.267956E-03
2    2    0   -2   -4    0.000168    0.369652E-04   -0.267956E-03
2    2    0   -2    4    0.000168    0.369652E-04   -0.267956E-03
2    2    0    2   -4    0.000168    0.369652E-04   -0.267956E-03
2    2    0    2    4    0.000168    0.369652E-04   -0.267956E-03
2    2    0    4   -2    0.000168    0.369652E-04   -0.267956E-03
2    2    0    4    2    0.000168    0.369652E-04   -0.267956E-03
2    2    2   -4    0    0.000168    0.369652E-04   -0.267956E-03
2    2    2    0   -4    0.000168    0.369652E-04   -0.267956E-03
2    2    2    0    4    0.000168    0.369652E-04   -0.267956E-03
2    2    2    4    0    0.000168    0.369652E-04   -0.267956E-03
2    2    4   -2    0    0.000168    0.369652E-04   -0.267956E-03
2    2    4    0   -2    0.000168    0.369652E-04   -0.267956E-03
2    2    4    0    2    0.000168    0.369652E-04   -0.267956E-03
2    2    4    2    0    0.000168    0.369652E-04   -0.267956E-03
2    1    0    0    5    0.000016    0.112910E-04    0.112453E-04
2    1    0    1    5    0.000016    0.112910E-04    0.112453E-04
2    1    0    5    0    0.000016    0.112910E-04    0.112453E-04
2    1    0    5    1    0.000016    0.112910E-04    0.112453E-04
2    1    1    0    5    0.000016    0.112910E-04    0.112453E-04
2    1    1    1    5    0.000016    0.112910E-04    0.112453E-04
2    1    1    5    0    0.000016    0.112910E-04    0.112453E-04
2    1    1    5    1    0.000016    0.112910E-04    0.112453E-04
2    1    5    0    0    0.000016    0.112910E-04    0.112453E-04
2    1    5    0    1    0.000016    0.112910E-04    0.112453E-04
2    1    5    1    0    0.000016    0.112910E-04    0.112453E-04
2    1    5    1    1    0.000016    0.112910E-04    0.112453E-04
2    1   -4    0    0    0.000016    0.112910E-04    0.112453E-04
2    1   -4    0    1    0.000016    0.112910E-04    0.112453E-04
2    1   -4    1    0    0.000016    0.112910E-04    0.112453E-04
2    1   -4    1    1    0.000016    0.112910E-04    0.112453E-04
2    1   -3   -2   -1    0.000020    0.528444E-04    0.528362E-04
2    1   -3   -2    2    0.000020    0.528444E-04    0.528362E-04
2    1   -3   -1   -2    0.000020    0.528444E-04    0.528362E-04
2    1   -3   -1    3    0.000020    0.528444E-04    0.528362E-04
2    1   -3    2   -2    0.000020    0.528444E-04    0.528362E-04
2    1   -3    2    3    0.000020    0.528444E-04    0.528362E-04
2    1   -2   -3   -1    0.000020    0.528444E-04    0.528362E-04
2    1   -2   -3    2    0.000020    0.528444E-04    0.528362E-04
2    1   -2   -1   -3    0.000020    0.528444E-04    0.528362E-04
2    1   -2   -1    4    0.000020    0.528444E-04    0.528362E-04
2    1   -2    2   -3    0.000020    0.528444E-04    0.528362E-04
2    1   -2    2    4    0.000020    0.528444E-04    0.528362E-04
2    1   -2    4   -1    0.000020    0.528444E-04    0.528362E-04
2    1   -2    4    2    0.000020    0.528444E-04    0.528362E-04
2    1   -1   -3   -2    0.000020    0.528444E-04    0.528362E-04
2    1   -1   -3    3    0.000020    0.528444E-04    0.528362E-04
2    1   -1   -2   -3    0.000020    0.528444E-04    0.528362E-04
2    1   -1   -2    4    0.000020    0.528444E-04    0.528362E-04
2    1   -1    3   -3    0.000020    0.528444E-04    0.528362E-04
2    1   -1    3    4    0.000020    0.528444E-04    0.528362E-04
2    1   -1    4   -2    0.000020    0.528444E-04    0.528362E-04
2    1   -1    4    3    0.000020    0.528444E-04    0.528362E-04
2    1    0   -4    0    0.000016    0.112910E-04    0.112453E-04
2    1    0   -4    1    0.000016    0.112910E-04    0.112453E-04
2    1    0    0   -4    0.000016    0.112910E-04    0.112453E-04
2    1    0    1   -4    0.000016    0.112910E-04    0.112453E-04
2    1    1   -4    0    0.000016    0.112910E-04    0.112453E-04
2    1    1   -4    1    0.000016    0.112910E-04    0.112453E-04
2    1    1    0   -4    0.000016    0.112910E-04    0.112453E-04
2    1    1    1   -4    0.000016    0.112910E-04    0.112453E-04
2    1    2   -3   -2    0.000020    0.528444E-04    0.528362E-04
2    1    2   -3    3    0.000020    0.528444E-04    0.528362E-04
2    1    2   -2   -3    0.000020    0.528444E-04    0.528362E-04
2    1    2   -2    4    0.000020    0.528444E-04    0.528362E-04
2    1    2    3   -3    0.000020    0.528444E-04    0.528362E-04
2    1    2    3    4    0.000020    0.528444E-04    0.528362E-04
2    1    2    4   -2    0.000020    0.528444E-04    0.528362E-04
2    1    2    4    3    0.000020    0.528444E-04    0.528362E-04
2    1    3   -1   -3    0.000020    0.528444E-04    0.528362E-04
2    1    3   -1    4    0.000020    0.528444E-04    0.528362E-04
2    1    3    2   -3    0.000020    0.528444E-04    0.528362E-04
2    1    3    2    4    0.000020    0.528444E-04    0.528362E-04
2    1    3    4   -1    0.000020    0.528444E-04    0.528362E-04
2    1    3    4    2    0.000020    0.528444E-04    0.528362E-04
2    1    4   -2   -1    0.000020    0.528444E-04    0.528362E-04
2    1    4   -2    2    0.000020    0.528444E-04    0.528362E-04
2    1    4   -1   -2    0.000020    0.528444E-04    0.528362E-04
2    1    4   -1    3    0.000020    0.528444E-04    0.528362E-04
2    1    4    2   -2    0.000020    0.528444E-04    0.528362E-04
2    1    4    2    3    0.000020    0.528444E-04    0.528362E-04
2    1    4    3   -1    0.000020    0.528444E-04    0.528362E-04
2    1    4    3    2    0.000020    0.528444E-04    0.528362E-04
2    1   -3    3   -1    0.000020    0.528444E-04    0.528362E-04
2    1   -3    3    2    0.000020    0.528444E-04    0.528362E-04
2    1    3   -3   -1    0.000020    0.528444E-04    0.528362E-04
2    1    3   -3    2    0.000020    0.528444E-04    0.528362E-04
2    2   -4   -1   -2   -0.000045   -0.193016E-04    0.129313E-03
2    2   -4   -1    2   -0.000045   -0.193016E-04    0.129313E-03
2    2   -4    1   -2   -0.000045   -0.193016E-04    0.129313E-03
2    2   -4    1    2   -0.000045   -0.193016E-04    0.129313E-03
2    2   -2   -1   -4   -0.000045   -0.193016E-04    0.129313E-03
2    2   -2   -1    4   -0.000045   -0.193016E-04    0.129313E-03
2    2   -2    1   -4   -0.000045   -0.193016E-04    0.129313E-03
2    2   -2    1    4   -0.000045   -0.193016E-04    0.129313E-03
2    2   -1   -4   -2   -0.000045   -0.193016E-04    0.129313E-03
2    2   -1   -4    2   -0.000045   -0.193016E-04    0.129313E-03
2    2   -1   -2   -4   -0.000045   -0.193016E-04    0.129313E-03
2    2   -1   -2    4   -0.000045   -0.193016E-04    0.129313E-03
2    2   -1    2   -4   -0.000045   -0.193016E-04    0.129313E-03
2    2   -1    2    4   -0.000045   -0.193016E-04    0.129313E-03
2    2   -1    4   -2   -0.000045   -0.193016E-04    0.129313E-03
2    2   -1    4    2   -0.000045   -0.193016E-04    0.129313E-03
2    2    1   -2   -4   -0.000045   -0.193016E-04    0.129313E-03
2    2    1   -2    4   -0.000045   -0.193016E-04    0.129313E-03
2    2    1    2   -4   -0.000045   -0.193016E-04    0.129313E-03
2    2    1    2    4   -0.000045   -0.193016E-04    0.129313E-03
2    2    2   -1   -4   -0.000045   -0.193016E-04    0.129313E-03
2    2    2   -1    4   -0.000045   -0.193016E-04    0.129313E-03
2    2    2    1   -4   -0.000045   -0.193016E-04    0.129313E-03
2    2    2    1    4   -0.000045   -0.193016E-04    0.129313E-03
2    2    4   -1   -2   -0.000045   -0.193016E-04    0.129313E-03
2    2    4   -1    2   -0.000045   -0.193016E-04    0.129313E-03
2    2    4    1   -2   -0.000045   -0.193016E-04    0.129313E-03
2    2    4    1    2   -0.000045   -0.193016E-04    0.129313E-03
2    2   -4   -2   -1   -0.000045   -0.193016E-04    0.129313E-03
2    2   -4   -2    1   -0.000045   -0.193016E-04    0.129313E-03
2    2   -4    2   -1   -0.000045   -0.193016E-04    0.129313E-03
2    2   -4    2    1   -0.000045   -0.193016E-04    0.129313E-03
2    2   -2   -4   -1   -0.000045   -0.193016E-04    0.129313E-03
2    2   -2   -4    1   -0.000045   -0.193016E-04    0.129313E-03
2    2   -2    4   -1   -0.000045   -0.193016E-04    0.129313E-03
2    2   -2    4    1   -0.000045   -0.193016E-04    0.129313E-03
2    2    1   -4   -2   -0.000045   -0.193016E-04    0.129313E-03
2    2    1   -4    2   -0.000045   -0.193016E-04    0.129313E-03
2    2    1    4   -2   -0.000045   -0.193016E-04    0.129313E-03
2    2    1    4    2   -0.000045   -0.193016E-04    0.129313E-03
2    2    2   -4   -1   -0.000045   -0.193016E-04    0.129313E-03
2    2    2   -4    1   -0.000045   -0.193016E-04    0.129313E-03
2    2    2    4   -1   -0.000045   -0.193016E-04    0.129313E-03
2    2    2    4    1   -0.000045   -0.193016E-04    0.129313E-03
2    2    4   -2   -1   -0.000045   -0.193016E-04    0.129313E-03
2    2    4   -2    1   -0.000045   -0.193016E-04    0.129313E-03
2    2    4    2   -1   -0.000045   -0.193016E-04    0.129313E-03
2    2    4    2    1   -0.000045   -0.193016E-04    0.129313E-03
2    2   -3   -2    3    0.000145   -0.195084E-04    0.424540E-04
2    2   -3    2    3    0.000145   -0.195084E-04    0.424540E-04
2    2   -2   -3    3    0.000145   -0.195084E-04    0.424540E-04
2    2    2   -3    3    0.000145   -0.195084E-04    0.424540E-04
2    2   -3   -3   -2    0.000145   -0.195084E-04    0.424540E-04
2    2   -3   -3    2    0.000145   -0.195084E-04    0.424540E-04
2    2   -3   -2   -3    0.000145   -0.195084E-04    0.424540E-04
2    2   -3    2   -3    0.000145   -0.195084E-04    0.424540E-04
2    2   -3    3   -2    0.000145   -0.195084E-04    0.424540E-04
2    2   -3    3    2    0.000145   -0.195084E-04    0.424540E-04
2    2   -2   -3   -3    0.000145   -0.195084E-04    0.424540E-04
2    2   -2    3   -3    0.000145   -0.195084E-04    0.424540E-04
2    2   -2    3    3    0.000145   -0.195084E-04    0.424540E-04
2    2    2   -3   -3    0.000145   -0.195084E-04    0.424540E-04
2    2    2    3   -3    0.000145   -0.195084E-04    0.424540E-04
2    2    2    3    3    0.000145   -0.195084E-04    0.424540E-04
2    2    3   -3   -2    0.000145   -0.195084E-04    0.424540E-04
2    2    3   -3    2    0.000145   -0.195084E-04    0.424540E-04
2    2    3   -2   -3    0.000145   -0.195084E-04    0.424540E-04
2    2    3   -2    3    0.000145   -0.195084E-04    0.424540E-04
2    2    3    2   -3    0.000145   -0.195084E-04    0.424540E-04
2    2    3    2    3    0.000145   -0.195084E-04    0.424540E-04
2    2    3    3   -2    0.000145   -0.195084E-04    0.424540E-04
2    2    3    3    2    0.000145   -0.195084E-04    0.424540E-04
2    1   -4   -1    0   -0.000014    0.598384E-04    0.598191E-04
2    1   -4   -1    1   -0.000014    0.598384E-04    0.598191E-04
2    1   -4    2    0   -0.000014    0.598384E-04    0.598191E-04
2    1   -4    2    1   -0.000014    0.598384E-04    0.598191E-04
2    1   -1   -4    0   -0.000014    0.598384E-04    0.598191E-04
2    1   -1   -4    1   -0.000014    0.598384E-04    0.598191E-04
2    1   -1    0   -4   -0.000014    0.598384E-04    0.598191E-04
2    1   -1    0    5   -0.000014    0.598384E-04    0.598191E-04
2    1   -1    1   -4   -0.000014    0.598384E-04    0.598191E-04
2    1   -1    1    5   -0.000014    0.598384E-04    0.598191E-04
2    1   -1    5    0   -0.000014    0.598384E-04    0.598191E-04
2    1   -1    5    1   -0.000014    0.598384E-04    0.598191E-04
2    1    0   -4   -1   -0.000014    0.598384E-04    0.598191E-04
2    1    0   -4    2   -0.000014    0.598384E-04    0.598191E-04
2    1    0   -1   -4   -0.000014    0.598384E-04    0.598191E-04
2    1    0   -1    5   -0.000014    0.598384E-04    0.598191E-04
2    1    0    2   -4   -0.000014    0.598384E-04    0.598191E-04
2    1    0    2    5   -0.000014    0.598384E-04    0.598191E-04
2    1    0    5   -1   -0.000014    0.598384E-04    0.598191E-04
2    1    0    5    2   -0.000014    0.598384E-04    0.598191E-04
2    1    1   -4   -1   -0.000014    0.598384E-04    0.598191E-04
2    1    1   -4    2   -0.000014    0.598384E-04    0.598191E-04
2    1    1   -1   -4   -0.000014    0.598384E-04    0.598191E-04
2    1    1   -1    5   -0.000014    0.598384E-04    0.598191E-04
2    1    1    2   -4   -0.000014    0.598384E-04    0.598191E-04
2    1    1    2    5   -0.000014    0.598384E-04    0.598191E-04
2    1    1    5   -1   -0.000014    0.598384E-04    0.598191E-04
2    1    1    5    2   -0.000014    0.598384E-04    0.598191E-04
2    1    2   -4    0   -0.000014    0.598384E-04    0.598191E-04
2    1    2   -4    1   -0.000014    0.598384E-04    0.598191E-04
2    1    2    0   -4   -0.000014    0.598384E-04    0.598191E-04
2    1    2    0    5   -0.000014    0.598384E-04    0.598191E-04
2    1    2    1   -4   -0.000014    0.598384E-04    0.598191E-04
2    1    2    1    5   -0.000014    0.598384E-04    0.598191E-04
2    1    2    5    0   -0.000014    0.598384E-04    0.598191E-04
2    1    2    5    1   -0.000014    0.598384E-04    0.598191E-04
2    1    5   -1    0   -0.000014    0.598384E-04    0.598191E-04
2    1    5   -1    1   -0.000014    0.598384E-04    0.598191E-04
2    1    5    0   -1   -0.000014    0.598384E-04    0.598191E-04
2    1    5    0    2   -0.000014    0.598384E-04    0.598191E-04
2    1    5    1   -1   -0.000014    0.598384E-04    0.598191E-04
2    1    5    1    2   -0.000014    0.598384E-04    0.598191E-04
2    1    5    2    0   -0.000014    0.598384E-04    0.598191E-04
2    1    5    2    1   -0.000014    0.598384E-04    0.598191E-04
2    1   -4    0   -1   -0.000014    0.598384E-04    0.598191E-04
2    1   -4    0    2   -0.000014    0.598384E-04    0.598191E-04
2    1   -4    1   -1   -0.000014    0.598384E-04    0.598191E-04
2    1   -4    1    2   -0.000014    0.598384E-04    0.598191E-04
2    2   -4   -2   -2    0.000474    0.238280E-04   -0.406639E-03
2    2   -4   -2    2    0.000474    0.238280E-04   -0.406639E-03
2    2   -4    2   -2    0.000474    0.238280E-04   -0.406639E-03
2    2   -4    2    2    0.000474    0.238280E-04   -0.406639E-03
2    2   -2   -4   -2    0.000474    0.238280E-04   -0.406639E-03
2    2   -2   -4    2    0.000474    0.238280E-04   -0.406639E-03
2    2   -2   -2   -4    0.000474    0.238280E-04   -0.406639E-03
2    2   -2   -2    4    0.000474    0.238280E-04   -0.406639E-03
2    2   -2    2   -4    0.000474    0.238280E-04   -0.406639E-03
2    2   -2    2    4    0.000474    0.238280E-04   -0.406639E-03
2    2   -2    4   -2    0.000474    0.238280E-04   -0.406639E-03
2    2   -2    4    2    0.000474    0.238280E-04   -0.406639E-03
2    2    2   -4   -2    0.000474    0.238280E-04   -0.406639E-03
2    2    2   -4    2    0.000474    0.238280E-04   -0.406639E-03
2    2    2   -2   -4    0.000474    0.238280E-04   -0.406639E-03
2    2    2   -2    4    0.000474    0.238280E-04   -0.406639E-03
2    2    2    2   -4    0.000474    0.238280E-04   -0.406639E-03
2    2    2    2    4    0.000474    0.238280E-04   -0.406639E-03
2    2    2    4   -2    0.000474    0.238280E-04   -0.406639E-03
2    2    2    4    2    0.000474    0.238280E-04   -0.406639E-03
2    2    4   -2   -2    0.000474    0.238280E-04   -0.406639E-03
2    2    4   -2    2    0.000474    0.238280E-04   -0.406639E-03
2    2    4    2   -2    0.000474    0.238280E-04   -0.406639E-03
2    2    4    2    2    0.000474    0.238280E-04   -0.406639E-03
2    1   -3   -2   -2   -0.000833   -0.176273E-03   -0.176305E-03
2    1   -3    0    4   -0.000024    0.209940E-03    0.209947E-03
2    1   -3    1    4   -0.000024    0.209940E-03    0.209947E-03
2    1   -3    4    0   -0.000024    0.209940E-03    0.209947E-03
2    1   -3    4    1   -0.000024    0.209940E-03    0.209947E-03
2    1   -2   -3   -2   -0.000833   -0.176273E-03   -0.176305E-03
2    1   -2   -2    4   -0.000833   -0.176273E-03   -0.176305E-03
2    1   -2    3    4   -0.000833   -0.176273E-03   -0.176305E-03
2    1   -2    4   -2   -0.000833   -0.176273E-03   -0.176305E-03
2    1   -2    4    3   -0.000833   -0.176273E-03   -0.176305E-03
2    1   -1   -1    5   -0.000077    0.759543E-05    0.759699E-05
2    1   -1    2    5   -0.000077    0.759543E-05    0.759699E-05
2    1   -1    5   -1   -0.000077    0.759543E-05    0.759699E-05
2    1   -1    5    2   -0.000077    0.759543E-05    0.759699E-05
2    1    0   -3    4   -0.000024    0.209940E-03    0.209947E-03
2    1    0    4   -3   -0.000024    0.209940E-03    0.209947E-03
2    1    0    4    4   -0.000024    0.209940E-03    0.209947E-03
2    1    1   -3    4   -0.000024    0.209940E-03    0.209947E-03
2    1    1    4   -3   -0.000024    0.209940E-03    0.209947E-03
2    1    1    4    4   -0.000024    0.209940E-03    0.209947E-03
2    1    2   -1    5   -0.000077    0.759543E-05    0.759699E-05
2    1    2    2    5   -0.000077    0.759543E-05    0.759699E-05
2    1    2    5   -1   -0.000077    0.759543E-05    0.759699E-05
2    1    2    5    2   -0.000077    0.759543E-05    0.759699E-05
2    1    3   -2    4   -0.000833   -0.176273E-03   -0.176305E-03
2    1    3    3    4   -0.000833   -0.176273E-03   -0.176305E-03
2    1    3    4   -2   -0.000833   -0.176273E-03   -0.176305E-03
2    1    4   -3    0   -0.000024    0.209940E-03    0.209947E-03
2    1    4   -3    1   -0.000024    0.209940E-03    0.209947E-03
2    1    4   -2   -2   -0.000833   -0.176273E-03   -0.176305E-03
2    1    4   -2    3   -0.000833   -0.176273E-03   -0.176305E-03
2    1    4    0   -3   -0.000024    0.209940E-03    0.209947E-03
2    1    4    0    4   -0.000024    0.209940E-03    0.209947E-03
2    1    4    1   -3   -0.000024    0.209940E-03    0.209947E-03
2    1    4    1    4   -0.000024    0.209940E-03    0.209947E-03
2    1    4    3   -2   -0.000833   -0.176273E-03   -0.176305E-03
2    1    4    3    3   -0.000833   -0.176273E-03   -0.176305E-03
2    1    4    4    0   -0.000024    0.209940E-03    0.209947E-03
2    1    4    4    1   -0.000024    0.209940E-03    0.209947E-03
2    1    5   -1   -1   -0.000077    0.759543E-05    0.759699E-05
2    1    5   -1    2   -0.000077    0.759543E-05    0.759699E-05
2    1    5    2   -1   -0.000077    0.759543E-05    0.759699E-05
2    1    5    2    2   -0.000077    0.759543E-05    0.759699E-05
2    1   -4   -1   -1   -0.000077    0.759543E-05    0.759699E-05
2    1   -4   -1    2   -0.000077    0.759543E-05    0.759699E-05
2    1   -4    2   -1   -0.000077    0.759543E-05    0.759699E-05
2    1   -4    2    2   -0.000077    0.759543E-05    0.759699E-05
2    1   -3   -3    0   -0.000024    0.209940E-03    0.209947E-03
2    1   -3   -3    1   -0.000024    0.209940E-03    0.209947E-03
2    1   -3   -2    3   -0.000833   -0.176273E-03   -0.176305E-03
2    1   -3    0   -3   -0.000024    0.209940E-03    0.209947E-03
2    1   -3    1   -3   -0.000024    0.209940E-03    0.209947E-03
2    1   -3    3   -2   -0.000833   -0.176273E-03   -0.176305E-03
2    1   -3    3    3   -0.000833   -0.176273E-03   -0.176305E-03
2    1   -2   -3    3   -0.000833   -0.176273E-03   -0.176305E-03
2    1   -2   -2   -3   -0.000833   -0.176273E-03   -0.176305E-03
2    1   -2    3   -3   -0.000833   -0.176273E-03   -0.176305E-03
2    1   -1   -4   -1   -0.000077    0.759543E-05    0.759699E-05
2    1   -1   -4    2   -0.000077    0.759543E-05    0.759699E-05
2    1   -1   -1   -4   -0.000077    0.759543E-05    0.759699E-05
2    1   -1    2   -4   -0.000077    0.759543E-05    0.759699E-05
2    1    0   -3   -3   -0.000024    0.209940E-03    0.209947E-03
2    1    1   -3   -3   -0.000024    0.209940E-03    0.209947E-03
2    1    2   -4   -1   -0.000077    0.759543E-05    0.759699E-05
2    1    2   -4    2   -0.000077    0.759543E-05    0.759699E-05
2    1    2   -1   -4   -0.000077    0.759543E-05    0.759699E-05
2    1    2    2   -4   -0.000077    0.759543E-05    0.759699E-05
2    1    3   -3   -2   -0.000833   -0.176273E-03   -0.176305E-03
2    1    3   -3    3   -0.000833   -0.176273E-03   -0.176305E-03
2    1    3   -2   -3   -0.000833   -0.176273E-03   -0.176305E-03
2    1    3    3   -3   -0.000833   -0.176273E-03   -0.176305E-03
2    1    3    4    3   -0.000833   -0.176273E-03   -0.176305E-03
2    2   -5    0    0   -0.000116    0.833069E-04   -0.238455E-03
2    2   -4   -3    0   -0.000051    0.112250E-05   -0.125943E-04
2    2   -4    0    3   -0.000051    0.112250E-05   -0.125943E-04
2    2   -3   -4    0   -0.000051    0.112250E-05   -0.125943E-04
2    2   -3    0   -4   -0.000051    0.112250E-05   -0.125943E-04
2    2   -3    0    4   -0.000051    0.112250E-05   -0.125943E-04
2    2   -3    4    0   -0.000051    0.112250E-05   -0.125943E-04
2    2    0   -5    0   -0.000116    0.833069E-04   -0.238455E-03
2    2    0   -4    3   -0.000051    0.112250E-05   -0.125943E-04
2    2    0   -3   -4   -0.000051    0.112250E-05   -0.125943E-04
2    2    0   -3    4   -0.000051    0.112250E-05   -0.125943E-04
2    2    0    0   -5   -0.000116    0.833069E-04   -0.238455E-03
2    2    0    0    5   -0.000116    0.833069E-04   -0.238455E-03
2    2    0    4    3   -0.000051    0.112250E-05   -0.125943E-04
2    2    0    5    0   -0.000116    0.833069E-04   -0.238455E-03
2    2    4   -3    0   -0.000051    0.112250E-05   -0.125943E-04
2    2    4    0    3   -0.000051    0.112250E-05   -0.125943E-04
2    2    5    0    0   -0.000116    0.833069E-04   -0.238455E-03
