i    j    dx   dy   dz   Jij         χ⁰↑             χ⁰↓
1    2   -1   -1   -1   -0.283522    0.699866E-02    0.699799E-02
1    2   -1   -1    0   -0.283522    0.699866E-02    0.699799E-02
1    2   -1    0   -1   -0.283522    0.699866E-02    0.699799E-02
1    2   -1    0    0   -0.283522    0.699866E-02    0.699799E-02
1    2    0   -1   -1   -0.283522    0.699866E-02    0.699799E-02
1    2    0   -1    0   -0.283522    0.699866E-02    0.699799E-02
1    2    0    0   -1   -0.283522    0.699866E-02    0.699799E-02
1    2    0    0    0   -0.283522    0.699866E-02    0.699799E-02
1    1   -1    0    0    0.034534   -0.823785E-03    0.253760E-02
1    1    0   -1    0    0.034534   -0.823785E-03    0.253760E-02
1    1    0    0   -1    0.034534   -0.823785E-03    0.253760E-02
1    1    0    0    1    0.034534   -0.823785E-03    0.253760E-02
1    1    0    1    0    0.034534   -0.823785E-03    0.253760E-02
1    1    1    0    0    0.034534   -0.823785E-03    0.253760E-02
1    1   -1   -1    0   -0.011388   -0.824916E-03   -0.683451E-03
1    1   -1    0   -1   -0.011388   -0.824916E-03   -0.683451E-03
1    1   -1    0    1   -0.011388   -0.824916E-03   -0.683451E-03
1    1   -1    1    0   -0.011388   -0.824916E-03   -0.683451E-03
1    1    0   -1   -1   -0.011388   -0.824916E-03   -0.683451E-03
1    1    0   -1    1   -0.011388   -0.824916E-03   -0.683451E-03
1    1    0    1   -1   -0.011388   -0.824916E-03   -0.683451E-03
1    1    0    1    1   -0.011388   -0.824916E-03   -0.683451E-03
1    1    1   -1    0   -0.011388   -0.824916E-03   -0.683451E-03
1    1    1    0   -1   -0.011388   -0.824916E-03   -0.683451E-03
1    1    1    0    1   -0.011388   -0.824916E-03   -0.683451E-03
1    1    1    1    0   -0.011388   -0.824916E-03   -0.683451E-03
1    2   -2   -1   -1   -0.014831   -0.248296E-02   -0.248332E-02
1    2   -2   -1    0   -0.014831   -0.248296E-02   -0.248332E-02
1    2   -2    0   -1   -0.014831   -0.248296E-02   -0.248332E-02
1    2   -2    0    0   -0.014831   -0.248296E-02   -0.248332E-02
1    2   -1   -2   -1   -0.014831   -0.248296E-02   -0.248332E-02
1    2   -1   -2    0   -0.014831   -0.248296E-02   -0.248332E-02
1    2   -1    1   -1   -0.014831   -0.248296E-02   -0.248332E-02
1    2   -1    1    0   -0.014831   -0.248296E-02   -0.248332E-02
1    2    0   -2   -1   -0.014831   -0.248296E-02   -0.248332E-02
1    2    0   -2    0   -0.014831   -0.248296E-02   -0.248332E-02
1    2    0    1   -1   -0.014831   -0.248296E-02   -0.248332E-02
1    2    0    1    0   -0.014831   -0.248296E-02   -0.248332E-02
1    2    1   -1   -1   -0.014831   -0.248296E-02   -0.248332E-02
1    2    1   -1    0   -0.014831   -0.248296E-02   -0.248332E-02
1    2    1    0   -1   -0.014831   -0.248296E-02   -0.248332E-02
1    2    1    0    0   -0.014831   -0.248296E-02   -0.248332E-02
1    2   -1   -1   -2   -0.014831   -0.248296E-02   -0.248332E-02
1    2   -1   -1    1   -0.014831   -0.248296E-02   -0.248332E-02
1    2   -1    0   -2   -0.014831   -0.248296E-02   -0.248332E-02
1    2   -1    0    1   -0.014831   -0.248296E-02   -0.248332E-02
1    2    0   -1   -2   -0.014831   -0.248296E-02   -0.248332E-02
1    2    0   -1    1   -0.014831   -0.248296E-02   -0.248332E-02
1    2    0    0   -2   -0.014831   -0.248296E-02   -0.248332E-02
1    2    0    0    1   -0.014831   -0.248296E-02   -0.248332E-02
1    1   -1   -1   -1    0.023302    0.317880E-02   -0.817402E-03
1    1   -1   -1    1    0.023302    0.317880E-02   -0.817402E-03
1    1   -1    1   -1    0.023302    0.317880E-02   -0.817402E-03
1    1   -1    1    1    0.023302    0.317880E-02   -0.817402E-03
1    1    1   -1   -1    0.023302    0.317880E-02   -0.817402E-03
1    1    1   -1    1    0.023302    0.317880E-02   -0.817402E-03
1    1    1    1   -1    0.023302    0.317880E-02   -0.817402E-03
1    1    1    1    1    0.023302    0.317880E-02   -0.817402E-03
1    1   -2    0    0    0.005528    0.411796E-02    0.123392E-02
1    1    0   -2    0    0.005528    0.411796E-02    0.123392E-02
1    1    0    0   -2    0.005528    0.411796E-02    0.123392E-02
1    1    0    0    2    0.005528    0.411796E-02    0.123392E-02
1    1    0    2    0    0.005528    0.411796E-02    0.123392E-02
1    1    2    0    0    0.005528    0.411796E-02    0.123392E-02
1    2   -2   -2   -1    0.000948   -0.106051E-03   -0.105983E-03
1    2   -2   -2    0    0.000948   -0.106051E-03   -0.105983E-03
1    2   -2   -1   -2    0.000948   -0.106051E-03   -0.105983E-03
1    2   -2   -1    1    0.000948   -0.106051E-03   -0.105983E-03
1    2   -2    0   -2    0.000948   -0.106051E-03   -0.105983E-03
1    2   -2    0    1    0.000948   -0.106051E-03   -0.105983E-03
1    2   -2    1   -1    0.000948   -0.106051E-03   -0.105983E-03
1    2   -2    1    0    0.000948   -0.106051E-03   -0.105983E-03
1    2   -1   -2   -2    0.000948   -0.106051E-03   -0.105983E-03
1    2   -1   -2    1    0.000948   -0.106051E-03   -0.105983E-03
1    2   -1    1   -2    0.000948   -0.106051E-03   -0.105983E-03
1    2   -1    1    1    0.000948   -0.106051E-03   -0.105983E-03
1    2    0   -2   -2    0.000948   -0.106051E-03   -0.105983E-03
1    2    0   -2    1    0.000948   -0.106051E-03   -0.105983E-03
1    2    0    1   -2    0.000948   -0.106051E-03   -0.105983E-03
1    2    0    1    1    0.000948   -0.106051E-03   -0.105983E-03
1    2    1   -2   -1    0.000948   -0.106051E-03   -0.105983E-03
1    2    1   -2    0    0.000948   -0.106051E-03   -0.105983E-03
1    2    1   -1   -2    0.000948   -0.106051E-03   -0.105983E-03
1    2    1   -1    1    0.000948   -0.106051E-03   -0.105983E-03
1    2    1    0   -2    0.000948   -0.106051E-03   -0.105983E-03
1    2    1    0    1    0.000948   -0.106051E-03   -0.105983E-03
1    2    1    1   -1    0.000948   -0.106051E-03   -0.105983E-03
1    2    1    1    0    0.000948   -0.106051E-03   -0.105983E-03
1    1   -2   -1    0   -0.000670   -0.133577E-02    0.201426E-02
1    1   -2    0   -1   -0.000670   -0.133577E-02    0.201426E-02
1    1   -2    0    1   -0.000670   -0.133577E-02    0.201426E-02
1    1   -2    1    0   -0.000670   -0.133577E-02    0.201426E-02
1    1   -1   -2    0   -0.000670   -0.133577E-02    0.201426E-02
1    1   -1    0   -2   -0.000670   -0.133577E-02    0.201426E-02
1    1   -1    0    2   -0.000670   -0.133577E-02    0.201426E-02
1    1   -1    2    0   -0.000670   -0.133577E-02    0.201426E-02
1    1    0   -2   -1   -0.000670   -0.133577E-02    0.201426E-02
1    1    0   -2    1   -0.000670   -0.133577E-02    0.201426E-02
1    1    0   -1   -2   -0.000670   -0.133577E-02    0.201426E-02
1    1    0   -1    2   -0.000670   -0.133577E-02    0.201426E-02
1    1    0    1   -2   -0.000670   -0.133577E-02    0.201426E-02
1    1    0    1    2   -0.000670   -0.133577E-02    0.201426E-02
1    1    0    2   -1   -0.000670   -0.133577E-02    0.201426E-02
1    1    0    2    1   -0.000670   -0.133577E-02    0.201426E-02
1    1    1   -2    0   -0.000670   -0.133577E-02    0.201426E-02
1    1    1    0   -2   -0.000670   -0.133577E-02    0.201426E-02
1    1    1    0    2   -0.000670   -0.133577E-02    0.201426E-02
1    1    1    2    0   -0.000670   -0.133577E-02    0.201426E-02
1    1    2   -1    0   -0.000670   -0.133577E-02    0.201426E-02
1    1    2    0   -1   -0.000670   -0.133577E-02    0.201426E-02
1    1    2    0    1   -0.000670   -0.133577E-02    0.201426E-02
1    1    2    1    0   -0.000670   -0.133577E-02    0.201426E-02
1    1   -2   -1   -1    0.007165    0.853747E-03    0.180768E-02
1    1   -2   -1    1    0.007165    0.853747E-03    0.180768E-02
1    1   -2    1   -1    0.007165    0.853747E-03    0.180768E-02
1    1   -2    1    1    0.007165    0.853747E-03    0.180768E-02
1    1   -1   -2   -1    0.007165    0.853747E-03    0.180768E-02
1    1   -1   -2    1    0.007165    0.853747E-03    0.180768E-02
1    1   -1   -1   -2    0.007165    0.853747E-03    0.180768E-02
1    1   -1   -1    2    0.007165    0.853747E-03    0.180768E-02
1    1   -1    1   -2    0.007165    0.853747E-03    0.180768E-02
1    1   -1    1    2    0.007165    0.853747E-03    0.180768E-02
1    1   -1    2   -1    0.007165    0.853747E-03    0.180768E-02
1    1   -1    2    1    0.007165    0.853747E-03    0.180768E-02
1    1    1   -2   -1    0.007165    0.853747E-03    0.180768E-02
1    1    1   -2    1    0.007165    0.853747E-03    0.180768E-02
1    1    1   -1   -2    0.007165    0.853747E-03    0.180768E-02
1    1    1   -1    2    0.007165    0.853747E-03    0.180768E-02
1    1    1    1   -2    0.007165    0.853747E-03    0.180768E-02
1    1    1    1    2    0.007165    0.853747E-03    0.180768E-02
1    1    1    2   -1    0.007165    0.853747E-03    0.180768E-02
1    1    1    2    1    0.007165    0.853747E-03    0.180768E-02
1    1    2   -1   -1    0.007165    0.853747E-03    0.180768E-02
1    1    2   -1    1    0.007165    0.853747E-03    0.180768E-02
1    1    2    1   -1    0.007165    0.853747E-03    0.180768E-02
1    1    2    1    1    0.007165    0.853747E-03    0.180768E-02
1    2   -2   -2   -2   -0.006276    0.359609E-03    0.359702E-03
1    2   -2   -2    1   -0.006276    0.359609E-03    0.359702E-03
1    2   -2    1   -2   -0.006276    0.359609E-03    0.359702E-03
1    2   -2    1    1   -0.006276    0.359609E-03    0.359702E-03
1    2   -1   -1    2   -0.000504    0.150075E-04    0.150992E-04
1    2   -1    0    2   -0.000504    0.150075E-04    0.150992E-04
1    2   -1    2   -1   -0.000504    0.150075E-04    0.150992E-04
1    2   -1    2    0   -0.000504    0.150075E-04    0.150992E-04
1    2    0   -1    2   -0.000504    0.150075E-04    0.150992E-04
1    2    0    0    2   -0.000504    0.150075E-04    0.150992E-04
1    2    0    2   -1   -0.000504    0.150075E-04    0.150992E-04
1    2    0    2    0   -0.000504    0.150075E-04    0.150992E-04
1    2    1   -2   -2   -0.006276    0.359609E-03    0.359702E-03
1    2    1   -2    1   -0.006276    0.359609E-03    0.359702E-03
1    2    1    1   -2   -0.006276    0.359609E-03    0.359702E-03
1    2    1    1    1   -0.006276    0.359609E-03    0.359702E-03
1    2    2   -1   -1   -0.000504    0.150075E-04    0.150992E-04
1    2    2   -1    0   -0.000504    0.150075E-04    0.150992E-04
1    2    2    0   -1   -0.000504    0.150075E-04    0.150992E-04
1    2    2    0    0   -0.000504    0.150075E-04    0.150992E-04
1    2   -3   -1   -1   -0.000504    0.150075E-04    0.150992E-04
1    2   -3   -1    0   -0.000504    0.150075E-04    0.150992E-04
1    2   -3    0   -1   -0.000504    0.150075E-04    0.150992E-04
1    2   -3    0    0   -0.000504    0.150075E-04    0.150992E-04
1    2   -1   -3   -1   -0.000504    0.150075E-04    0.150992E-04
1    2   -1   -3    0   -0.000504    0.150075E-04    0.150992E-04
1    2   -1   -1   -3   -0.000504    0.150075E-04    0.150992E-04
1    2   -1    0   -3   -0.000504    0.150075E-04    0.150992E-04
1    2    0   -3   -1   -0.000504    0.150075E-04    0.150992E-04
1    2    0   -3    0   -0.000504    0.150075E-04    0.150992E-04
1    2    0   -1   -3   -0.000504    0.150075E-04    0.150992E-04
1    2    0    0   -3   -0.000504    0.150075E-04    0.150992E-04
1    1   -2   -2    0   -0.001807    0.222569E-03   -0.401672E-04
1    1   -2    0   -2   -0.001807    0.222569E-03   -0.401672E-04
1    1   -2    0    2   -0.001807    0.222569E-03   -0.401672E-04
1    1   -2    2    0   -0.001807    0.222569E-03   -0.401672E-04
1    1    0   -2   -2   -0.001807    0.222569E-03   -0.401672E-04
1    1    0   -2    2   -0.001807    0.222569E-03   -0.401672E-04
1    1    0    2   -2   -0.001807    0.222569E-03   -0.401672E-04
1    1    0    2    2   -0.001807    0.222569E-03   -0.401672E-04
1    1    2   -2    0   -0.001807    0.222569E-03   -0.401672E-04
1    1    2    0   -2   -0.001807    0.222569E-03   -0.401672E-04
1    1    2    0    2   -0.001807    0.222569E-03   -0.401672E-04
1    1    2    2    0   -0.001807    0.222569E-03   -0.401672E-04
1    2   -2   -1    2   -0.000452    0.287721E-04    0.288047E-04
1    2   -2    0    2   -0.000452    0.287721E-04    0.288047E-04
1    2   -2    2   -1   -0.000452    0.287721E-04    0.288047E-04
1    2   -2    2    0   -0.000452    0.287721E-04    0.288047E-04
1    2   -1   -2    2   -0.000452    0.287721E-04    0.288047E-04
1    2   -1    1    2   -0.000452    0.287721E-04    0.288047E-04
1    2   -1    2   -2   -0.000452    0.287721E-04    0.288047E-04
1    2   -1    2    1   -0.000452    0.287721E-04    0.288047E-04
1    2    0   -2    2   -0.000452    0.287721E-04    0.288047E-04
1    2    0    1    2   -0.000452    0.287721E-04    0.288047E-04
1    2    0    2   -2   -0.000452    0.287721E-04    0.288047E-04
1    2    0    2    1   -0.000452    0.287721E-04    0.288047E-04
1    2    1   -1    2   -0.000452    0.287721E-04    0.288047E-04
1    2    1    0    2   -0.000452    0.287721E-04    0.288047E-04
1    2    1    2   -1   -0.000452    0.287721E-04    0.288047E-04
1    2    1    2    0   -0.000452    0.287721E-04    0.288047E-04
1    2    2   -2   -1   -0.000452    0.287721E-04    0.288047E-04
1    2    2   -2    0   -0.000452    0.287721E-04    0.288047E-04
1    2    2   -1   -2   -0.000452    0.287721E-04    0.288047E-04
1    2    2   -1    1   -0.000452    0.287721E-04    0.288047E-04
1    2    2    0   -2   -0.000452    0.287721E-04    0.288047E-04
1    2    2    0    1   -0.000452    0.287721E-04    0.288047E-04
1    2    2    1   -1   -0.000452    0.287721E-04    0.288047E-04
1    2    2    1    0   -0.000452    0.287721E-04    0.288047E-04
1    2   -3   -2   -1   -0.000452    0.287721E-04    0.288047E-04
1    2   -3   -2    0   -0.000452    0.287721E-04    0.288047E-04
1    2   -3   -1   -2   -0.000452    0.287721E-04    0.288047E-04
1    2   -3   -1    1   -0.000452    0.287721E-04    0.288047E-04
1    2   -3    0   -2   -0.000452    0.287721E-04    0.288047E-04
1    2   -3    0    1   -0.000452    0.287721E-04    0.288047E-04
1    2   -3    1   -1   -0.000452    0.287721E-04    0.288047E-04
1    2   -3    1    0   -0.000452    0.287721E-04    0.288047E-04
1    2   -2   -3   -1   -0.000452    0.287721E-04    0.288047E-04
1    2   -2   -3    0   -0.000452    0.287721E-04    0.288047E-04
1    2   -2   -1   -3   -0.000452    0.287721E-04    0.288047E-04
1    2   -2    0   -3   -0.000452    0.287721E-04    0.288047E-04
1    2   -1   -3   -2   -0.000452    0.287721E-04    0.288047E-04
1    2   -1   -3    1   -0.000452    0.287721E-04    0.288047E-04
1    2   -1   -2   -3   -0.000452    0.287721E-04    0.288047E-04
1    2   -1    1   -3   -0.000452    0.287721E-04    0.288047E-04
1    2    0   -3   -2   -0.000452    0.287721E-04    0.288047E-04
1    2    0   -3    1   -0.000452    0.287721E-04    0.288047E-04
1    2    0   -2   -3   -0.000452    0.287721E-04    0.288047E-04
1    2    0    1   -3   -0.000452    0.287721E-04    0.288047E-04
1    2    1   -3   -1   -0.000452    0.287721E-04    0.288047E-04
1    2    1   -3    0   -0.000452    0.287721E-04    0.288047E-04
1    2    1   -1   -3   -0.000452    0.287721E-04    0.288047E-04
1    2    1    0   -3   -0.000452    0.287721E-04    0.288047E-04
1    1   -3    0    0   -0.001726   -0.626570E-03    0.313900E-03
1    1   -2   -2   -1   -0.001347    0.816629E-05   -0.162062E-03
1    1   -2   -2    1   -0.001347    0.816629E-05   -0.162062E-03
1    1   -2   -1   -2   -0.001347    0.816629E-05   -0.162062E-03
1    1   -2   -1    2   -0.001347    0.816629E-05   -0.162062E-03
1    1   -2    1   -2   -0.001347    0.816629E-05   -0.162062E-03
1    1   -2    1    2   -0.001347    0.816629E-05   -0.162062E-03
1    1   -2    2   -1   -0.001347    0.816629E-05   -0.162062E-03
1    1   -2    2    1   -0.001347    0.816629E-05   -0.162062E-03
1    1   -1   -2   -2   -0.001347    0.816629E-05   -0.162062E-03
1    1   -1   -2    2   -0.001347    0.816629E-05   -0.162062E-03
1    1   -1    2   -2   -0.001347    0.816629E-05   -0.162062E-03
1    1   -1    2    2   -0.001347    0.816629E-05   -0.162062E-03
1    1    0   -3    0   -0.001726   -0.626570E-03    0.313900E-03
1    1    0    0   -3   -0.001726   -0.626570E-03    0.313900E-03
1    1    0    0    3   -0.001726   -0.626570E-03    0.313900E-03
1    1    0    3    0   -0.001726   -0.626570E-03    0.313900E-03
1    1    1   -2   -2   -0.001347    0.816629E-05   -0.162062E-03
1    1    1   -2    2   -0.001347    0.816629E-05   -0.162062E-03
1    1    1    2   -2   -0.001347    0.816629E-05   -0.162062E-03
1    1    1    2    2   -0.001347    0.816629E-05   -0.162062E-03
1    1    2   -2   -1   -0.001347    0.816629E-05   -0.162062E-03
1    1    2   -2    1   -0.001347    0.816629E-05   -0.162062E-03
1    1    2   -1   -2   -0.001347    0.816629E-05   -0.162062E-03
1    1    2   -1    2   -0.001347    0.816629E-05   -0.162062E-03
1    1    2    1   -2   -0.001347    0.816629E-05   -0.162062E-03
1    1    2    1    2   -0.001347    0.816629E-05   -0.162062E-03
1    1    2    2   -1   -0.001347    0.816629E-05   -0.162062E-03
1    1    2    2    1   -0.001347    0.816629E-05   -0.162062E-03
1    1    3    0    0   -0.001726   -0.626570E-03    0.313900E-03
1    1   -3   -1    0   -0.000645   -0.311505E-04    0.147600E-03
1    1   -3    0   -1   -0.000645   -0.311505E-04    0.147600E-03
1    1   -3    0    1   -0.000645   -0.311505E-04    0.147600E-03
1    1   -3    1    0   -0.000645   -0.311505E-04    0.147600E-03
1    1   -1   -3    0   -0.000645   -0.311505E-04    0.147600E-03
1    1   -1    0   -3   -0.000645   -0.311505E-04    0.147600E-03
1    1   -1    0    3   -0.000645   -0.311505E-04    0.147600E-03
1    1   -1    3    0   -0.000645   -0.311505E-04    0.147600E-03
1    1    0   -3   -1   -0.000645   -0.311505E-04    0.147600E-03
1    1    0   -3    1   -0.000645   -0.311505E-04    0.147600E-03
1    1    0   -1   -3   -0.000645   -0.311505E-04    0.147600E-03
1    1    0   -1    3   -0.000645   -0.311505E-04    0.147600E-03
1    1    0    1   -3   -0.000645   -0.311505E-04    0.147600E-03
1    1    0    1    3   -0.000645   -0.311505E-04    0.147600E-03
1    1    0    3   -1   -0.000645   -0.311505E-04    0.147600E-03
1    1    0    3    1   -0.000645   -0.311505E-04    0.147600E-03
1    1    1   -3    0   -0.000645   -0.311505E-04    0.147600E-03
1    1    1    0   -3   -0.000645   -0.311505E-04    0.147600E-03
1    1    1    0    3   -0.000645   -0.311505E-04    0.147600E-03
1    1    1    3    0   -0.000645   -0.311505E-04    0.147600E-03
1    1    3   -1    0   -0.000645   -0.311505E-04    0.147600E-03
1    1    3    0   -1   -0.000645   -0.311505E-04    0.147600E-03
1    1    3    0    1   -0.000645   -0.311505E-04    0.147600E-03
1    1    3    1    0   -0.000645   -0.311505E-04    0.147600E-03
1    2   -3   -2   -2   -0.002601   -0.182835E-03   -0.182886E-03
1    2   -3   -2    1   -0.002601   -0.182835E-03   -0.182886E-03
1    2   -3    1   -2   -0.002601   -0.182835E-03   -0.182886E-03
1    2   -3    1    1   -0.002601   -0.182835E-03   -0.182886E-03
1    2   -2   -3   -2   -0.002601   -0.182835E-03   -0.182886E-03
1    2   -2   -3    1   -0.002601   -0.182835E-03   -0.182886E-03
1    2   -2   -2   -3   -0.002601   -0.182835E-03   -0.182886E-03
1    2   -2   -2    2   -0.002601   -0.182835E-03   -0.182886E-03
1    2   -2    1   -3   -0.002601   -0.182835E-03   -0.182886E-03
1    2   -2    1    2   -0.002601   -0.182835E-03   -0.182886E-03
1    2   -2    2   -2   -0.002601   -0.182835E-03   -0.182886E-03
1    2   -2    2    1   -0.002601   -0.182835E-03   -0.182886E-03
1    2    1   -3   -2   -0.002601   -0.182835E-03   -0.182886E-03
1    2    1   -3    1   -0.002601   -0.182835E-03   -0.182886E-03
1    2    1   -2   -3   -0.002601   -0.182835E-03   -0.182886E-03
1    2    1   -2    2   -0.002601   -0.182835E-03   -0.182886E-03
1    2    1    1   -3   -0.002601   -0.182835E-03   -0.182886E-03
1    2    1    1    2   -0.002601   -0.182835E-03   -0.182886E-03
1    2    1    2   -2   -0.002601   -0.182835E-03   -0.182886E-03
1    2    1    2    1   -0.002601   -0.182835E-03   -0.182886E-03
1    2    2   -2   -2   -0.002601   -0.182835E-03   -0.182886E-03
1    2    2   -2    1   -0.002601   -0.182835E-03   -0.182886E-03
1    2    2    1   -2   -0.002601   -0.182835E-03   -0.182886E-03
1    2    2    1    1   -0.002601   -0.182835E-03   -0.182886E-03
1    1   -3   -1   -1    0.000716    0.137520E-03   -0.626732E-04
1    1   -3   -1    1    0.000716    0.137520E-03   -0.626732E-04
1    1   -3    1   -1    0.000716    0.137520E-03   -0.626732E-04
1    1   -3    1    1    0.000716    0.137520E-03   -0.626732E-04
1    1   -1   -3   -1    0.000716    0.137520E-03   -0.626732E-04
1    1   -1   -3    1    0.000716    0.137520E-03   -0.626732E-04
1    1   -1    3   -1    0.000716    0.137520E-03   -0.626732E-04
1    1   -1    3    1    0.000716    0.137520E-03   -0.626732E-04
1    1    1   -3   -1    0.000716    0.137520E-03   -0.626732E-04
1    1    1   -3    1    0.000716    0.137520E-03   -0.626732E-04
1    1    1    3   -1    0.000716    0.137520E-03   -0.626732E-04
1    1    1    3    1    0.000716    0.137520E-03   -0.626732E-04
1    1    3   -1   -1    0.000716    0.137520E-03   -0.626732E-04
1    1    3   -1    1    0.000716    0.137520E-03   -0.626732E-04
1    1    3    1   -1    0.000716    0.137520E-03   -0.626732E-04
1    1    3    1    1    0.000716    0.137520E-03   -0.626732E-04
1    1   -1   -1   -3    0.000716    0.137520E-03   -0.626732E-04
1    1   -1   -1    3    0.000716    0.137520E-03   -0.626732E-04
1    1   -1    1   -3    0.000716    0.137520E-03   -0.626732E-04
1    1   -1    1    3    0.000716    0.137520E-03   -0.626732E-04
1    1    1   -1   -3    0.000716    0.137520E-03   -0.626732E-04
1    1    1   -1    3    0.000716    0.137520E-03   -0.626732E-04
1    1    1    1   -3    0.000716    0.137520E-03   -0.626732E-04
1    1    1    1    3    0.000716    0.137520E-03   -0.626732E-04
1    1   -2   -2   -2    0.003457   -0.912941E-04   -0.148443E-04
1    1   -2   -2    2    0.003457   -0.912941E-04   -0.148443E-04
1    1   -2    2   -2    0.003457   -0.912941E-04   -0.148443E-04
1    1   -2    2    2    0.003457   -0.912941E-04   -0.148443E-04
1    1    2   -2   -2    0.003457   -0.912941E-04   -0.148443E-04
1    1    2   -2    2    0.003457   -0.912941E-04   -0.148443E-04
1    1    2    2   -2    0.003457   -0.912941E-04   -0.148443E-04
1    1    2    2    2    0.003457   -0.912941E-04   -0.148443E-04
1    2   -4   -1   -1    0.000111    0.326550E-05    0.326261E-05
1    2   -4   -1    0    0.000111    0.326550E-05    0.326261E-05
1    2   -4    0   -1    0.000111    0.326550E-05    0.326261E-05
1    2   -4    0    0    0.000111    0.326550E-05    0.326261E-05
1    2   -1   -4   -1    0.000111    0.326550E-05    0.326261E-05
1    2   -1   -4    0    0.000111    0.326550E-05    0.326261E-05
1    2   -1   -1   -4    0.000111    0.326550E-05    0.326261E-05
1    2   -1    0   -4    0.000111    0.326550E-05    0.326261E-05
1    2   -1    2    2   -0.000014   -0.214491E-04   -0.214283E-04
1    2    0   -4   -1    0.000111    0.326550E-05    0.326261E-05
1    2    0   -4    0    0.000111    0.326550E-05    0.326261E-05
1    2    0   -1   -4    0.000111    0.326550E-05    0.326261E-05
1    2    0    0   -4    0.000111    0.326550E-05    0.326261E-05
1    2    0    2    2   -0.000014   -0.214491E-04   -0.214283E-04
1    2    2   -3   -1   -0.000014   -0.214491E-04   -0.214283E-04
1    2    2   -3    0   -0.000014   -0.214491E-04   -0.214283E-04
1    2    2   -1    2   -0.000014   -0.214491E-04   -0.214283E-04
1    2    2    0    2   -0.000014   -0.214491E-04   -0.214283E-04
1    2    2    2   -1   -0.000014   -0.214491E-04   -0.214283E-04
1    2    2    2    0   -0.000014   -0.214491E-04   -0.214283E-04
1    2   -3   -3   -1   -0.000014   -0.214491E-04   -0.214283E-04
1    2   -3   -3    0   -0.000014   -0.214491E-04   -0.214283E-04
1    2   -3   -1   -3   -0.000014   -0.214491E-04   -0.214283E-04
1    2   -3   -1    2   -0.000014   -0.214491E-04   -0.214283E-04
1    2   -3    0   -3   -0.000014   -0.214491E-04   -0.214283E-04
1    2   -3    0    2   -0.000014   -0.214491E-04   -0.214283E-04
1    2   -3    2   -1   -0.000014   -0.214491E-04   -0.214283E-04
1    2   -3    2    0   -0.000014   -0.214491E-04   -0.214283E-04
1    2   -1   -3   -3   -0.000014   -0.214491E-04   -0.214283E-04
1    2   -1   -3    2   -0.000014   -0.214491E-04   -0.214283E-04
1    2   -1   -1    3    0.000111    0.326550E-05    0.326261E-05
1    2   -1    0    3    0.000111    0.326550E-05    0.326261E-05
1    2   -1    2   -3   -0.000014   -0.214491E-04   -0.214283E-04
1    2   -1    3   -1    0.000111    0.326550E-05    0.326261E-05
1    2   -1    3    0    0.000111    0.326550E-05    0.326261E-05
1    2    0   -3   -3   -0.000014   -0.214491E-04   -0.214283E-04
1    2    0   -3    2   -0.000014   -0.214491E-04   -0.214283E-04
1    2    0   -1    3    0.000111    0.326550E-05    0.326261E-05
1    2    0    0    3    0.000111    0.326550E-05    0.326261E-05
1    2    0    2   -3   -0.000014   -0.214491E-04   -0.214283E-04
1    2    0    3   -1    0.000111    0.326550E-05    0.326261E-05
1    2    0    3    0    0.000111    0.326550E-05    0.326261E-05
1    2    2   -1   -3   -0.000014   -0.214491E-04   -0.214283E-04
1    2    2    0   -3   -0.000014   -0.214491E-04   -0.214283E-04
1    2    3   -1   -1    0.000111    0.326550E-05    0.326261E-05
1    2    3   -1    0    0.000111    0.326550E-05    0.326261E-05
1    2    3    0   -1    0.000111    0.326550E-05    0.326261E-05
1    2    3    0    0    0.000111    0.326550E-05    0.326261E-05
1    1   -3   -2    0    0.000510    0.332932E-03   -0.365398E-03
1    1   -3    0   -2    0.000510    0.332932E-03   -0.365398E-03
1    1   -3    0    2    0.000510    0.332932E-03   -0.365398E-03
1    1   -3    2    0    0.000510    0.332932E-03   -0.365398E-03
1    1   -2   -3    0    0.000510    0.332932E-03   -0.365398E-03
1    1   -2    0   -3    0.000510    0.332932E-03   -0.365398E-03
1    1   -2    0    3    0.000510    0.332932E-03   -0.365398E-03
1    1   -2    3    0    0.000510    0.332932E-03   -0.365398E-03
1    1    0   -3   -2    0.000510    0.332932E-03   -0.365398E-03
1    1    0   -3    2    0.000510    0.332932E-03   -0.365398E-03
1    1    0   -2   -3    0.000510    0.332932E-03   -0.365398E-03
1    1    0   -2    3    0.000510    0.332932E-03   -0.365398E-03
1    1    0    2   -3    0.000510    0.332932E-03   -0.365398E-03
1    1    0    2    3    0.000510    0.332932E-03   -0.365398E-03
1    1    0    3   -2    0.000510    0.332932E-03   -0.365398E-03
1    1    0    3    2    0.000510    0.332932E-03   -0.365398E-03
1    1    2   -3    0    0.000510    0.332932E-03   -0.365398E-03
1    1    2    0   -3    0.000510    0.332932E-03   -0.365398E-03
1    1    2    0    3    0.000510    0.332932E-03   -0.365398E-03
1    1    2    3    0    0.000510    0.332932E-03   -0.365398E-03
1    1    3   -2    0    0.000510    0.332932E-03   -0.365398E-03
1    1    3    0   -2    0.000510    0.332932E-03   -0.365398E-03
1    1    3    0    2    0.000510    0.332932E-03   -0.365398E-03
1    1    3    2    0    0.000510    0.332932E-03   -0.365398E-03
1    1   -3   -2   -1    0.000077    0.265311E-03    0.393312E-04
1    1   -3   -2    1    0.000077    0.265311E-03    0.393312E-04
1    1   -3   -1   -2    0.000077    0.265311E-03    0.393312E-04
1    1   -3   -1    2    0.000077    0.265311E-03    0.393312E-04
1    1   -3    1   -2    0.000077    0.265311E-03    0.393312E-04
1    1   -3    1    2    0.000077    0.265311E-03    0.393312E-04
1    1   -3    2   -1    0.000077    0.265311E-03    0.393312E-04
1    1   -3    2    1    0.000077    0.265311E-03    0.393312E-04
1    1   -2   -3   -1    0.000077    0.265311E-03    0.393312E-04
1    1   -2   -3    1    0.000077    0.265311E-03    0.393312E-04
1    1   -2   -1   -3    0.000077    0.265311E-03    0.393312E-04
1    1   -2   -1    3    0.000077    0.265311E-03    0.393312E-04
1    1   -2    1   -3    0.000077    0.265311E-03    0.393312E-04
1    1   -2    1    3    0.000077    0.265311E-03    0.393312E-04
1    1   -2    3   -1    0.000077    0.265311E-03    0.393312E-04
1    1   -2    3    1    0.000077    0.265311E-03    0.393312E-04
1    1   -1   -3   -2    0.000077    0.265311E-03    0.393312E-04
1    1   -1   -3    2    0.000077    0.265311E-03    0.393312E-04
1    1   -1   -2   -3    0.000077    0.265311E-03    0.393312E-04
1    1   -1   -2    3    0.000077    0.265311E-03    0.393312E-04
1    1   -1    2   -3    0.000077    0.265311E-03    0.393312E-04
1    1   -1    2    3    0.000077    0.265311E-03    0.393312E-04
1    1   -1    3   -2    0.000077    0.265311E-03    0.393312E-04
1    1   -1    3    2    0.000077    0.265311E-03    0.393312E-04
1    1    1   -3   -2    0.000077    0.265311E-03    0.393312E-04
1    1    1   -3    2    0.000077    0.265311E-03    0.393312E-04
1    1    1   -2   -3    0.000077    0.265311E-03    0.393312E-04
1    1    1   -2    3    0.000077    0.265311E-03    0.393312E-04
1    1    1    2   -3    0.000077    0.265311E-03    0.393312E-04
1    1    1    2    3    0.000077    0.265311E-03    0.393312E-04
1    1    1    3   -2    0.000077    0.265311E-03    0.393312E-04
1    1    1    3    2    0.000077    0.265311E-03    0.393312E-04
1    1    2   -3   -1    0.000077    0.265311E-03    0.393312E-04
1    1    2   -3    1    0.000077    0.265311E-03    0.393312E-04
1    1    2   -1   -3    0.000077    0.265311E-03    0.393312E-04
1    1    2   -1    3    0.000077    0.265311E-03    0.393312E-04
1    1    2    1   -3    0.000077    0.265311E-03    0.393312E-04
1    1    2    1    3    0.000077    0.265311E-03    0.393312E-04
1    1    2    3   -1    0.000077    0.265311E-03    0.393312E-04
1    1    2    3    1    0.000077    0.265311E-03    0.393312E-04
1    1    3   -2   -1    0.000077    0.265311E-03    0.393312E-04
1    1    3   -2    1    0.000077    0.265311E-03    0.393312E-04
1    1    3   -1   -2    0.000077    0.265311E-03    0.393312E-04
1    1    3   -1    2    0.000077    0.265311E-03    0.393312E-04
1    1    3    1   -2    0.000077    0.265311E-03    0.393312E-04
1    1    3    1    2    0.000077    0.265311E-03    0.393312E-04
1    1    3    2   -1    0.000077    0.265311E-03    0.393312E-04
1    1    3    2    1    0.000077    0.265311E-03    0.393312E-04
1    2   -4   -2   -1    0.000007   -0.227802E-03   -0.227820E-03
1    2   -4   -2    0    0.000007   -0.227802E-03   -0.227820E-03
1    2   -4   -1   -2    0.000007   -0.227802E-03   -0.227820E-03
1    2   -4   -1    1    0.000007   -0.227802E-03   -0.227820E-03
1    2   -4    0   -2    0.000007   -0.227802E-03   -0.227820E-03
1    2   -4    0    1    0.000007   -0.227802E-03   -0.227820E-03
1    2   -4    1   -1    0.000007   -0.227802E-03   -0.227820E-03
1    2   -4    1    0    0.000007   -0.227802E-03   -0.227820E-03
1    2   -2   -4   -1    0.000007   -0.227802E-03   -0.227820E-03
1    2   -2   -4    0    0.000007   -0.227802E-03   -0.227820E-03
1    2   -2   -3    2    0.000029    0.105128E-04    0.105649E-04
1    2   -2   -1   -4    0.000007   -0.227802E-03   -0.227820E-03
1    2   -2    0   -4    0.000007   -0.227802E-03   -0.227820E-03
1    2   -2    2    2    0.000029    0.105128E-04    0.105649E-04
1    2   -1   -4   -2    0.000007   -0.227802E-03   -0.227820E-03
1    2   -1   -4    1    0.000007   -0.227802E-03   -0.227820E-03
1    2   -1   -2   -4    0.000007   -0.227802E-03   -0.227820E-03
1    2   -1    1   -4    0.000007   -0.227802E-03   -0.227820E-03
1    2    0   -4   -2    0.000007   -0.227802E-03   -0.227820E-03
1    2    0   -4    1    0.000007   -0.227802E-03   -0.227820E-03
1    2    0   -2   -4    0.000007   -0.227802E-03   -0.227820E-03
1    2    0    1   -4    0.000007   -0.227802E-03   -0.227820E-03
1    2    1   -4   -1    0.000007   -0.227802E-03   -0.227820E-03
1    2    1   -4    0    0.000007   -0.227802E-03   -0.227820E-03
1    2    1   -3    2    0.000029    0.105128E-04    0.105649E-04
1    2    1   -1   -4    0.000007   -0.227802E-03   -0.227820E-03
1    2    1    0   -4    0.000007   -0.227802E-03   -0.227820E-03
1    2    1    2    2    0.000029    0.105128E-04    0.105649E-04
1    2    2   -3   -2    0.000029    0.105128E-04    0.105649E-04
1    2    2   -3    1    0.000029    0.105128E-04    0.105649E-04
1    2    2   -2    2    0.000029    0.105128E-04    0.105649E-04
1    2    2    1    2    0.000029    0.105128E-04    0.105649E-04
1    2    2    2   -2    0.000029    0.105128E-04    0.105649E-04
1    2    2    2    1    0.000029    0.105128E-04    0.105649E-04
1    2   -3   -3   -2    0.000029    0.105128E-04    0.105649E-04
1    2   -3   -3    1    0.000029    0.105128E-04    0.105649E-04
1    2   -3   -2   -3    0.000029    0.105128E-04    0.105649E-04
1    2   -3   -2    2    0.000029    0.105128E-04    0.105649E-04
1    2   -3    1   -3    0.000029    0.105128E-04    0.105649E-04
1    2   -3    1    2    0.000029    0.105128E-04    0.105649E-04
1    2   -3    2   -2    0.000029    0.105128E-04    0.105649E-04
1    2   -3    2    1    0.000029    0.105128E-04    0.105649E-04
1    2   -2   -3   -3    0.000029    0.105128E-04    0.105649E-04
1    2   -2   -1    3    0.000007   -0.227802E-03   -0.227820E-03
1    2   -2    0    3    0.000007   -0.227802E-03   -0.227820E-03
1    2   -2    2   -3    0.000029    0.105128E-04    0.105649E-04
1    2   -2    3   -1    0.000007   -0.227802E-03   -0.227820E-03
1    2   -2    3    0    0.000007   -0.227802E-03   -0.227820E-03
1    2   -1   -2    3    0.000007   -0.227802E-03   -0.227820E-03
1    2   -1    1    3    0.000007   -0.227802E-03   -0.227820E-03
1    2   -1    3   -2    0.000007   -0.227802E-03   -0.227820E-03
1    2   -1    3    1    0.000007   -0.227802E-03   -0.227820E-03
1    2    0   -2    3    0.000007   -0.227802E-03   -0.227820E-03
1    2    0    1    3    0.000007   -0.227802E-03   -0.227820E-03
1    2    0    3   -2    0.000007   -0.227802E-03   -0.227820E-03
1    2    0    3    1    0.000007   -0.227802E-03   -0.227820E-03
1    2    1   -3   -3    0.000029    0.105128E-04    0.105649E-04
1    2    1   -1    3    0.000007   -0.227802E-03   -0.227820E-03
1    2    1    0    3    0.000007   -0.227802E-03   -0.227820E-03
1    2    1    2   -3    0.000029    0.105128E-04    0.105649E-04
1    2    1    3   -1    0.000007   -0.227802E-03   -0.227820E-03
1    2    1    3    0    0.000007   -0.227802E-03   -0.227820E-03
1    2    2   -2   -3    0.000029    0.105128E-04    0.105649E-04
1    2    2    1   -3    0.000029    0.105128E-04    0.105649E-04
1    2    3   -2   -1    0.000007   -0.227802E-03   -0.227820E-03
1    2    3   -2    0    0.000007   -0.227802E-03   -0.227820E-03
1    2    3   -1   -2    0.000007   -0.227802E-03   -0.227820E-03
1    2    3   -1    1    0.000007   -0.227802E-03   -0.227820E-03
1    2    3    0   -2    0.000007   -0.227802E-03   -0.227820E-03
1    2    3    0    1    0.000007   -0.227802E-03   -0.227820E-03
1    2    3    1   -1    0.000007   -0.227802E-03   -0.227820E-03
1    2    3    1    0    0.000007   -0.227802E-03   -0.227820E-03
1    1   -4    0    0   -0.000299   -0.207187E-03   -0.212579E-03
1    1    0   -4    0   -0.000299   -0.207187E-03   -0.212579E-03
1    1    0    0   -4   -0.000299   -0.207187E-03   -0.212579E-03
1    1    0    0    4   -0.000299   -0.207187E-03   -0.212579E-03
1    1    0    4    0   -0.000299   -0.207187E-03   -0.212579E-03
1    1    4    0    0   -0.000299   -0.207187E-03   -0.212579E-03
1    2   -4   -2   -2   -0.000587   -0.274840E-03   -0.274895E-03
1    2   -4   -2    1   -0.000587   -0.274840E-03   -0.274895E-03
1    2   -4    1   -2   -0.000587   -0.274840E-03   -0.274895E-03
1    2   -4    1    1   -0.000587   -0.274840E-03   -0.274895E-03
1    2   -2   -4   -2   -0.000587   -0.274840E-03   -0.274895E-03
1    2   -2   -4    1   -0.000587   -0.274840E-03   -0.274895E-03
1    2   -2   -2   -4   -0.000587   -0.274840E-03   -0.274895E-03
1    2   -2    1   -4   -0.000587   -0.274840E-03   -0.274895E-03
1    2    1   -4   -2   -0.000587   -0.274840E-03   -0.274895E-03
1    2    1   -4    1   -0.000587   -0.274840E-03   -0.274895E-03
1    2    1   -2   -4   -0.000587   -0.274840E-03   -0.274895E-03
1    2    1    1   -4   -0.000587   -0.274840E-03   -0.274895E-03
1    2   -2   -2    3   -0.000587   -0.274840E-03   -0.274895E-03
1    2   -2    1    3   -0.000587   -0.274840E-03   -0.274895E-03
1    2   -2    3   -2   -0.000587   -0.274840E-03   -0.274895E-03
1    2   -2    3    1   -0.000587   -0.274840E-03   -0.274895E-03
1    2    1   -2    3   -0.000587   -0.274840E-03   -0.274895E-03
1    2    1    1    3   -0.000587   -0.274840E-03   -0.274895E-03
1    2    1    3   -2   -0.000587   -0.274840E-03   -0.274895E-03
1    2    1    3    1   -0.000587   -0.274840E-03   -0.274895E-03
1    2    3   -2   -2   -0.000587   -0.274840E-03   -0.274895E-03
1    2    3   -2    1   -0.000587   -0.274840E-03   -0.274895E-03
1    2    3    1   -2   -0.000587   -0.274840E-03   -0.274895E-03
1    2    3    1    1   -0.000587   -0.274840E-03   -0.274895E-03
1    1   -4   -1    0   -0.000076    0.461593E-03    0.209784E-03
1    1   -4    0   -1   -0.000076    0.461593E-03    0.209784E-03
1    1   -4    0    1   -0.000076    0.461593E-03    0.209784E-03
1    1   -4    1    0   -0.000076    0.461593E-03    0.209784E-03
1    1   -3   -2   -2    0.002149    0.209147E-03   -0.491773E-03
1    1   -3   -2    2    0.002149    0.209147E-03   -0.491773E-03
1    1   -3    2   -2    0.002149    0.209147E-03   -0.491773E-03
1    1   -3    2    2    0.002149    0.209147E-03   -0.491773E-03
1    1   -2   -3   -2    0.002149    0.209147E-03   -0.491773E-03
1    1   -2   -3    2    0.002149    0.209147E-03   -0.491773E-03
1    1   -2   -2   -3    0.002149    0.209147E-03   -0.491773E-03
1    1   -2   -2    3    0.002149    0.209147E-03   -0.491773E-03
1    1   -2    2   -3    0.002149    0.209147E-03   -0.491773E-03
1    1   -2    2    3    0.002149    0.209147E-03   -0.491773E-03
1    1   -2    3   -2    0.002149    0.209147E-03   -0.491773E-03
1    1   -2    3    2    0.002149    0.209147E-03   -0.491773E-03
1    1   -1   -4    0   -0.000076    0.461593E-03    0.209784E-03
1    1   -1    0   -4   -0.000076    0.461593E-03    0.209784E-03
1    1   -1    0    4   -0.000076    0.461593E-03    0.209784E-03
1    1   -1    4    0   -0.000076    0.461593E-03    0.209784E-03
1    1    0   -4   -1   -0.000076    0.461593E-03    0.209784E-03
1    1    0   -4    1   -0.000076    0.461593E-03    0.209784E-03
1    1    0   -1   -4   -0.000076    0.461593E-03    0.209784E-03
1    1    0   -1    4   -0.000076    0.461593E-03    0.209784E-03
1    1    0    1   -4   -0.000076    0.461593E-03    0.209784E-03
1    1    0    1    4   -0.000076    0.461593E-03    0.209784E-03
1    1    0    4   -1   -0.000076    0.461593E-03    0.209784E-03
1    1    0    4    1   -0.000076    0.461593E-03    0.209784E-03
1    1    1   -4    0   -0.000076    0.461593E-03    0.209784E-03
1    1    1    0   -4   -0.000076    0.461593E-03    0.209784E-03
1    1    1    0    4   -0.000076    0.461593E-03    0.209784E-03
1    1    1    4    0   -0.000076    0.461593E-03    0.209784E-03
1    1    2   -3   -2    0.002149    0.209147E-03   -0.491773E-03
1    1    2   -3    2    0.002149    0.209147E-03   -0.491773E-03
1    1    2   -2   -3    0.002149    0.209147E-03   -0.491773E-03
1    1    2   -2    3    0.002149    0.209147E-03   -0.491773E-03
1    1    2    2   -3    0.002149    0.209147E-03   -0.491773E-03
1    1    2    2    3    0.002149    0.209147E-03   -0.491773E-03
1    1    2    3   -2    0.002149    0.209147E-03   -0.491773E-03
1    1    2    3    2    0.002149    0.209147E-03   -0.491773E-03
1    1    3   -2   -2    0.002149    0.209147E-03   -0.491773E-03
1    1    3   -2    2    0.002149    0.209147E-03   -0.491773E-03
1    1    3    2   -2    0.002149    0.209147E-03   -0.491773E-03
1    1    3    2    2    0.002149    0.209147E-03   -0.491773E-03
1    1    4   -1    0   -0.000076    0.461593E-03    0.209784E-03
1    1    4    0   -1   -0.000076    0.461593E-03    0.209784E-03
1    1    4    0    1   -0.000076    0.461593E-03    0.209784E-03
1    1    4    1    0   -0.000076    0.461593E-03    0.209784E-03
1    1   -4   -1   -1    0.000238   -0.197111E-04    0.752902E-05
1    1   -4   -1    1    0.000238   -0.197111E-04    0.752902E-05
1    1   -4    1   -1    0.000238   -0.197111E-04    0.752902E-05
1    1   -4    1    1    0.000238   -0.197111E-04    0.752902E-05
1    1   -3   -3    0    0.000389    0.455398E-04    0.676723E-04
1    1   -3    0   -3    0.000389    0.455398E-04    0.676723E-04
1    1   -3    0    3    0.000389    0.455398E-04    0.676723E-04
1    1   -3    3    0    0.000389    0.455398E-04    0.676723E-04
1    1   -1   -4   -1    0.000238   -0.197111E-04    0.752902E-05
1    1   -1   -4    1    0.000238   -0.197111E-04    0.752902E-05
1    1   -1   -1   -4    0.000238   -0.197111E-04    0.752902E-05
1    1   -1   -1    4    0.000238   -0.197111E-04    0.752902E-05
1    1   -1    1   -4    0.000238   -0.197111E-04    0.752902E-05
1    1   -1    1    4    0.000238   -0.197111E-04    0.752902E-05
1    1   -1    4   -1    0.000238   -0.197111E-04    0.752902E-05
1    1   -1    4    1    0.000238   -0.197111E-04    0.752902E-05
1    1    0   -3   -3    0.000389    0.455398E-04    0.676723E-04
1    1    0   -3    3    0.000389    0.455398E-04    0.676723E-04
1    1    0    3   -3    0.000389    0.455398E-04    0.676723E-04
1    1    0    3    3    0.000389    0.455398E-04    0.676723E-04
1    1    1   -4   -1    0.000238   -0.197111E-04    0.752902E-05
1    1    1   -4    1    0.000238   -0.197111E-04    0.752902E-05
1    1    1   -1   -4    0.000238   -0.197111E-04    0.752902E-05
1    1    1   -1    4    0.000238   -0.197111E-04    0.752902E-05
1    1    1    1   -4    0.000238   -0.197111E-04    0.752902E-05
1    1    1    1    4    0.000238   -0.197111E-04    0.752902E-05
1    1    1    4   -1    0.000238   -0.197111E-04    0.752902E-05
1    1    1    4    1    0.000238   -0.197111E-04    0.752902E-05
1    1    3   -3    0    0.000389    0.455398E-04    0.676723E-04
1    1    3    0   -3    0.000389    0.455398E-04    0.676723E-04
1    1    3    0    3    0.000389    0.455398E-04    0.676723E-04
1    1    3    3    0    0.000389    0.455398E-04    0.676723E-04
1    1    4   -1   -1    0.000238   -0.197111E-04    0.752902E-05
1    1    4   -1    1    0.000238   -0.197111E-04    0.752902E-05
1    1    4    1   -1    0.000238   -0.197111E-04    0.752902E-05
1    1    4    1    1    0.000238   -0.197111E-04    0.752902E-05
1    2   -4   -3   -1   -0.000119   -0.220395E-04   -0.220455E-04
1    2   -4   -3    0   -0.000119   -0.220395E-04   -0.220455E-04
1    2   -4   -1   -3   -0.000119   -0.220395E-04   -0.220455E-04
1    2   -4   -1    2   -0.000119   -0.220395E-04   -0.220455E-04
1    2   -4    0   -3   -0.000119   -0.220395E-04   -0.220455E-04
1    2   -4    0    2   -0.000119   -0.220395E-04   -0.220455E-04
1    2   -4    2   -1   -0.000119   -0.220395E-04   -0.220455E-04
1    2   -4    2    0   -0.000119   -0.220395E-04   -0.220455E-04
1    2   -3   -4   -1   -0.000119   -0.220395E-04   -0.220455E-04
1    2   -3   -4    0   -0.000119   -0.220395E-04   -0.220455E-04
1    2   -3   -3    2   -0.000782   -0.970443E-04   -0.970557E-04
1    2   -3   -1   -4   -0.000119   -0.220395E-04   -0.220455E-04
1    2   -3    0   -4   -0.000119   -0.220395E-04   -0.220455E-04
1    2   -3    2    2   -0.000782   -0.970443E-04   -0.970557E-04
1    2   -1   -4   -3   -0.000119   -0.220395E-04   -0.220455E-04
1    2   -1   -4    2   -0.000119   -0.220395E-04   -0.220455E-04
1    2   -1   -3   -4   -0.000119   -0.220395E-04   -0.220455E-04
1    2   -1    2   -4   -0.000119   -0.220395E-04   -0.220455E-04
1    2   -1    3    2   -0.000119   -0.220395E-04   -0.220455E-04
1    2    0   -4   -3   -0.000119   -0.220395E-04   -0.220455E-04
1    2    0   -4    2   -0.000119   -0.220395E-04   -0.220455E-04
1    2    0   -3   -4   -0.000119   -0.220395E-04   -0.220455E-04
1    2    0    2   -4   -0.000119   -0.220395E-04   -0.220455E-04
1    2    0    3    2   -0.000119   -0.220395E-04   -0.220455E-04
1    2    2   -4   -1   -0.000119   -0.220395E-04   -0.220455E-04
1    2    2   -4    0   -0.000119   -0.220395E-04   -0.220455E-04
1    2    2   -3   -3   -0.000782   -0.970443E-04   -0.970557E-04
1    2    2   -3    2   -0.000782   -0.970443E-04   -0.970557E-04
1    2    2   -1   -4   -0.000119   -0.220395E-04   -0.220455E-04
1    2    2   -1    3   -0.000119   -0.220395E-04   -0.220455E-04
1    2    2    0   -4   -0.000119   -0.220395E-04   -0.220455E-04
1    2    2    0    3   -0.000119   -0.220395E-04   -0.220455E-04
1    2    2    2   -3   -0.000782   -0.970443E-04   -0.970557E-04
1    2    2    2    2   -0.000782   -0.970443E-04   -0.970557E-04
1    2    2    3   -1   -0.000119   -0.220395E-04   -0.220455E-04
1    2    2    3    0   -0.000119   -0.220395E-04   -0.220455E-04
1    2    3    2   -1   -0.000119   -0.220395E-04   -0.220455E-04
1    2    3    2    0   -0.000119   -0.220395E-04   -0.220455E-04
1    2   -3   -3   -3   -0.000782   -0.970443E-04   -0.970557E-04
1    2   -3   -1    3   -0.000119   -0.220395E-04   -0.220455E-04
1    2   -3    0    3   -0.000119   -0.220395E-04   -0.220455E-04
1    2   -3    2   -3   -0.000782   -0.970443E-04   -0.970557E-04
1    2   -3    3   -1   -0.000119   -0.220395E-04   -0.220455E-04
1    2   -3    3    0   -0.000119   -0.220395E-04   -0.220455E-04
1    2   -1   -3    3   -0.000119   -0.220395E-04   -0.220455E-04
1    2   -1    2    3   -0.000119   -0.220395E-04   -0.220455E-04
1    2   -1    3   -3   -0.000119   -0.220395E-04   -0.220455E-04
1    2    0   -3    3   -0.000119   -0.220395E-04   -0.220455E-04
1    2    0    2    3   -0.000119   -0.220395E-04   -0.220455E-04
1    2    0    3   -3   -0.000119   -0.220395E-04   -0.220455E-04
1    2    3   -3   -1   -0.000119   -0.220395E-04   -0.220455E-04
1    2    3   -3    0   -0.000119   -0.220395E-04   -0.220455E-04
1    2    3   -1   -3   -0.000119   -0.220395E-04   -0.220455E-04
1    2    3   -1    2   -0.000119   -0.220395E-04   -0.220455E-04
1    2    3    0   -3   -0.000119   -0.220395E-04   -0.220455E-04
1    2    3    0    2   -0.000119   -0.220395E-04   -0.220455E-04
1    1   -3   -3   -1   -0.000354   -0.207211E-04    0.286059E-03
1    1   -3   -3    1   -0.000354   -0.207211E-04    0.286059E-03
1    1   -3   -1   -3   -0.000354   -0.207211E-04    0.286059E-03
1    1   -3   -1    3   -0.000354   -0.207211E-04    0.286059E-03
1    1   -3    1   -3   -0.000354   -0.207211E-04    0.286059E-03
1    1   -3    1    3   -0.000354   -0.207211E-04    0.286059E-03
1    1   -3    3   -1   -0.000354   -0.207211E-04    0.286059E-03
1    1   -3    3    1   -0.000354   -0.207211E-04    0.286059E-03
1    1   -1   -3   -3   -0.000354   -0.207211E-04    0.286059E-03
1    1   -1   -3    3   -0.000354   -0.207211E-04    0.286059E-03
1    1   -1    3   -3   -0.000354   -0.207211E-04    0.286059E-03
1    1   -1    3    3   -0.000354   -0.207211E-04    0.286059E-03
1    1    1   -3   -3   -0.000354   -0.207211E-04    0.286059E-03
1    1    1   -3    3   -0.000354   -0.207211E-04    0.286059E-03
1    1    1    3   -3   -0.000354   -0.207211E-04    0.286059E-03
1    1    1    3    3   -0.000354   -0.207211E-04    0.286059E-03
1    1    3   -3   -1   -0.000354   -0.207211E-04    0.286059E-03
1    1    3   -3    1   -0.000354   -0.207211E-04    0.286059E-03
1    1    3   -1   -3   -0.000354   -0.207211E-04    0.286059E-03
1    1    3   -1    3   -0.000354   -0.207211E-04    0.286059E-03
1    1    3    1   -3   -0.000354   -0.207211E-04    0.286059E-03
1    1    3    1    3   -0.000354   -0.207211E-04    0.286059E-03
1    1    3    3   -1   -0.000354   -0.207211E-04    0.286059E-03
1    1    3    3    1   -0.000354   -0.207211E-04    0.286059E-03
1    1   -4   -2    0    0.000168   -0.268048E-03    0.369232E-04
1    1   -4    0   -2    0.000168   -0.268048E-03    0.369232E-04
1    1   -4    0    2    0.000168   -0.268048E-03    0.369232E-04
1    1   -4    2    0    0.000168   -0.268048E-03    0.369232E-04
1    1   -2   -4    0    0.000168   -0.268048E-03    0.369232E-04
1    1   -2    0   -4    0.000168   -0.268048E-03    0.369232E-04
1    1   -2    0    4    0.000168   -0.268048E-03    0.369232E-04
1    1   -2    4    0    0.000168   -0.268048E-03    0.369232E-04
1    1    0   -4   -2    0.000168   -0.268048E-03    0.369232E-04
1    1    0   -4    2    0.000168   -0.268048E-03    0.369232E-04
1    1    0   -2   -4    0.000168   -0.268048E-03    0.369232E-04
1    1    0   -2    4    0.000168   -0.268048E-03    0.369232E-04
1    1    0    2   -4    0.000168   -0.268048E-03    0.369232E-04
1    1    0    2    4    0.000168   -0.268048E-03    0.369232E-04
1    1    0    4   -2    0.000168   -0.268048E-03    0.369232E-04
1    1    0    4    2    0.000168   -0.268048E-03    0.369232E-04
1    1    2   -4    0    0.000168   -0.268048E-03    0.369232E-04
1    1    2    0   -4    0.000168   -0.268048E-03    0.369232E-04
1    1    2    0    4    0.000168   -0.268048E-03    0.369232E-04
1    1    2    4    0    0.000168   -0.268048E-03    0.369232E-04
1    1    4   -2    0    0.000168   -0.268048E-03    0.369232E-04
1    1    4    0   -2    0.000168   -0.268048E-03    0.369232E-04
1    1    4    0    2    0.000168   -0.268048E-03    0.369232E-04
1    1    4    2    0    0.000168   -0.268048E-03    0.369232E-04
1    2   -5   -1   -1    0.000016    0.160937E-04    0.160450E-04
1    2   -5   -1    0    0.000016    0.160937E-04    0.160450E-04
1    2   -5    0   -1    0.000016    0.160937E-04    0.160450E-04
1    2   -5    0    0    0.000016    0.160937E-04    0.160450E-04
1    2   -1   -5   -1    0.000016    0.160937E-04    0.160450E-04
1    2   -1   -5    0    0.000016    0.160937E-04    0.160450E-04
1    2   -1   -1   -5    0.000016    0.160937E-04    0.160450E-04
1    2   -1    0   -5    0.000016    0.160937E-04    0.160450E-04
1    2    0   -5   -1    0.000016    0.160937E-04    0.160450E-04
1    2    0   -5    0    0.000016    0.160937E-04    0.160450E-04
1    2    0   -1   -5    0.000016    0.160937E-04    0.160450E-04
1    2    0    0   -5    0.000016    0.160937E-04    0.160450E-04
1    2   -4   -3   -2    0.000020    0.528444E-04    0.528362E-04
1    2   -4   -3    1    0.000020    0.528444E-04    0.528362E-04
1    2   -4   -2   -3    0.000020    0.528444E-04    0.528362E-04
1    2   -4   -2    2    0.000020    0.528444E-04    0.528362E-04
1    2   -4    1   -3    0.000020    0.528444E-04    0.528362E-04
1    2   -4    1    2    0.000020    0.528444E-04    0.528362E-04
1    2   -4    2   -2    0.000020    0.528444E-04    0.528362E-04
1    2   -4    2    1    0.000020    0.528444E-04    0.528362E-04
1    2   -3   -4   -2    0.000020    0.528444E-04    0.528362E-04
1    2   -3   -4    1    0.000020    0.528444E-04    0.528362E-04
1    2   -3   -2   -4    0.000020    0.528444E-04    0.528362E-04
1    2   -3   -2    3    0.000020    0.528444E-04    0.528362E-04
1    2   -3    1   -4    0.000020    0.528444E-04    0.528362E-04
1    2   -3    1    3    0.000020    0.528444E-04    0.528362E-04
1    2   -2   -4   -3    0.000020    0.528444E-04    0.528362E-04
1    2   -2   -4    2    0.000020    0.528444E-04    0.528362E-04
1    2   -2   -3   -4    0.000020    0.528444E-04    0.528362E-04
1    2   -2   -3    3    0.000020    0.528444E-04    0.528362E-04
1    2   -2    2   -4    0.000020    0.528444E-04    0.528362E-04
1    2   -2    2    3    0.000020    0.528444E-04    0.528362E-04
1    2   -2    3   -3    0.000020    0.528444E-04    0.528362E-04
1    2   -2    3    2    0.000020    0.528444E-04    0.528362E-04
1    2   -1   -1    4    0.000016    0.160937E-04    0.160450E-04
1    2   -1    0    4    0.000016    0.160937E-04    0.160450E-04
1    2   -1    4   -1    0.000016    0.160937E-04    0.160450E-04
1    2   -1    4    0    0.000016    0.160937E-04    0.160450E-04
1    2    0   -1    4    0.000016    0.160937E-04    0.160450E-04
1    2    0    0    4    0.000016    0.160937E-04    0.160450E-04
1    2    0    4   -1    0.000016    0.160937E-04    0.160450E-04
1    2    0    4    0    0.000016    0.160937E-04    0.160450E-04
1    2    1   -4   -3    0.000020    0.528444E-04    0.528362E-04
1    2    1   -4    2    0.000020    0.528444E-04    0.528362E-04
1    2    1   -3   -4    0.000020    0.528444E-04    0.528362E-04
1    2    1   -3    3    0.000020    0.528444E-04    0.528362E-04
1    2    1    2   -4    0.000020    0.528444E-04    0.528362E-04
1    2    1    2    3    0.000020    0.528444E-04    0.528362E-04
1    2    1    3   -3    0.000020    0.528444E-04    0.528362E-04
1    2    1    3    2    0.000020    0.528444E-04    0.528362E-04
1    2    2   -4   -2    0.000020    0.528444E-04    0.528362E-04
1    2    2   -4    1    0.000020    0.528444E-04    0.528362E-04
1    2    2   -2   -4    0.000020    0.528444E-04    0.528362E-04
1    2    2   -2    3    0.000020    0.528444E-04    0.528362E-04
1    2    2    1   -4    0.000020    0.528444E-04    0.528362E-04
1    2    2    1    3    0.000020    0.528444E-04    0.528362E-04
1    2    2    3   -2    0.000020    0.528444E-04    0.528362E-04
1    2    2    3    1    0.000020    0.528444E-04    0.528362E-04
1    2    3   -2   -3    0.000020    0.528444E-04    0.528362E-04
1    2    3   -2    2    0.000020    0.528444E-04    0.528362E-04
1    2    3    1   -3    0.000020    0.528444E-04    0.528362E-04
1    2    3    1    2    0.000020    0.528444E-04    0.528362E-04
1    2    3    2   -2    0.000020    0.528444E-04    0.528362E-04
1    2    3    2    1    0.000020    0.528444E-04    0.528362E-04
1    2    4   -1   -1    0.000016    0.160937E-04    0.160450E-04
1    2    4   -1    0    0.000016    0.160937E-04    0.160450E-04
1    2    4    0   -1    0.000016    0.160937E-04    0.160450E-04
1    2    4    0    0    0.000016    0.160937E-04    0.160450E-04
1    2   -3    3   -2    0.000020    0.528444E-04    0.528362E-04
1    2   -3    3    1    0.000020    0.528444E-04    0.528362E-04
1    2    3   -3   -2    0.000020    0.528444E-04    0.528362E-04
1    2    3   -3    1    0.000020    0.528444E-04    0.528362E-04
1    1   -4   -1   -2   -0.000045    0.129258E-03   -0.194074E-04
1    1   -4   -1    2   -0.000045    0.129258E-03   -0.194074E-04
1    1   -4    1   -2   -0.000045    0.129258E-03   -0.194074E-04
1    1   -4    1    2   -0.000045    0.129258E-03   -0.194074E-04
1    1   -2   -1   -4   -0.000045    0.129258E-03   -0.194074E-04
1    1   -2   -1    4   -0.000045    0.129258E-03   -0.194074E-04
1    1   -2    1   -4   -0.000045    0.129258E-03   -0.194074E-04
1    1   -2    1    4   -0.000045    0.129258E-03   -0.194074E-04
1    1   -1   -4   -2   -0.000045    0.129258E-03   -0.194074E-04
1    1   -1   -4    2   -0.000045    0.129258E-03   -0.194074E-04
1    1   -1   -2   -4   -0.000045    0.129258E-03   -0.194074E-04
1    1   -1   -2    4   -0.000045    0.129258E-03   -0.194074E-04
1    1   -1    2   -4   -0.000045    0.129258E-03   -0.194074E-04
1    1   -1    2    4   -0.000045    0.129258E-03   -0.194074E-04
1    1   -1    4   -2   -0.000045    0.129258E-03   -0.194074E-04
1    1   -1    4    2   -0.000045    0.129258E-03   -0.194074E-04
1    1    1   -4   -2   -0.000045    0.129258E-03   -0.194074E-04
1    1    1   -4    2   -0.000045    0.129258E-03   -0.194074E-04
1    1    1   -2   -4   -0.000045    0.129258E-03   -0.194074E-04
1    1    1   -2    4   -0.000045    0.129258E-03   -0.194074E-04
1    1    1    2   -4   -0.000045    0.129258E-03   -0.194074E-04
1    1    1    2    4   -0.000045    0.129258E-03   -0.194074E-04
1    1    1    4   -2   -0.000045    0.129258E-03   -0.194074E-04
1    1    1    4    2   -0.000045    0.129258E-03   -0.194074E-04
1    1    2   -1   -4   -0.000045    0.129258E-03   -0.194074E-04
1    1    2   -1    4   -0.000045    0.129258E-03   -0.194074E-04
1    1    2    1   -4   -0.000045    0.129258E-03   -0.194074E-04
1    1    2    1    4   -0.000045    0.129258E-03   -0.194074E-04
1    1    4   -1   -2   -0.000045    0.129258E-03   -0.194074E-04
1    1    4   -1    2   -0.000045    0.129258E-03   -0.194074E-04
1    1    4    1   -2   -0.000045    0.129258E-03   -0.194074E-04
1    1    4    1    2   -0.000045    0.129258E-03   -0.194074E-04
1    1   -4   -2   -1   -0.000045    0.129258E-03   -0.194074E-04
1    1   -4   -2    1   -0.000045    0.129258E-03   -0.194074E-04
1    1   -4    2   -1   -0.000045    0.129258E-03   -0.194074E-04
1    1   -4    2    1   -0.000045    0.129258E-03   -0.194074E-04
1    1   -2   -4   -1   -0.000045    0.129258E-03   -0.194074E-04
1    1   -2   -4    1   -0.000045    0.129258E-03   -0.194074E-04
1    1   -2    4   -1   -0.000045    0.129258E-03   -0.194074E-04
1    1   -2    4    1   -0.000045    0.129258E-03   -0.194074E-04
1    1    2   -4   -1   -0.000045    0.129258E-03   -0.194074E-04
1    1    2   -4    1   -0.000045    0.129258E-03   -0.194074E-04
1    1    2    4   -1   -0.000045    0.129258E-03   -0.194074E-04
1    1    2    4    1   -0.000045    0.129258E-03   -0.194074E-04
1    1    4   -2   -1   -0.000045    0.129258E-03   -0.194074E-04
1    1    4   -2    1   -0.000045    0.129258E-03   -0.194074E-04
1    1    4    2   -1   -0.000045    0.129258E-03   -0.194074E-04
1    1    4    2    1   -0.000045    0.129258E-03   -0.194074E-04
1    1   -3   -2   -3    0.000145    0.423241E-04   -0.193252E-04
1    1   -3   -2    3    0.000145    0.423241E-04   -0.193252E-04
1    1   -3    2   -3    0.000145    0.423241E-04   -0.193252E-04
1    1   -3    2    3    0.000145    0.423241E-04   -0.193252E-04
1    1   -2   -3   -3    0.000145    0.423241E-04   -0.193252E-04
1    1   -2   -3    3    0.000145    0.423241E-04   -0.193252E-04
1    1   -2    3   -3    0.000145    0.423241E-04   -0.193252E-04
1    1   -2    3    3    0.000145    0.423241E-04   -0.193252E-04
1    1    2   -3   -3    0.000145    0.423241E-04   -0.193252E-04
1    1    2   -3    3    0.000145    0.423241E-04   -0.193252E-04
1    1    2    3   -3    0.000145    0.423241E-04   -0.193252E-04
1    1    2    3    3    0.000145    0.423241E-04   -0.193252E-04
1    1    3   -2   -3    0.000145    0.423241E-04   -0.193252E-04
1    1    3   -2    3    0.000145    0.423241E-04   -0.193252E-04
1    1    3    2   -3    0.000145    0.423241E-04   -0.193252E-04
1    1    3    2    3    0.000145    0.423241E-04   -0.193252E-04
1    1   -3   -3   -2    0.000145    0.423241E-04   -0.193252E-04
1    1   -3   -3    2    0.000145    0.423241E-04   -0.193252E-04
1    1   -3    3   -2    0.000145    0.423241E-04   -0.193252E-04
1    1   -3    3    2    0.000145    0.423241E-04   -0.193252E-04
1    1    3   -3   -2    0.000145    0.423241E-04   -0.193252E-04
1    1    3   -3    2    0.000145    0.423241E-04   -0.193252E-04
1    1    3    3   -2    0.000145    0.423241E-04   -0.193252E-04
1    1    3    3    2    0.000145    0.423241E-04   -0.193252E-04
1    2   -5   -2   -1   -0.000014    0.598384E-04    0.598191E-04
1    2   -5   -2    0   -0.000014    0.598384E-04    0.598191E-04
1    2   -5   -1   -2   -0.000014    0.598384E-04    0.598191E-04
1    2   -5   -1    1   -0.000014    0.598384E-04    0.598191E-04
1    2   -5    0   -2   -0.000014    0.598384E-04    0.598191E-04
1    2   -5    0    1   -0.000014    0.598384E-04    0.598191E-04
1    2   -5    1   -1   -0.000014    0.598384E-04    0.598191E-04
1    2   -5    1    0   -0.000014    0.598384E-04    0.598191E-04
1    2   -2   -5   -1   -0.000014    0.598384E-04    0.598191E-04
1    2   -2   -5    0   -0.000014    0.598384E-04    0.598191E-04
1    2   -2   -1   -5   -0.000014    0.598384E-04    0.598191E-04
1    2   -2   -1    4   -0.000014    0.598384E-04    0.598191E-04
1    2   -2    0   -5   -0.000014    0.598384E-04    0.598191E-04
1    2   -2    0    4   -0.000014    0.598384E-04    0.598191E-04
1    2   -2    4   -1   -0.000014    0.598384E-04    0.598191E-04
1    2   -2    4    0   -0.000014    0.598384E-04    0.598191E-04
1    2   -1   -5   -2   -0.000014    0.598384E-04    0.598191E-04
1    2   -1   -5    1   -0.000014    0.598384E-04    0.598191E-04
1    2   -1   -2   -5   -0.000014    0.598384E-04    0.598191E-04
1    2   -1   -2    4   -0.000014    0.598384E-04    0.598191E-04
1    2   -1    1   -5   -0.000014    0.598384E-04    0.598191E-04
1    2   -1    1    4   -0.000014    0.598384E-04    0.598191E-04
1    2   -1    4   -2   -0.000014    0.598384E-04    0.598191E-04
1    2   -1    4    1   -0.000014    0.598384E-04    0.598191E-04
1    2    0   -5   -2   -0.000014    0.598384E-04    0.598191E-04
1    2    0   -5    1   -0.000014    0.598384E-04    0.598191E-04
1    2    0   -2   -5   -0.000014    0.598384E-04    0.598191E-04
1    2    0   -2    4   -0.000014    0.598384E-04    0.598191E-04
1    2    0    1   -5   -0.000014    0.598384E-04    0.598191E-04
1    2    0    1    4   -0.000014    0.598384E-04    0.598191E-04
1    2    0    4   -2   -0.000014    0.598384E-04    0.598191E-04
1    2    0    4    1   -0.000014    0.598384E-04    0.598191E-04
1    2    1   -5   -1   -0.000014    0.598384E-04    0.598191E-04
1    2    1   -5    0   -0.000014    0.598384E-04    0.598191E-04
1    2    1   -1   -5   -0.000014    0.598384E-04    0.598191E-04
1    2    1   -1    4   -0.000014    0.598384E-04    0.598191E-04
1    2    1    0   -5   -0.000014    0.598384E-04    0.598191E-04
1    2    1    0    4   -0.000014    0.598384E-04    0.598191E-04
1    2    1    4   -1   -0.000014    0.598384E-04    0.598191E-04
1    2    1    4    0   -0.000014    0.598384E-04    0.598191E-04
1    2    4   -2   -1   -0.000014    0.598384E-04    0.598191E-04
1    2    4   -2    0   -0.000014    0.598384E-04    0.598191E-04
1    2    4    1   -1   -0.000014    0.598384E-04    0.598191E-04
1    2    4    1    0   -0.000014    0.598384E-04    0.598191E-04
1    2    4   -1   -2   -0.000014    0.598384E-04    0.598191E-04
1    2    4   -1    1   -0.000014    0.598384E-04    0.598191E-04
1    2    4    0   -2   -0.000014    0.598384E-04    0.598191E-04
1    2    4    0    1   -0.000014    0.598384E-04    0.598191E-04
1    1   -4   -2   -2    0.000474   -0.406712E-03    0.238110E-04
1    1   -4   -2    2    0.000474   -0.406712E-03    0.238110E-04
1    1   -4    2   -2    0.000474   -0.406712E-03    0.238110E-04
1    1   -4    2    2    0.000474   -0.406712E-03    0.238110E-04
1    1   -2   -4   -2    0.000474   -0.406712E-03    0.238110E-04
1    1   -2   -4    2    0.000474   -0.406712E-03    0.238110E-04
1    1   -2   -2   -4    0.000474   -0.406712E-03    0.238110E-04
1    1   -2   -2    4    0.000474   -0.406712E-03    0.238110E-04
1    1   -2    2   -4    0.000474   -0.406712E-03    0.238110E-04
1    1   -2    2    4    0.000474   -0.406712E-03    0.238110E-04
1    1   -2    4   -2    0.000474   -0.406712E-03    0.238110E-04
1    1   -2    4    2    0.000474   -0.406712E-03    0.238110E-04
1    1    2   -4   -2    0.000474   -0.406712E-03    0.238110E-04
1    1    2   -4    2    0.000474   -0.406712E-03    0.238110E-04
1    1    2   -2   -4    0.000474   -0.406712E-03    0.238110E-04
1    1    2   -2    4    0.000474   -0.406712E-03    0.238110E-04
1    1    2    2   -4    0.000474   -0.406712E-03    0.238110E-04
1    1    2    2    4    0.000474   -0.406712E-03    0.238110E-04
1    1    2    4   -2    0.000474   -0.406712E-03    0.238110E-04
1    1    2    4    2    0.000474   -0.406712E-03    0.238110E-04
1    1    4   -2   -2    0.000474   -0.406712E-03    0.238110E-04
1    1    4   -2    2    0.000474   -0.406712E-03    0.238110E-04
1    1    4    2   -2    0.000474   -0.406712E-03    0.238110E-04
1    1    4    2    2    0.000474   -0.406712E-03    0.238110E-04
1    2   -5   -2   -2   -0.000077   -0.375942E-05   -0.373980E-05
1    2   -5   -2    1   -0.000077   -0.375942E-05   -0.373980E-05
1    2   -5    1   -2   -0.000077   -0.375942E-05   -0.373980E-05
1    2   -5    1    1   -0.000077   -0.375942E-05   -0.373980E-05
1    2   -4   -4   -1   -0.000024    0.517797E-04    0.517716E-04
1    2   -4   -4    0   -0.000024    0.517797E-04    0.517716E-04
1    2   -4   -3   -3   -0.000833   -0.176273E-03   -0.176305E-03
1    2   -4   -3    2   -0.000833   -0.176273E-03   -0.176305E-03
1    2   -4   -1   -4   -0.000024    0.517797E-04    0.517716E-04
1    2   -4   -1    3   -0.000024    0.517797E-04    0.517716E-04
1    2   -4    0   -4   -0.000024    0.517797E-04    0.517716E-04
1    2   -4    0    3   -0.000024    0.517797E-04    0.517716E-04
1    2   -4    2   -3   -0.000833   -0.176273E-03   -0.176305E-03
1    2   -4    2    2   -0.000833   -0.176273E-03   -0.176305E-03
1    2   -4    3   -1   -0.000024    0.517797E-04    0.517716E-04
1    2   -4    3    0   -0.000024    0.517797E-04    0.517716E-04
1    2   -3   -4    2   -0.000833   -0.176273E-03   -0.176305E-03
1    2   -3   -3   -4   -0.000833   -0.176273E-03   -0.176305E-03
1    2   -3    2   -4   -0.000833   -0.176273E-03   -0.176305E-03
1    2   -2   -5   -2   -0.000077   -0.375942E-05   -0.373980E-05
1    2   -2   -5    1   -0.000077   -0.375942E-05   -0.373980E-05
1    2   -2   -2   -5   -0.000077   -0.375942E-05   -0.373980E-05
1    2   -2    1   -5   -0.000077   -0.375942E-05   -0.373980E-05
1    2   -1   -4   -4   -0.000024    0.517797E-04    0.517716E-04
1    2   -1   -4    3   -0.000024    0.517797E-04    0.517716E-04
1    2   -1    3   -4   -0.000024    0.517797E-04    0.517716E-04
1    2    0   -4   -4   -0.000024    0.517797E-04    0.517716E-04
1    2    0   -4    3   -0.000024    0.517797E-04    0.517716E-04
1    2    0    3   -4   -0.000024    0.517797E-04    0.517716E-04
1    2    1   -5   -2   -0.000077   -0.375942E-05   -0.373980E-05
1    2    1   -5    1   -0.000077   -0.375942E-05   -0.373980E-05
1    2    1   -2   -5   -0.000077   -0.375942E-05   -0.373980E-05
1    2    1    1   -5   -0.000077   -0.375942E-05   -0.373980E-05
1    2    2   -4   -3   -0.000833   -0.176273E-03   -0.176305E-03
1    2    2   -4    2   -0.000833   -0.176273E-03   -0.176305E-03
1    2    2   -3   -4   -0.000833   -0.176273E-03   -0.176305E-03
1    2    2    2   -4   -0.000833   -0.176273E-03   -0.176305E-03
1    2    2    3    2   -0.000833   -0.176273E-03   -0.176305E-03
1    2    3   -4   -1   -0.000024    0.517797E-04    0.517716E-04
1    2    3   -4    0   -0.000024    0.517797E-04    0.517716E-04
1    2    3   -1   -4   -0.000024    0.517797E-04    0.517716E-04
1    2    3    0   -4   -0.000024    0.517797E-04    0.517716E-04
1    2    3    2    2   -0.000833   -0.176273E-03   -0.176305E-03
1    2   -3   -4   -3   -0.000833   -0.176273E-03   -0.176305E-03
1    2   -3   -3    3   -0.000833   -0.176273E-03   -0.176305E-03
1    2   -3    2    3   -0.000833   -0.176273E-03   -0.176305E-03
1    2   -3    3   -3   -0.000833   -0.176273E-03   -0.176305E-03
1    2   -3    3    2   -0.000833   -0.176273E-03   -0.176305E-03
1    2   -2   -2    4   -0.000077   -0.375942E-05   -0.373980E-05
1    2   -2    1    4   -0.000077   -0.375942E-05   -0.373980E-05
1    2   -2    4   -2   -0.000077   -0.375942E-05   -0.373980E-05
1    2   -2    4    1   -0.000077   -0.375942E-05   -0.373980E-05
1    2   -1    3    3   -0.000024    0.517797E-04    0.517716E-04
1    2    0    3    3   -0.000024    0.517797E-04    0.517716E-04
1    2    1   -2    4   -0.000077   -0.375942E-05   -0.373980E-05
1    2    1    1    4   -0.000077   -0.375942E-05   -0.373980E-05
1    2    1    4   -2   -0.000077   -0.375942E-05   -0.373980E-05
1    2    1    4    1   -0.000077   -0.375942E-05   -0.373980E-05
1    2    2   -3    3   -0.000833   -0.176273E-03   -0.176305E-03
1    2    2    2    3   -0.000833   -0.176273E-03   -0.176305E-03
1    2    2    3   -3   -0.000833   -0.176273E-03   -0.176305E-03
1    2    3   -3   -3   -0.000833   -0.176273E-03   -0.176305E-03
1    2    3   -3    2   -0.000833   -0.176273E-03   -0.176305E-03
1    2    3   -1    3   -0.000024    0.517797E-04    0.517716E-04
1    2    3    0    3   -0.000024    0.517797E-04    0.517716E-04
1    2    3    2   -3   -0.000833   -0.176273E-03   -0.176305E-03
1    2    3    3   -1   -0.000024    0.517797E-04    0.517716E-04
1    2    3    3    0   -0.000024    0.517797E-04    0.517716E-04
1    2    4   -2   -2   -0.000077   -0.375942E-05   -0.373980E-05
1    2    4   -2    1   -0.000077   -0.375942E-05   -0.373980E-05
1    2    4    1   -2   -0.000077   -0.375942E-05   -0.373980E-05
1    2    4    1    1   -0.000077   -0.375942E-05   -0.373980E-05
1    1   -5    0    0   -0.000116   -0.238529E-03    0.833129E-04
1    1   -4   -3    0   -0.000051   -0.126184E-04    0.111150E-05
1    1   -4    0   -3   -0.000051   -0.126184E-04    0.111150E-05
1    1   -4    0    3   -0.000051   -0.126184E-04    0.111150E-05
1    1   -4    3    0   -0.000051   -0.126184E-04    0.111150E-05
1    1   -3   -4    0   -0.000051   -0.126184E-04    0.111150E-05
1    1   -3    0   -4   -0.000051   -0.126184E-04    0.111150E-05
1    1   -3    0    4   -0.000051   -0.126184E-04    0.111150E-05
1    1   -3    4    0   -0.000051   -0.126184E-04    0.111150E-05
1    1    0   -5    0   -0.000116   -0.238529E-03    0.833129E-04
1    1    0   -4   -3   -0.000051   -0.126184E-04    0.111150E-05
1    1    0   -4    3   -0.000051   -0.126184E-04    0.111150E-05
1    1    0   -3   -4   -0.000051   -0.126184E-04    0.111150E-05
1    1    0   -3    4   -0.000051   -0.126184E-04    0.111150E-05
1    1    0    0   -5   -0.000116   -0.238529E-03    0.833129E-04
1    1    0    0    5   -0.000116   -0.238529E-03    0.833129E-04
1    1    0    3   -4   -0.000051   -0.126184E-04    0.111150E-05
1    1    0    3    4   -0.000051   -0.126184E-04    0.111150E-05
1    1    0    4   -3   -0.000051   -0.126184E-04    0.111150E-05
1    1    0    4    3   -0.000051   -0.126184E-04    0.111150E-05
1    1    0    5    0   -0.000116   -0.238529E-03    0.833129E-04
1    1    3   -4    0   -0.000051   -0.126184E-04    0.111150E-05
1    1    3    0   -4   -0.000051   -0.126184E-04    0.111150E-05
1    1    3    0    4   -0.000051   -0.126184E-04    0.111150E-05
1    1    3    4    0   -0.000051   -0.126184E-04    0.111150E-05
1    1    4   -3    0   -0.000051   -0.126184E-04    0.111150E-05
1    1    4    0   -3   -0.000051   -0.126184E-04    0.111150E-05
1    1    4    0    3   -0.000051   -0.126184E-04    0.111150E-05
1    1    4    3    0   -0.000051   -0.126184E-04    0.111150E-05
1    1    5    0    0   -0.000116   -0.238529E-03    0.833129E-04
