i   j      dx   dy   dz        Jij               χ⁰↑               χ⁰↓            Xzz
1   1      -1   -1   -1   0.000000      3.701760E-02      3.701760E-02   3.499904E-02
1   1       1    1    1   0.000000      3.701760E-02      3.701760E-02   3.499904E-02
1   1       0   -1    0   0.000000      1.786030E-02      1.786030E-02   2.031610E-02
1   1       0    0   -1   0.000000      1.786030E-02      1.786030E-02   2.031610E-02
1   1       0    0    1   0.000000      1.786030E-02      1.786030E-02   2.031610E-02
1   1       0    1    0   0.000000      1.786030E-02      1.786030E-02   2.031610E-02
1   1      -1    0    0   0.000000     -1.117030E-01     -1.117030E-01  -3.150769E-01
1   1       1    0    0   0.000000     -1.117030E-01     -1.117030E-01  -3.150769E-01
1   1       0   -1   -1   0.000000      3.613130E-02      3.613130E-02   3.858019E-02
1   1       0    1    1   0.000000      3.613130E-02      3.613130E-02   3.858019E-02
1   1      -1   -1    0   0.000000      4.946780E-02      4.946780E-02   5.009844E-02
1   1      -1    0   -1   0.000000      4.946780E-02      4.946780E-02   5.009844E-02
1   1       1    0    1   0.000000      4.946780E-02      4.946780E-02   5.009844E-02
1   1       1    1    0   0.000000      4.946780E-02      4.946780E-02   5.009844E-02
1   1      -1   -2   -1   0.000000      1.886230E-03      1.886230E-03   2.057272E-03
1   1      -1   -1   -2   0.000000      1.886230E-03      1.886230E-03   2.057272E-03
1   1       1    1    2   0.000000      1.886230E-03      1.886230E-03   2.057272E-03
1   1       1    2    1   0.000000      1.886230E-03      1.886230E-03   2.057272E-03
1   1      -2   -1   -1   0.000000     -2.101870E-03     -2.101870E-03  -2.286930E-03
1   1       2    1    1   0.000000     -2.101870E-03     -2.101870E-03  -2.286930E-03
1   1      -1    0    1   0.000000     -2.894450E-04     -2.894450E-04  -3.828950E-04
1   1      -1    1    0   0.000000     -2.894450E-04     -2.894450E-04  -3.828950E-04
1   1       1   -1    0   0.000000     -2.894450E-04     -2.894450E-04  -3.828950E-04
1   1       1    0   -1   0.000000     -2.894450E-04     -2.894450E-04  -3.828950E-04
1   1       0   -1    1   0.000000     -4.514040E-03     -4.514040E-03  -5.945177E-03
1   1       0    1   -1   0.000000     -4.514040E-03     -4.514040E-03  -5.945177E-03
1   1      -1   -2   -2   0.000000      6.531660E-03      6.531660E-03   6.498063E-03
1   1       1    2    2   0.000000      6.531660E-03      6.531660E-03   6.498063E-03
1   1       0   -2   -1   0.000000      1.553220E-03      1.553220E-03   1.595547E-03
1   1       0   -1   -2   0.000000      1.553220E-03      1.553220E-03   1.595547E-03
1   1       0    1    2   0.000000      1.553220E-03      1.553220E-03   1.595547E-03
1   1       0    2    1   0.000000      1.553220E-03      1.553220E-03   1.595547E-03
1   1      -2   -2   -1   0.000000     -1.360080E-02     -1.360080E-02  -1.506145E-02
1   1      -2   -1   -2   0.000000     -1.360080E-02     -1.360080E-02  -1.506145E-02
1   1       2    1    2   0.000000     -1.360080E-02     -1.360080E-02  -1.506145E-02
1   1       2    2    1   0.000000     -1.360080E-02     -1.360080E-02  -1.506145E-02
1   1      -1    1    1   0.000000     -2.584270E-03     -2.584270E-03  -3.322549E-03
1   1       1   -1   -1   0.000000     -2.584270E-03     -2.584270E-03  -3.322549E-03
1   1      -1   -2    0   0.000000     -8.792100E-04     -8.792100E-04  -1.012541E-03
1   1      -1    0   -2   0.000000     -8.792100E-04     -8.792100E-04  -1.012541E-03
1   1       1    0    2   0.000000     -8.792100E-04     -8.792100E-04  -1.012541E-03
1   1       1    2    0   0.000000     -8.792100E-04     -8.792100E-04  -1.012541E-03
1   1      -2   -1    0   0.000000     -2.342010E-03     -2.342010E-03  -2.704618E-03
1   1      -2    0   -1   0.000000     -2.342010E-03     -2.342010E-03  -2.704618E-03
1   1       2    0    1   0.000000     -2.342010E-03     -2.342010E-03  -2.704618E-03
1   1       2    1    0   0.000000     -2.342010E-03     -2.342010E-03  -2.704618E-03
1   1      -1   -1    1   0.000000     -2.003100E-03     -2.003100E-03  -2.584816E-03
1   1      -1    1   -1   0.000000     -2.003100E-03     -2.003100E-03  -2.584816E-03
1   1       1   -1    1   0.000000     -2.003100E-03     -2.003100E-03  -2.584816E-03
1   1       1    1   -1   0.000000     -2.003100E-03     -2.003100E-03  -2.584816E-03
1   1      -2   -2   -2   0.000000      3.331400E-02      3.331400E-02   2.778697E-02
1   1       2    2    2   0.000000      3.331400E-02      3.331400E-02   2.778697E-02
1   1       0   -2    0   0.000000      6.654350E-03      6.654350E-03   7.948196E-03
1   1       0    0   -2   0.000000      6.654350E-03      6.654350E-03   7.948196E-03
1   1       0    0    2   0.000000      6.654350E-03      6.654350E-03   7.948196E-03
1   1       0    2    0   0.000000      6.654350E-03      6.654350E-03   7.948196E-03
1   1      -2    0    0   0.000000      1.728440E-03      1.728440E-03   2.078556E-03
1   1       2    0    0   0.000000      1.728440E-03      1.728440E-03   2.078556E-03
1   1       0   -2   -2   0.000000      6.331490E-03      6.331490E-03   6.943499E-03
1   1       0    2    2   0.000000      6.331490E-03      6.331490E-03   6.943499E-03
1   1      -2   -2    0   0.000000      7.635200E-03      7.635200E-03   8.314797E-03
1   1      -2    0   -2   0.000000      7.635200E-03      7.635200E-03   8.314797E-03
1   1       2    0    2   0.000000      7.635200E-03      7.635200E-03   8.314797E-03
1   1       2    2    0   0.000000      7.635200E-03      7.635200E-03   8.314797E-03
1   1      -2   -3   -2   0.000000      6.534930E-04      6.534930E-04   3.859536E-04
1   1      -2   -2   -3   0.000000      6.534930E-04      6.534930E-04   3.859536E-04
1   1       2    2    3   0.000000      6.534930E-04      6.534930E-04   3.859536E-04
1   1       2    3    2   0.000000      6.534930E-04      6.534930E-04   3.859536E-04
1   1      -3   -2   -2   0.000000      1.252190E-03      1.252190E-03   7.558824E-04
1   1       3    2    2   0.000000      1.252190E-03      1.252190E-03   7.558824E-04
1   1      -1   -1   -3   0.000000      1.595170E-03      1.595170E-03   1.600511E-03
1   1       1    1    3   0.000000      1.595170E-03      1.595170E-03   1.600511E-03
1   1      -1   -3   -1   0.000000      1.595170E-03      1.595170E-03   1.600511E-03
1   1       1    3    1   0.000000      1.595170E-03      1.595170E-03   1.600511E-03
1   1      -3   -1   -1   0.000000      4.361810E-04      4.361810E-04   4.656816E-04
1   1       3    1    1   0.000000      4.361810E-04      4.361810E-04   4.656816E-04
1   1      -1    0    2   0.000000      5.237810E-03      5.237810E-03   6.534270E-03
1   1      -1    2    0   0.000000      5.237810E-03      5.237810E-03   6.534270E-03
1   1       1   -2    0   0.000000      5.237810E-03      5.237810E-03   6.534270E-03
1   1       1    0   -2   0.000000      5.237810E-03      5.237810E-03   6.534270E-03
1   1      -2    0    1   0.000000      5.201950E-04      5.201950E-04   6.584706E-04
1   1      -2    1    0   0.000000      5.201950E-04      5.201950E-04   6.584706E-04
1   1       2   -1    0   0.000000      5.201950E-04      5.201950E-04   6.584706E-04
1   1       2    0   -1   0.000000      5.201950E-04      5.201950E-04   6.584706E-04
1   1       0   -1    2   0.000000      6.737960E-04      6.737960E-04   8.475781E-04
1   1       0    1   -2   0.000000      6.737960E-04      6.737960E-04   8.475781E-04
1   1       0   -2    1   0.000000      6.737960E-04      6.737960E-04   8.475781E-04
1   1       0    2   -1   0.000000      6.737960E-04      6.737960E-04   8.475781E-04
1   1      -1   -3   -2   0.000000     -3.128590E-04     -3.128590E-04  -2.438908E-04
1   1      -1   -2   -3   0.000000     -3.128590E-04     -3.128590E-04  -2.438908E-04
1   1       1    2    3   0.000000     -3.128590E-04     -3.128590E-04  -2.438908E-04
1   1       1    3    2   0.000000     -3.128590E-04     -3.128590E-04  -2.438908E-04
1   1      -2   -3   -1   0.000000      4.814080E-04      4.814080E-04   3.637420E-04
1   1      -2   -1   -3   0.000000      4.814080E-04      4.814080E-04   3.637420E-04
1   1       2    1    3   0.000000      4.814080E-04      4.814080E-04   3.637420E-04
1   1       2    3    1   0.000000      4.814080E-04      4.814080E-04   3.637420E-04
1   1      -1    1    2   0.000000     -1.874690E-03     -1.874690E-03  -1.998612E-03
1   1      -1    2    1   0.000000     -1.874690E-03     -1.874690E-03  -1.998612E-03
1   1       1   -2   -1   0.000000     -1.874690E-03     -1.874690E-03  -1.998612E-03
1   1       1   -1   -2   0.000000     -1.874690E-03     -1.874690E-03  -1.998612E-03
1   1      -3   -2   -1   0.000000     -5.543860E-04     -5.543860E-04  -4.244177E-04
1   1      -3   -1   -2   0.000000     -5.543860E-04     -5.543860E-04  -4.244177E-04
1   1       3    1    2   0.000000     -5.543860E-04     -5.543860E-04  -4.244177E-04
1   1       3    2    1   0.000000     -5.543860E-04     -5.543860E-04  -4.244177E-04
1   1      -2   -1    1   0.000000     -4.824860E-05     -4.824860E-05  -5.047697E-05
1   1      -2    1   -1   0.000000     -4.824860E-05     -4.824860E-05  -5.047697E-05
1   1       2   -1    1   0.000000     -4.824860E-05     -4.824860E-05  -5.047697E-05
1   1       2    1   -1   0.000000     -4.824860E-05     -4.824860E-05  -5.047697E-05
1   1      -1    1   -2   0.000000     -1.365200E-03     -1.365200E-03  -1.448008E-03
1   1       1   -1    2   0.000000     -1.365200E-03     -1.365200E-03  -1.448008E-03
1   1      -1   -2    1   0.000000     -1.365200E-03     -1.365200E-03  -1.448008E-03
1   1       1    2   -1   0.000000     -1.365200E-03     -1.365200E-03  -1.448008E-03
1   1      -2   -3   -3   0.000000      2.624820E-03      2.624820E-03   1.898837E-03
1   1       2    3    3   0.000000      2.624820E-03      2.624820E-03   1.898837E-03
1   1      -3   -3   -2   0.000000      9.778390E-03      9.778390E-03   7.047058E-03
1   1      -3   -2   -3   0.000000      9.778390E-03      9.778390E-03   7.047058E-03
1   1       3    2    3   0.000000      9.778390E-03      9.778390E-03   7.047058E-03
1   1       3    3    2   0.000000      9.778390E-03      9.778390E-03   7.047058E-03
1   1       0   -3   -1   0.000000      9.846690E-04      9.846690E-04   1.031512E-03
1   1       0   -1   -3   0.000000      9.846690E-04      9.846690E-04   1.031512E-03
1   1       0    1    3   0.000000      9.846690E-04      9.846690E-04   1.031512E-03
1   1       0    3    1   0.000000      9.846690E-04      9.846690E-04   1.031512E-03
1   1      -1   -3    0   0.000000      2.574720E-03      2.574720E-03   2.761398E-03
1   1      -1    0   -3   0.000000      2.574720E-03      2.574720E-03   2.761398E-03
1   1       1    0    3   0.000000      2.574720E-03      2.574720E-03   2.761398E-03
1   1       1    3    0   0.000000      2.574720E-03      2.574720E-03   2.761398E-03
1   1      -2    1    1   0.000000      2.350850E-04      2.350850E-04   2.806976E-04
1   1       2   -1   -1   0.000000      2.350850E-04      2.350850E-04   2.806976E-04
1   1      -3   -1    0   0.000000      1.619790E-03      1.619790E-03   1.785744E-03
1   1      -3    0   -1   0.000000      1.619790E-03      1.619790E-03   1.785744E-03
1   1       3    0    1   0.000000      1.619790E-03      1.619790E-03   1.785744E-03
1   1       3    1    0   0.000000      1.619790E-03      1.619790E-03   1.785744E-03
1   1      -1   -1    2   0.000000      1.880650E-03      1.880650E-03   2.360426E-03
1   1       1    1   -2   0.000000      1.880650E-03      1.880650E-03   2.360426E-03
1   1      -1    2   -1   0.000000      1.880650E-03      1.880650E-03   2.360426E-03
1   1       1   -2    1   0.000000      1.880650E-03      1.880650E-03   2.360426E-03
1   1      -1   -3   -3   0.000000     -8.660800E-04     -8.660800E-04  -4.734925E-04
1   1       1    3    3   0.000000     -8.660800E-04     -8.660800E-04  -4.734925E-04
1   1      -3   -3   -3   0.000000     -5.325870E-03     -5.325870E-03  -3.848785E-03
1   1       3    3    3   0.000000     -5.325870E-03     -5.325870E-03  -3.848785E-03
1   1       0   -3   -2   0.000000     -2.902170E-04     -2.902170E-04  -2.547874E-04
1   1       0    3    2   0.000000     -2.902170E-04     -2.902170E-04  -2.547874E-04
1   1       0   -2   -3   0.000000     -2.902170E-04     -2.902170E-04  -2.547874E-04
1   1       0    2    3   0.000000     -2.902170E-04     -2.902170E-04  -2.547874E-04
1   1      -1    2    2   0.000000      1.110610E-03      1.110610E-03   1.284995E-03
1   1       1   -2   -2   0.000000      1.110610E-03      1.110610E-03   1.284995E-03
1   1      -3   -3   -1   0.000000     -1.226020E-03     -1.226020E-03  -9.286326E-04
1   1      -3   -1   -3   0.000000     -1.226020E-03     -1.226020E-03  -9.286326E-04
1   1       3    1    3   0.000000     -1.226020E-03     -1.226020E-03  -9.286326E-04
1   1       3    3    1   0.000000     -1.226020E-03     -1.226020E-03  -9.286326E-04
1   1       0   -3    0   0.000000     -6.641440E-04     -6.641440E-04  -6.941451E-04
1   1       0    0   -3   0.000000     -6.641440E-04     -6.641440E-04  -6.941451E-04
1   1       0    0    3   0.000000     -6.641440E-04     -6.641440E-04  -6.941451E-04
1   1       0    3    0   0.000000     -6.641440E-04     -6.641440E-04  -6.941451E-04
1   1      -2    0   -3   0.000000     -1.765770E-03     -1.765770E-03  -1.574742E-03
1   1       2    0    3   0.000000     -1.765770E-03     -1.765770E-03  -1.574742E-03
1   1      -2   -3    0   0.000000     -1.765770E-03     -1.765770E-03  -1.574742E-03
1   1       2    3    0   0.000000     -1.765770E-03     -1.765770E-03  -1.574742E-03
1   1      -3    0   -2   0.000000      4.806970E-04      4.806970E-04   4.391792E-04
1   1       3    0    2   0.000000      4.806970E-04      4.806970E-04   4.391792E-04
1   1      -3   -2    0   0.000000      4.806970E-04      4.806970E-04   4.391792E-04
1   1       3    2    0   0.000000      4.806970E-04      4.806970E-04   4.391792E-04
1   1      -3    0    0   0.000000      1.473430E-03      1.473430E-03   1.754330E-03
1   1       3    0    0   0.000000      1.473430E-03      1.473430E-03   1.754330E-03
1   1      -2    1   -2   0.000000     -1.258450E-04     -1.258450E-04  -1.456278E-04
1   1       2   -1    2   0.000000     -1.258450E-04     -1.258450E-04  -1.456278E-04
1   1      -2   -2    1   0.000000     -1.258450E-04     -1.258450E-04  -1.456278E-04
1   1       2    2   -1   0.000000     -1.258450E-04     -1.258450E-04  -1.456278E-04
1   1      -2   -4   -2   0.000000     -5.649590E-04     -5.649590E-04  -4.184848E-04
1   1      -2   -2   -4   0.000000     -5.649590E-04     -5.649590E-04  -4.184848E-04
1   1       2    2    4   0.000000     -5.649590E-04     -5.649590E-04  -4.184848E-04
1   1       2    4    2   0.000000     -5.649590E-04     -5.649590E-04  -4.184848E-04
1   1      -4   -2   -2   0.000000     -6.687350E-04     -6.687350E-04  -4.872515E-04
1   1       4    2    2   0.000000     -6.687350E-04     -6.687350E-04  -4.872515E-04
1   1      -2    0    2   0.000000     -1.714780E-03     -1.714780E-03  -1.953775E-03
1   1      -2    2    0   0.000000     -1.714780E-03     -1.714780E-03  -1.953775E-03
1   1       2   -2    0   0.000000     -1.714780E-03     -1.714780E-03  -1.953775E-03
1   1       2    0   -2   0.000000     -1.714780E-03     -1.714780E-03  -1.953775E-03
1   1       0   -2    2   0.000000     -1.267530E-03     -1.267530E-03  -1.447125E-03
1   1       0    2   -2   0.000000     -1.267530E-03     -1.267530E-03  -1.447125E-03
1   1      -2   -3   -4   0.000000      1.936060E-04      1.936060E-04   2.162813E-04
1   1       2    3    4   0.000000      1.936060E-04      1.936060E-04   2.162813E-04
1   1      -2   -4   -3   0.000000      1.936060E-04      1.936060E-04   2.162813E-04
1   1       2    4    3   0.000000      1.936060E-04      1.936060E-04   2.162813E-04
1   1      -1   -2   -4   0.000000      6.456550E-04      6.456550E-04   3.559494E-04
1   1       1    2    4   0.000000      6.456550E-04      6.456550E-04   3.559494E-04
1   1      -1   -4   -2   0.000000      6.456550E-04      6.456550E-04   3.559494E-04
1   1       1    4    2   0.000000      6.456550E-04      6.456550E-04   3.559494E-04
1   1      -3   -4   -2   0.000000     -4.906730E-04     -4.906730E-04  -3.476549E-04
1   1      -3   -2   -4   0.000000     -4.906730E-04     -4.906730E-04  -3.476549E-04
1   1       3    2    4   0.000000     -4.906730E-04     -4.906730E-04  -3.476549E-04
1   1       3    4    2   0.000000     -4.906730E-04     -4.906730E-04  -3.476549E-04
1   1      -4   -3   -2   0.000000     -2.613150E-04     -2.613150E-04  -1.830460E-04
1   1      -4   -2   -3   0.000000     -2.613150E-04     -2.613150E-04  -1.830460E-04
1   1       4    2    3   0.000000     -2.613150E-04     -2.613150E-04  -1.830460E-04
1   1       4    3    2   0.000000     -2.613150E-04     -2.613150E-04  -1.830460E-04
1   1      -2   -1   -4   0.000000     -7.850280E-05     -7.850280E-05  -6.002728E-05
1   1       2    1    4   0.000000     -7.850280E-05     -7.850280E-05  -6.002728E-05
1   1      -2   -4   -1   0.000000     -7.850280E-05     -7.850280E-05  -6.002728E-05
1   1       2    4    1   0.000000     -7.850280E-05     -7.850280E-05  -6.002728E-05
1   1      -1    1    3   0.000000     -5.438430E-05     -5.438430E-05  -5.855316E-05
1   1      -1    3    1   0.000000     -5.438430E-05     -5.438430E-05  -5.855316E-05
1   1       1   -3   -1   0.000000     -5.438430E-05     -5.438430E-05  -5.855316E-05
1   1       1   -1   -3   0.000000     -5.438430E-05     -5.438430E-05  -5.855316E-05
1   1      -2    1    2   0.000000      1.481370E-04      1.481370E-04   1.584426E-04
1   1      -2    2    1   0.000000      1.481370E-04      1.481370E-04   1.584426E-04
1   1       2   -2   -1   0.000000      1.481370E-04      1.481370E-04   1.584426E-04
1   1       2   -1   -2   0.000000      1.481370E-04      1.481370E-04   1.584426E-04
1   1      -4   -2   -1   0.000000      2.933160E-04      2.933160E-04   2.194602E-04
1   1      -4   -1   -2   0.000000      2.933160E-04      2.933160E-04   2.194602E-04
1   1       4    1    2   0.000000      2.933160E-04      2.933160E-04   2.194602E-04
1   1       4    2    1   0.000000      2.933160E-04      2.933160E-04   2.194602E-04
1   1      -3   -1    1   0.000000      1.478030E-05      1.478030E-05   1.693446E-05
1   1      -3    1   -1   0.000000      1.478030E-05      1.478030E-05   1.693446E-05
1   1       3   -1    1   0.000000      1.478030E-05      1.478030E-05   1.693446E-05
1   1       3    1   -1   0.000000      1.478030E-05      1.478030E-05   1.693446E-05
1   1      -2   -1    2   0.000000      3.475840E-04      3.475840E-04   4.073610E-04
1   1      -2    2   -1   0.000000      3.475840E-04      3.475840E-04   4.073610E-04
1   1      -1    1   -3   0.000000      6.334710E-05      6.334710E-05   6.782509E-05
1   1       1   -1    3   0.000000      6.334710E-05      6.334710E-05   6.782509E-05
1   1       2   -2    1   0.000000      3.475840E-04      3.475840E-04   4.073610E-04
1   1       2    1   -2   0.000000      3.475840E-04      3.475840E-04   4.073610E-04
1   1      -1   -3    1   0.000000      6.334710E-05      6.334710E-05   6.782509E-05
1   1       1    3   -1   0.000000      6.334710E-05      6.334710E-05   6.782509E-05
1   1      -1   -2    2   0.000000     -4.044320E-04     -4.044320E-04  -4.947173E-04
1   1      -1    2   -2   0.000000     -4.044320E-04     -4.044320E-04  -4.947173E-04
1   1       1   -2    2   0.000000     -4.044320E-04     -4.044320E-04  -4.947173E-04
1   1       1    2   -2   0.000000     -4.044320E-04     -4.044320E-04  -4.947173E-04
1   1      -3   -4   -3   0.000000      3.735410E-04      3.735410E-04   3.491658E-04
1   1      -3   -3   -4   0.000000      3.735410E-04      3.735410E-04   3.491658E-04
1   1       3    3    4   0.000000      3.735410E-04      3.735410E-04   3.491658E-04
1   1       3    4    3   0.000000      3.735410E-04      3.735410E-04   3.491658E-04
1   1       0   -3   -3   0.000000     -5.042940E-04     -5.042940E-04  -3.016502E-04
1   1       0    3    3   0.000000     -5.042940E-04     -5.042940E-04  -3.016502E-04
1   1      -4   -3   -3   0.000000     -1.352830E-04     -1.352830E-04  -1.242808E-04
1   1       4    3    3   0.000000     -1.352830E-04     -1.352830E-04  -1.242808E-04
1   1      -1   -1   -4   0.000000      2.166600E-04      2.166600E-04   1.428810E-04
1   1       1    1    4   0.000000      2.166600E-04      2.166600E-04   1.428810E-04
1   1      -1   -4   -1   0.000000      2.166600E-04      2.166600E-04   1.428810E-04
1   1       1    4    1   0.000000      2.166600E-04      2.166600E-04   1.428810E-04
1   1      -1    0    3   0.000000     -6.053110E-05     -6.053110E-05  -5.913991E-05
1   1      -1    3    0   0.000000     -6.053110E-05     -6.053110E-05  -5.913991E-05
1   1       1   -3    0   0.000000     -6.053110E-05     -6.053110E-05  -5.913991E-05
1   1       1    0   -3   0.000000     -6.053110E-05     -6.053110E-05  -5.913991E-05
1   1      -3    0   -3   0.000000      7.368770E-06      7.368770E-06   4.460283E-06
1   1       3    0    3   0.000000      7.368770E-06      7.368770E-06   4.460283E-06
1   1      -3   -3    0   0.000000      7.368770E-06      7.368770E-06   4.460283E-06
1   1       3    3    0   0.000000      7.368770E-06      7.368770E-06   4.460283E-06
1   1      -4   -1   -1   0.000000     -8.525940E-07     -8.525940E-07  -7.746350E-07
1   1       4    1    1   0.000000     -8.525940E-07     -8.525940E-07  -7.746350E-07
1   1      -3    0    1   0.000000     -4.085230E-04     -4.085230E-04  -4.728080E-04
1   1      -3    1    0   0.000000     -4.085230E-04     -4.085230E-04  -4.728080E-04
1   1       3   -1    0   0.000000     -4.085230E-04     -4.085230E-04  -4.728080E-04
1   1       3    0   -1   0.000000     -4.085230E-04     -4.085230E-04  -4.728080E-04
1   1       0   -1    3   0.000000      1.559190E-04      1.559190E-04   1.530984E-04
1   1       0    1   -3   0.000000      1.559190E-04      1.559190E-04   1.530984E-04
1   1       0   -3    1   0.000000      1.559190E-04      1.559190E-04   1.530984E-04
1   1       0    3   -1   0.000000      1.559190E-04      1.559190E-04   1.530984E-04
1   1      -1   -3   -4   0.000000      2.311970E-05      2.311970E-05   1.737696E-05
1   1       1    3    4   0.000000      2.311970E-05      2.311970E-05   1.737696E-05
1   1      -1   -4   -3   0.000000      2.311970E-05      2.311970E-05   1.737696E-05
1   1       1    4    3   0.000000      2.311970E-05      2.311970E-05   1.737696E-05
1   1      -1    2    3   0.000000      4.613950E-05      4.613950E-05   3.992941E-05
1   1      -1    3    2   0.000000      4.613950E-05      4.613950E-05   3.992941E-05
1   1       1   -3   -2   0.000000      4.613950E-05      4.613950E-05   3.992941E-05
1   1       1   -2   -3   0.000000      4.613950E-05      4.613950E-05   3.992941E-05
1   1      -3   -4   -1   0.000000     -1.516440E-04     -1.516440E-04  -1.108099E-04
1   1      -3   -1   -4   0.000000     -1.516440E-04     -1.516440E-04  -1.108099E-04
1   1       3    1    4   0.000000     -1.516440E-04     -1.516440E-04  -1.108099E-04
1   1       3    4    1   0.000000     -1.516440E-04     -1.516440E-04  -1.108099E-04
1   1      -4   -3   -1   0.000000      2.176040E-04      2.176040E-04   1.561989E-04
1   1      -4   -1   -3   0.000000      2.176040E-04      2.176040E-04   1.561989E-04
1   1       4    1    3   0.000000      2.176040E-04      2.176040E-04   1.561989E-04
1   1       4    3    1   0.000000      2.176040E-04      2.176040E-04   1.561989E-04
1   1      -3    1   -2   0.000000     -9.558860E-05     -9.558860E-05  -8.399367E-05
1   1      -2    1   -3   0.000000     -6.924590E-05     -6.924590E-05  -5.840560E-05
1   1       2   -1    3   0.000000     -6.924590E-05     -6.924590E-05  -5.840560E-05
1   1       3   -1    2   0.000000     -9.558860E-05     -9.558860E-05  -8.399367E-05
1   1      -3   -2    1   0.000000     -9.558860E-05     -9.558860E-05  -8.399367E-05
1   1      -2   -3    1   0.000000     -6.924590E-05     -6.924590E-05  -5.840560E-05
1   1       2    3   -1   0.000000     -6.924590E-05     -6.924590E-05  -5.840560E-05
1   1       3    2   -1   0.000000     -9.558860E-05     -9.558860E-05  -8.399367E-05
1   1      -3   -4   -4   0.000000     -1.306870E-03     -1.306870E-03  -8.152151E-04
1   1       3    4    4   0.000000     -1.306870E-03     -1.306870E-03  -8.152151E-04
1   1      -4   -4   -3   0.000000     -2.757780E-03     -2.757780E-03  -1.687906E-03
1   1      -4   -3   -4   0.000000     -2.757780E-03     -2.757780E-03  -1.687906E-03
1   1       4    3    4   0.000000     -2.757780E-03     -2.757780E-03  -1.687906E-03
1   1       4    4    3   0.000000     -2.757780E-03     -2.757780E-03  -1.687906E-03
1   1       0   -1   -4   0.000000      2.078900E-05      2.078900E-05   1.355271E-05
1   1       0    1    4   0.000000      2.078900E-05      2.078900E-05   1.355271E-05
1   1       0   -4   -1   0.000000      2.078900E-05      2.078900E-05   1.355271E-05
1   1       0    4    1   0.000000      2.078900E-05      2.078900E-05   1.355271E-05
1   1      -1   -4    0   0.000000     -1.029990E-03     -1.029990E-03  -6.989506E-04
1   1      -1    0   -4   0.000000     -1.029990E-03     -1.029990E-03  -6.989506E-04
1   1       1    0    4   0.000000     -1.029990E-03     -1.029990E-03  -6.989506E-04
1   1       1    4    0   0.000000     -1.029990E-03     -1.029990E-03  -6.989506E-04
1   1      -3    1    1   0.000000     -1.228520E-05     -1.228520E-05  -1.365519E-05
1   1       3   -1   -1   0.000000     -1.228520E-05     -1.228520E-05  -1.365519E-05
1   1      -4   -1    0   0.000000     -2.293250E-04     -2.293250E-04  -2.233027E-04
1   1      -4    0   -1   0.000000     -2.293250E-04     -2.293250E-04  -2.233027E-04
1   1       4    0    1   0.000000     -2.293250E-04     -2.293250E-04  -2.233027E-04
1   1       4    1    0   0.000000     -2.293250E-04     -2.293250E-04  -2.233027E-04
1   1      -1   -1    3   0.000000     -1.542270E-04     -1.542270E-04  -1.445794E-04
1   1       1    1   -3   0.000000     -1.542270E-04     -1.542270E-04  -1.445794E-04
1   1      -1    3   -1   0.000000     -1.542270E-04     -1.542270E-04  -1.445794E-04
1   1       1   -3    1   0.000000     -1.542270E-04     -1.542270E-04  -1.445794E-04
1   1      -2   -4   -4   0.000000     -9.717830E-04     -9.717830E-04  -6.639620E-04
1   1       2    4    4   0.000000     -9.717830E-04     -9.717830E-04  -6.639620E-04
1   1       0   -4   -2   0.000000     -1.166770E-03     -1.166770E-03  -6.720856E-04
1   1       0   -2   -4   0.000000     -1.166770E-03     -1.166770E-03  -6.720856E-04
1   1       0    2    4   0.000000     -1.166770E-03     -1.166770E-03  -6.720856E-04
1   1       0    4    2   0.000000     -1.166770E-03     -1.166770E-03  -6.720856E-04
1   1      -4   -4   -2   0.000000     -1.673010E-04     -1.673010E-04  -1.179600E-04
1   1      -4   -2   -4   0.000000     -1.673010E-04     -1.673010E-04  -1.179600E-04
1   1       4    2    4   0.000000     -1.673010E-04     -1.673010E-04  -1.179600E-04
1   1       4    4    2   0.000000     -1.673010E-04     -1.673010E-04  -1.179600E-04
1   1      -2    2    2   0.000000     -1.597840E-03     -1.597840E-03  -1.436353E-03
1   1       2   -2   -2   0.000000     -1.597840E-03     -1.597840E-03  -1.436353E-03
1   1      -2   -4    0   0.000000     -1.140410E-03     -1.140410E-03  -6.656144E-04
1   1      -2    0   -4   0.000000     -1.140410E-03     -1.140410E-03  -6.656144E-04
1   1       2    0    4   0.000000     -1.140410E-03     -1.140410E-03  -6.656144E-04
1   1       2    4    0   0.000000     -1.140410E-03     -1.140410E-03  -6.656144E-04
1   1      -4   -2    0   0.000000     -9.564230E-04     -9.564230E-04  -8.152860E-04
1   1      -4    0   -2   0.000000     -9.564230E-04     -9.564230E-04  -8.152860E-04
1   1       4    0    2   0.000000     -9.564230E-04     -9.564230E-04  -8.152860E-04
1   1       4    2    0   0.000000     -9.564230E-04     -9.564230E-04  -8.152860E-04
1   1      -2   -2    2   0.000000     -8.014070E-04     -8.014070E-04  -8.414044E-04
1   1      -2    2   -2   0.000000     -8.014070E-04     -8.014070E-04  -8.414044E-04
1   1       2   -2    2   0.000000     -8.014070E-04     -8.014070E-04  -8.414044E-04
1   1       2    2   -2   0.000000     -8.014070E-04     -8.014070E-04  -8.414044E-04
1   1      -4   -4   -4   0.000000      8.222170E-04      8.222170E-04   4.544523E-04
1   1       4    4    4   0.000000      8.222170E-04      8.222170E-04   4.544523E-04
1   1       0   -4    0   0.000000      2.042800E-05      2.042800E-05   1.459022E-05
1   1       0    0   -4   0.000000      2.042800E-05      2.042800E-05   1.459022E-05
1   1       0    0    4   0.000000      2.042800E-05      2.042800E-05   1.459022E-05
1   1       0    4    0   0.000000      2.042800E-05      2.042800E-05   1.459022E-05
1   1      -4    0    0   0.000000     -5.554630E-04     -5.554630E-04  -3.789657E-04
1   1       4    0    0   0.000000     -5.554630E-04     -5.554630E-04  -3.789657E-04
1   1      -1   -4   -4   0.000000     -7.028390E-05     -7.028390E-05  -7.007819E-05
1   1       1    4    4   0.000000     -7.028390E-05     -7.028390E-05  -7.007819E-05
1   1      -3   -3   -5   0.000000      2.625850E-05      2.625850E-05   1.597133E-05
1   1       3    3    5   0.000000      2.625850E-05      2.625850E-05   1.597133E-05
1   1      -3   -5   -3   0.000000      2.625850E-05      2.625850E-05   1.597133E-05
1   1       3    5    3   0.000000      2.625850E-05      2.625850E-05   1.597133E-05
1   1       0   -3   -4   0.000000      5.286530E-06      5.286530E-06   5.829149E-06
1   1       0    3    4   0.000000      5.286530E-06      5.286530E-06   5.829149E-06
1   1       0   -4   -3   0.000000      5.286530E-06      5.286530E-06   5.829149E-06
1   1       0    4    3   0.000000      5.286530E-06      5.286530E-06   5.829149E-06
1   1      -2   -5   -2   0.000000     -5.690480E-06     -5.690480E-06  -4.829519E-06
1   1      -2   -2   -5   0.000000     -5.690480E-06     -5.690480E-06  -4.829519E-06
1   1       2    2    5   0.000000     -5.690480E-06     -5.690480E-06  -4.829519E-06
1   1       2    5    2   0.000000     -5.690480E-06     -5.690480E-06  -4.829519E-06
1   1      -1    3    3   0.000000      8.358570E-05      8.358570E-05   5.814128E-05
1   1       1   -3   -3   0.000000      8.358570E-05      8.358570E-05   5.814128E-05
1   1      -5   -3   -3   0.000000      6.325430E-05      6.325430E-05   3.835143E-05
1   1       5    3    3   0.000000      6.325430E-05      6.325430E-05   3.835143E-05
1   1      -4   -4   -1   0.000000     -1.726610E-04     -1.726610E-04  -1.603793E-04
1   1      -4   -1   -4   0.000000     -1.726610E-04     -1.726610E-04  -1.603793E-04
1   1       4    1    4   0.000000     -1.726610E-04     -1.726610E-04  -1.603793E-04
1   1       4    4    1   0.000000     -1.726610E-04     -1.726610E-04  -1.603793E-04
1   1      -5   -2   -2   0.000000     -5.074580E-05     -5.074580E-05  -2.993961E-05
1   1       5    2    2   0.000000     -5.074580E-05     -5.074580E-05  -2.993961E-05
1   1      -3   -4    0   0.000000     -2.147700E-04     -2.147700E-04  -1.511672E-04
1   1      -3    0   -4   0.000000     -2.147700E-04     -2.147700E-04  -1.511672E-04
1   1       3    0    4   0.000000     -2.147700E-04     -2.147700E-04  -1.511672E-04
1   1       3    4    0   0.000000     -2.147700E-04     -2.147700E-04  -1.511672E-04
1   1      -2    0    3   0.000000      1.151160E-04      1.151160E-04   1.098002E-04
1   1      -2    3    0   0.000000      1.151160E-04      1.151160E-04   1.098002E-04
1   1       2   -3    0   0.000000      1.151160E-04      1.151160E-04   1.098002E-04
1   1       2    0   -3   0.000000      1.151160E-04      1.151160E-04   1.098002E-04
1   1      -4    0   -3   0.000000      1.014340E-04      1.014340E-04   6.989252E-05
1   1       4    0    3   0.000000      1.014340E-04      1.014340E-04   6.989252E-05
1   1      -4   -3    0   0.000000      1.014340E-04      1.014340E-04   6.989252E-05
1   1       4    3    0   0.000000      1.014340E-04      1.014340E-04   6.989252E-05
1   1      -3    0    2   0.000000      2.444270E-04      2.444270E-04   2.717347E-04
1   1      -3    2    0   0.000000      2.444270E-04      2.444270E-04   2.717347E-04
1   1       3   -2    0   0.000000      2.444270E-04      2.444270E-04   2.717347E-04
1   1       3    0   -2   0.000000      2.444270E-04      2.444270E-04   2.717347E-04
1   1      -3    1   -3   0.000000      1.370730E-07      1.370730E-07   1.395858E-07
1   1       3   -1    3   0.000000      1.370730E-07      1.370730E-07   1.395858E-07
1   1      -3   -3    1   0.000000      1.370730E-07      1.370730E-07   1.395858E-07
1   1       3    3   -1   0.000000      1.370730E-07      1.370730E-07   1.395858E-07
1   1       0   -3    2   0.000000      3.591160E-05      3.591160E-05   3.381595E-05
1   1       0   -2    3   0.000000      3.591160E-05      3.591160E-05   3.381595E-05
1   1       0    2   -3   0.000000      3.591160E-05      3.591160E-05   3.381595E-05
1   1       0    3   -2   0.000000      3.591160E-05      3.591160E-05   3.381595E-05
1   1      -2   -5   -3   0.000000      5.977110E-05      5.977110E-05   4.013972E-05
1   1      -2   -3   -5   0.000000      5.977110E-05      5.977110E-05   4.013972E-05
1   1       2    3    5   0.000000      5.977110E-05      5.977110E-05   4.013972E-05
1   1       2    5    3   0.000000      5.977110E-05      5.977110E-05   4.013972E-05
1   1      -3   -5   -2   0.000000     -3.455590E-04     -3.455590E-04  -2.420797E-04
1   1      -3   -2   -5   0.000000     -3.455590E-04     -3.455590E-04  -2.420797E-04
1   1       3    2    5   0.000000     -3.455590E-04     -3.455590E-04  -2.420797E-04
1   1       3    5    2   0.000000     -3.455590E-04     -3.455590E-04  -2.420797E-04
1   1      -5   -3   -2   0.000000     -1.170120E-05     -1.170120E-05  -7.963728E-06
1   1      -5   -2   -3   0.000000     -1.170120E-05     -1.170120E-05  -7.963728E-06
1   1       5    2    3   0.000000     -1.170120E-05     -1.170120E-05  -7.963728E-06
1   1       5    3    2   0.000000     -1.170120E-05     -1.170120E-05  -7.963728E-06
1   1      -2    1    3   0.000000      3.692840E-04      3.692840E-04   3.280198E-04
1   1       2   -1   -3   0.000000      3.692840E-04      3.692840E-04   3.280198E-04
1   1      -2    3    1   0.000000      3.692840E-04      3.692840E-04   3.280198E-04
1   1       2   -3   -1   0.000000      3.692840E-04      3.692840E-04   3.280198E-04
1   1      -3   -1    2   0.000000     -1.180560E-04     -1.180560E-04  -1.233124E-04
1   1      -3    2   -1   0.000000     -1.180560E-04     -1.180560E-04  -1.233124E-04
1   1       3   -2    1   0.000000     -1.180560E-04     -1.180560E-04  -1.233124E-04
1   1       3    1   -2   0.000000     -1.180560E-04     -1.180560E-04  -1.233124E-04
1   1      -1   -3    2   0.000000     -1.107880E-04     -1.107880E-04  -1.022551E-04
1   1      -1    2   -3   0.000000     -1.107880E-04     -1.107880E-04  -1.022551E-04
1   1       1   -2    3   0.000000     -1.107880E-04     -1.107880E-04  -1.022551E-04
1   1       1    3   -2   0.000000     -1.107880E-04     -1.107880E-04  -1.022551E-04
1   1      -3   -5   -4   0.000000     -7.958070E-05     -7.958070E-05  -4.368371E-05
1   1      -3   -4   -5   0.000000     -7.958070E-05     -7.958070E-05  -4.368371E-05
1   1       3    4    5   0.000000     -7.958070E-05     -7.958070E-05  -4.368371E-05
1   1       3    5    4   0.000000     -7.958070E-05     -7.958070E-05  -4.368371E-05
1   1      -4   -5   -3   0.000000      6.101320E-05      6.101320E-05   3.323662E-05
1   1      -4   -3   -5   0.000000      6.101320E-05      6.101320E-05   3.323662E-05
1   1       4    3    5   0.000000      6.101320E-05      6.101320E-05   3.323662E-05
1   1       4    5    3   0.000000      6.101320E-05      6.101320E-05   3.323662E-05
1   1      -5   -4   -3   0.000000      3.484020E-04      3.484020E-04   1.894051E-04
1   1      -5   -3   -4   0.000000      3.484020E-04      3.484020E-04   1.894051E-04
1   1       5    3    4   0.000000      3.484020E-04      3.484020E-04   1.894051E-04
1   1       5    4    3   0.000000      3.484020E-04      3.484020E-04   1.894051E-04
1   1      -1   -2   -5   0.000000     -1.651640E-04     -1.651640E-04  -1.345001E-04
1   1       1    2    5   0.000000     -1.651640E-04     -1.651640E-04  -1.345001E-04
1   1      -1   -5   -2   0.000000     -1.651640E-04     -1.651640E-04  -1.345001E-04
1   1       1    5    2   0.000000     -1.651640E-04     -1.651640E-04  -1.345001E-04
1   1      -2   -1   -5   0.000000      2.497320E-05      2.497320E-05   2.014031E-05
1   1       2    1    5   0.000000      2.497320E-05      2.497320E-05   2.014031E-05
1   1      -2   -5   -1   0.000000      2.497320E-05      2.497320E-05   2.014031E-05
1   1       2    5    1   0.000000      2.497320E-05      2.497320E-05   2.014031E-05
1   1      -1    1    4   0.000000      2.007390E-04      2.007390E-04   1.274265E-04
1   1       1   -1   -4   0.000000      2.007390E-04      2.007390E-04   1.274265E-04
1   1      -1    4    1   0.000000      2.007390E-04      2.007390E-04   1.274265E-04
1   1       1   -4   -1   0.000000      2.007390E-04      2.007390E-04   1.274265E-04
1   1      -3    1    2   0.000000     -9.966990E-05     -9.966990E-05  -8.126291E-05
1   1      -3    2    1   0.000000     -9.966990E-05     -9.966990E-05  -8.126291E-05
1   1       3   -2   -1   0.000000     -9.966990E-05     -9.966990E-05  -8.126291E-05
1   1       3   -1   -2   0.000000     -9.966990E-05     -9.966990E-05  -8.126291E-05
1   1      -5   -1   -2   0.000000     -1.528670E-04     -1.528670E-04  -8.855796E-05
1   1       5    1    2   0.000000     -1.528670E-04     -1.528670E-04  -8.855796E-05
1   1      -5   -2   -1   0.000000     -1.528670E-04     -1.528670E-04  -8.855796E-05
1   1       5    2    1   0.000000     -1.528670E-04     -1.528670E-04  -8.855796E-05
1   1      -1    1   -4   0.000000      3.310430E-04      3.310430E-04   2.092319E-04
1   1       1   -1    4   0.000000      3.310430E-04      3.310430E-04   2.092319E-04
1   1      -1   -4    1   0.000000      3.310430E-04      3.310430E-04   2.092319E-04
1   1       1    4   -1   0.000000      3.310430E-04      3.310430E-04   2.092319E-04
1   1      -4   -1    1   0.000000      1.378340E-05      1.378340E-05   1.246817E-05
1   1      -4    1   -1   0.000000      1.378340E-05      1.378340E-05   1.246817E-05
1   1       4   -1    1   0.000000      1.378340E-05      1.378340E-05   1.246817E-05
1   1       4    1   -1   0.000000      1.378340E-05      1.378340E-05   1.246817E-05
1   1      -2   -1    3   0.000000      4.068030E-05      4.068030E-05   3.278345E-05
1   1       2    1   -3   0.000000      4.068030E-05      4.068030E-05   3.278345E-05
1   1      -2    3   -1   0.000000      4.068030E-05      4.068030E-05   3.278345E-05
1   1       2   -3    1   0.000000      4.068030E-05      4.068030E-05   3.278345E-05
1   1      -1   -2    3   0.000000     -3.123040E-04     -3.123040E-04  -2.686633E-04
1   1      -1    3   -2   0.000000     -3.123040E-04     -3.123040E-04  -2.686633E-04
1   1       1   -3    2   0.000000     -3.123040E-04     -3.123040E-04  -2.686633E-04
1   1       1    2   -3   0.000000     -3.123040E-04     -3.123040E-04  -2.686633E-04
1   1      -2   -5   -4   0.000000     -1.752850E-04     -1.752850E-04  -9.809965E-05
1   1      -2   -4   -5   0.000000     -1.752850E-04     -1.752850E-04  -9.809965E-05
1   1       2    4    5   0.000000     -1.752850E-04     -1.752850E-04  -9.809965E-05
1   1       2    5    4   0.000000     -1.752850E-04     -1.752850E-04  -9.809965E-05
1   1      -4   -5   -4   0.000000     -1.149960E-04     -1.149960E-04  -6.092938E-05
1   1      -4   -4   -5   0.000000     -1.149960E-04     -1.149960E-04  -6.092938E-05
1   1       4    4    5   0.000000     -1.149960E-04     -1.149960E-04  -6.092938E-05
1   1       4    5    4   0.000000     -1.149960E-04     -1.149960E-04  -6.092938E-05
1   1      -5   -4   -4   0.000000      2.819690E-04      2.819690E-04   1.501885E-04
1   1       5    4    4   0.000000      2.819690E-04      2.819690E-04   1.501885E-04
1   1      -1   -3   -5   0.000000     -6.016880E-04     -6.016880E-04  -4.745802E-04
1   1       1    3    5   0.000000     -6.016880E-04     -6.016880E-04  -4.745802E-04
1   1      -1   -5   -3   0.000000     -6.016880E-04     -6.016880E-04  -4.745802E-04
1   1       1    5    3   0.000000     -6.016880E-04     -6.016880E-04  -4.745802E-04
1   1      -4   -2   -5   0.000000     -7.009880E-04     -7.009880E-04  -3.846370E-04
1   1       4    2    5   0.000000     -7.009880E-04     -7.009880E-04  -3.846370E-04
1   1      -4   -5   -2   0.000000     -7.009880E-04     -7.009880E-04  -3.846370E-04
1   1       4    5    2   0.000000     -7.009880E-04     -7.009880E-04  -3.846370E-04
1   1      -1    2    4   0.000000      3.129390E-04      3.129390E-04   1.962827E-04
1   1      -1    4    2   0.000000      3.129390E-04      3.129390E-04   1.962827E-04
1   1       1   -4   -2   0.000000      3.129390E-04      3.129390E-04   1.962827E-04
1   1       1   -2   -4   0.000000      3.129390E-04      3.129390E-04   1.962827E-04
1   1      -5   -4   -2   0.000000      8.232390E-05      8.232390E-05   4.567613E-05
1   1      -5   -2   -4   0.000000      8.232390E-05      8.232390E-05   4.567613E-05
1   1       5    2    4   0.000000      8.232390E-05      8.232390E-05   4.567613E-05
1   1       5    4    2   0.000000      8.232390E-05      8.232390E-05   4.567613E-05
1   1      -1   -5   -1   0.000000      1.126460E-05      1.126460E-05   1.066118E-05
1   1      -1   -1   -5   0.000000      1.126460E-05      1.126460E-05   1.066118E-05
1   1       1    1    5   0.000000      1.126460E-05      1.126460E-05   1.066118E-05
1   1       1    5    1   0.000000      1.126460E-05      1.126460E-05   1.066118E-05
1   1      -3   -5   -1   0.000000     -2.499870E-04     -2.499870E-04  -1.917854E-04
1   1      -3   -1   -5   0.000000     -2.499870E-04     -2.499870E-04  -1.917854E-04
1   1       3    1    5   0.000000     -2.499870E-04     -2.499870E-04  -1.917854E-04
1   1       3    5    1   0.000000     -2.499870E-04     -2.499870E-04  -1.917854E-04
1   1      -2    2    3   0.000000      2.800300E-05      2.800300E-05   2.150679E-05
1   1      -2    3    2   0.000000      2.800300E-05      2.800300E-05   2.150679E-05
1   1       2   -3   -2   0.000000      2.800300E-05      2.800300E-05   2.150679E-05
1   1       2   -2   -3   0.000000      2.800300E-05      2.800300E-05   2.150679E-05
1   1      -5   -3   -1   0.000000     -8.869950E-05     -8.869950E-05  -6.970526E-05
1   1      -5   -1   -3   0.000000     -8.869950E-05     -8.869950E-05  -6.970526E-05
1   1       5    1    3   0.000000     -8.869950E-05     -8.869950E-05  -6.970526E-05
1   1       5    3    1   0.000000     -8.869950E-05     -8.869950E-05  -6.970526E-05
1   1      -1    0    4   0.000000      1.214700E-04      1.214700E-04   9.301806E-05
1   1       1    0   -4   0.000000      1.214700E-04      1.214700E-04   9.301806E-05
1   1      -1    4    0   0.000000      1.214700E-04      1.214700E-04   9.301806E-05
1   1       1   -4    0   0.000000      1.214700E-04      1.214700E-04   9.301806E-05
1   1      -5   -1   -1   0.000000     -9.543950E-05     -9.543950E-05  -5.963426E-05
1   1       5    1    1   0.000000     -9.543950E-05     -9.543950E-05  -5.963426E-05
1   1      -4    0    1   0.000000      1.911020E-04      1.911020E-04   2.311290E-04
1   1      -4    1    0   0.000000      1.911020E-04      1.911020E-04   2.311290E-04
1   1       4   -1    0   0.000000      1.911020E-04      1.911020E-04   2.311290E-04
1   1       4    0   -1   0.000000      1.911020E-04      1.911020E-04   2.311290E-04
1   1       0   -1    4   0.000000     -3.843550E-05     -3.843550E-05  -2.730376E-05
1   1       0    1   -4   0.000000     -3.843550E-05     -3.843550E-05  -2.730376E-05
1   1      -2    1   -4   0.000000     -1.170940E-04     -1.170940E-04  -1.081993E-04
1   1       0   -4    1   0.000000     -3.843550E-05     -3.843550E-05  -2.730376E-05
1   1       0    4   -1   0.000000     -3.843550E-05     -3.843550E-05  -2.730376E-05
1   1       2   -1    4   0.000000     -1.170940E-04     -1.170940E-04  -1.081993E-04
1   1      -2   -4    1   0.000000     -1.170940E-04     -1.170940E-04  -1.081993E-04
1   1       2    4   -1   0.000000     -1.170940E-04     -1.170940E-04  -1.081993E-04
1   1      -4   -2    1   0.000000      7.275940E-05      7.275940E-05   6.203347E-05
1   1      -4    1   -2   0.000000      7.275940E-05      7.275940E-05   6.203347E-05
1   1       4   -1    2   0.000000      7.275940E-05      7.275940E-05   6.203347E-05
1   1       4    2   -1   0.000000      7.275940E-05      7.275940E-05   6.203347E-05
1   1      -3   -2    2   0.000000      3.115280E-04      3.115280E-04   2.419334E-04
1   1      -3    2   -2   0.000000      3.115280E-04      3.115280E-04   2.419334E-04
1   1       3   -2    2   0.000000      3.115280E-04      3.115280E-04   2.419334E-04
1   1       3    2   -2   0.000000      3.115280E-04      3.115280E-04   2.419334E-04
1   1      -2   -3    2   0.000000     -4.954260E-04     -4.954260E-04  -3.744722E-04
1   1      -2    2   -3   0.000000     -4.954260E-04     -4.954260E-04  -3.744722E-04
1   1       2   -2    3   0.000000     -4.954260E-04     -4.954260E-04  -3.744722E-04
1   1       2    3   -2   0.000000     -4.954260E-04     -4.954260E-04  -3.744722E-04
1   1       0   -4   -4   0.000000      1.877150E-04      1.877150E-04   1.465629E-04
1   1       0    4    4   0.000000      1.877150E-04      1.877150E-04   1.465629E-04
1   1      -4   -4    0   0.000000      1.751050E-05      1.751050E-05   9.745526E-06
1   1      -4    0   -4   0.000000      1.751050E-05      1.751050E-05   9.745526E-06
1   1       4    0    4   0.000000      1.751050E-05      1.751050E-05   9.745526E-06
1   1       4    4    0   0.000000      1.751050E-05      1.751050E-05   9.745526E-06
1   1      -3   -5   -5   0.000000     -1.641540E-03     -1.641540E-03  -9.329724E-04
1   1       3    5    5   0.000000     -1.641540E-03     -1.641540E-03  -9.329724E-04
1   1      -5   -3   -5   0.000000     -1.606520E-03     -1.606520E-03  -8.702306E-04
1   1       5    3    5   0.000000     -1.606520E-03     -1.606520E-03  -8.702306E-04
1   1      -5   -5   -3   0.000000     -1.606520E-03     -1.606520E-03  -8.702306E-04
1   1       5    5    3   0.000000     -1.606520E-03     -1.606520E-03  -8.702306E-04
1   1       0   -2   -5   0.000000     -4.274870E-04     -4.274870E-04  -3.539046E-04
1   1       0    2    5   0.000000     -4.274870E-04     -4.274870E-04  -3.539046E-04
1   1       0   -5   -2   0.000000     -4.274870E-04     -4.274870E-04  -3.539046E-04
1   1       0    5    2   0.000000     -4.274870E-04     -4.274870E-04  -3.539046E-04
1   1      -3    2    2   0.000000      1.440080E-04      1.440080E-04   1.282094E-04
1   1       3   -2   -2   0.000000      1.440080E-04      1.440080E-04   1.282094E-04
1   1      -2    0   -5   0.000000     -5.377390E-04     -5.377390E-04  -4.410348E-04
1   1       2    0    5   0.000000     -5.377390E-04     -5.377390E-04  -4.410348E-04
1   1      -2   -5    0   0.000000     -5.377390E-04     -5.377390E-04  -4.410348E-04
1   1       2    5    0   0.000000     -5.377390E-04     -5.377390E-04  -4.410348E-04
1   1      -5    0   -2   0.000000      1.140500E-04      1.140500E-04   6.748574E-05
1   1       5    0    2   0.000000      1.140500E-04      1.140500E-04   6.748574E-05
1   1      -5   -2    0   0.000000      1.140500E-04      1.140500E-04   6.748574E-05
1   1       5    2    0   0.000000      1.140500E-04      1.140500E-04   6.748574E-05
1   1      -2   -2    3   0.000000     -2.790120E-04     -2.790120E-04  -2.226724E-04
1   1      -2    3   -2   0.000000     -2.790120E-04     -2.790120E-04  -2.226724E-04
1   1       2   -3    2   0.000000     -2.790120E-04     -2.790120E-04  -2.226724E-04
1   1       2    2   -3   0.000000     -2.790120E-04     -2.790120E-04  -2.226724E-04
1   1      -4   -5   -5   0.000000      6.074650E-04      6.074650E-04   3.408912E-04
1   1       4    5    5   0.000000      6.074650E-04      6.074650E-04   3.408912E-04
1   1      -1   -4   -5   0.000000     -4.269190E-05     -4.269190E-05  -2.531330E-05
1   1       1    4    5   0.000000     -4.269190E-05     -4.269190E-05  -2.531330E-05
1   1      -1   -5   -4   0.000000     -4.269190E-05     -4.269190E-05  -2.531330E-05
1   1       1    5    4   0.000000     -4.269190E-05     -4.269190E-05  -2.531330E-05
1   1      -5   -5   -4   0.000000      1.577900E-03      1.577900E-03   8.837057E-04
1   1      -5   -4   -5   0.000000      1.577900E-03      1.577900E-03   8.837057E-04
1   1       5    4    5   0.000000      1.577900E-03      1.577900E-03   8.837057E-04
1   1       5    5    4   0.000000      1.577900E-03      1.577900E-03   8.837057E-04
1   1      -1    3    4   0.000000     -3.087450E-05     -3.087450E-05  -2.281342E-05
1   1      -1    4    3   0.000000     -3.087450E-05     -3.087450E-05  -2.281342E-05
1   1       1   -4   -3   0.000000     -3.087450E-05     -3.087450E-05  -2.281342E-05
1   1       1   -3   -4   0.000000     -3.087450E-05     -3.087450E-05  -2.281342E-05
1   1       0   -1   -5   0.000000      6.447970E-06      6.447970E-06   5.464250E-06
1   1       0    1    5   0.000000      6.447970E-06      6.447970E-06   5.464250E-06
1   1       0   -5   -1   0.000000      6.447970E-06      6.447970E-06   5.464250E-06
1   1       0    5    1   0.000000      6.447970E-06      6.447970E-06   5.464250E-06
1   1      -4   -1   -5   0.000000      8.345700E-06      8.345700E-06   4.886027E-06
1   1       4    1    5   0.000000      8.345700E-06      8.345700E-06   4.886027E-06
1   1      -4   -5   -1   0.000000      8.345700E-06      8.345700E-06   4.886027E-06
1   1       4    5    1   0.000000      8.345700E-06      8.345700E-06   4.886027E-06
1   1      -5   -1   -4   0.000000      1.119700E-04      1.119700E-04   6.546757E-05
1   1       5    1    4   0.000000      1.119700E-04      1.119700E-04   6.546757E-05
1   1      -5   -4   -1   0.000000      1.119700E-04      1.119700E-04   6.546757E-05
1   1       5    4    1   0.000000      1.119700E-04      1.119700E-04   6.546757E-05
1   1      -1    0   -5   0.000000      2.884770E-04      2.884770E-04   1.694390E-04
1   1       1    0    5   0.000000      2.884770E-04      2.884770E-04   1.694390E-04
1   1      -1   -5    0   0.000000      2.884770E-04      2.884770E-04   1.694390E-04
1   1       1    5    0   0.000000      2.884770E-04      2.884770E-04   1.694390E-04
1   1      -4    1    1   0.000000      4.713110E-05      4.713110E-05   4.429678E-05
1   1       4   -1   -1   0.000000      4.713110E-05      4.713110E-05   4.429678E-05
1   1      -5   -1    0   0.000000      7.662310E-05      7.662310E-05   4.624285E-05
1   1      -5    0   -1   0.000000      7.662310E-05      7.662310E-05   4.624285E-05
1   1       5    0    1   0.000000      7.662310E-05      7.662310E-05   4.624285E-05
1   1       5    1    0   0.000000      7.662310E-05      7.662310E-05   4.624285E-05
1   1      -1   -1    4   0.000000      4.398840E-05      4.398840E-05   3.118498E-05
1   1       1    1   -4   0.000000      4.398840E-05      4.398840E-05   3.118498E-05
1   1      -1    4   -1   0.000000      4.398840E-05      4.398840E-05   3.118498E-05
1   1       1   -4    1   0.000000      4.398840E-05      4.398840E-05   3.118498E-05
1   1      -3   -4    1   0.000000      1.090150E-05      1.090150E-05   7.817673E-06
1   1      -3    1   -4   0.000000      1.090150E-05      1.090150E-05   7.817673E-06
1   1       3   -1    4   0.000000      1.090150E-05      1.090150E-05   7.817673E-06
1   1       3    4   -1   0.000000      1.090150E-05      1.090150E-05   7.817673E-06
1   1      -4    1   -3   0.000000     -6.806420E-06     -6.806420E-06  -4.848684E-06
1   1       4   -1    3   0.000000     -6.806420E-06     -6.806420E-06  -4.848684E-06
1   1      -4   -3    1   0.000000     -6.806420E-06     -6.806420E-06  -4.848684E-06
1   1       4    3   -1   0.000000     -6.806420E-06     -6.806420E-06  -4.848684E-06
1   1      -2   -5   -5   0.000000      7.507280E-05      7.507280E-05   4.108274E-05
1   1       2    5    5   0.000000      7.507280E-05      7.507280E-05   4.108274E-05
1   1      -3   -6   -3   0.000000      8.368850E-04      8.368850E-04   4.639008E-04
1   1      -3   -3   -6   0.000000      8.368850E-04      8.368850E-04   4.639008E-04
1   1       3    3    6   0.000000      8.368850E-04      8.368850E-04   4.639008E-04
1   1       3    6    3   0.000000      8.368850E-04      8.368850E-04   4.639008E-04
1   1       0   -3   -5   0.000000      6.468980E-05      6.468980E-05   4.602860E-05
1   1       0    3    5   0.000000      6.468980E-05      6.468980E-05   4.602860E-05
1   1       0   -5   -3   0.000000      6.468980E-05      6.468980E-05   4.602860E-05
1   1       0    5    3   0.000000      6.468980E-05      6.468980E-05   4.602860E-05
1   1      -5   -2   -5   0.000000      1.711800E-05      1.711800E-05   9.335976E-06
1   1       5    2    5   0.000000      1.711800E-05      1.711800E-05   9.335976E-06
1   1      -5   -5   -2   0.000000      1.711800E-05      1.711800E-05   9.335976E-06
1   1       5    5    2   0.000000      1.711800E-05      1.711800E-05   9.335976E-06
1   1      -2    3    3   0.000000      6.359840E-05      6.359840E-05   4.279143E-05
1   1       2   -3   -3   0.000000      6.359840E-05      6.359840E-05   4.279143E-05
1   1      -6   -3   -3   0.000000      1.001700E-04      1.001700E-04   5.238289E-05
1   1       6    3    3   0.000000      1.001700E-04      1.001700E-04   5.238289E-05
1   1      -3    0   -5   0.000000      1.390630E-05      1.390630E-05   1.025697E-05
1   1       3    0    5   0.000000      1.390630E-05      1.390630E-05   1.025697E-05
1   1      -3   -5    0   0.000000      1.390630E-05      1.390630E-05   1.025697E-05
1   1       3    5    0   0.000000      1.390630E-05      1.390630E-05   1.025697E-05
1   1      -3    0    3   0.000000     -7.012790E-05     -7.012790E-05  -4.777093E-05
1   1       3    0   -3   0.000000     -7.012790E-05     -7.012790E-05  -4.777093E-05
1   1      -3    3    0   0.000000     -7.012790E-05     -7.012790E-05  -4.777093E-05
1   1       3   -3    0   0.000000     -7.012790E-05     -7.012790E-05  -4.777093E-05
1   1      -5   -3    0   0.000000      1.361880E-05      1.361880E-05   7.097911E-06
1   1      -5    0   -3   0.000000      1.361880E-05      1.361880E-05   7.097911E-06
1   1       5    0    3   0.000000      1.361880E-05      1.361880E-05   7.097911E-06
1   1       5    3    0   0.000000      1.361880E-05      1.361880E-05   7.097911E-06
1   1      -3   -3    2   0.000000      1.148370E-05      1.148370E-05   7.941651E-06
1   1      -3    2   -3   0.000000      1.148370E-05      1.148370E-05   7.941651E-06
1   1       3   -2    3   0.000000      1.148370E-05      1.148370E-05   7.941651E-06
1   1       3    3   -2   0.000000      1.148370E-05      1.148370E-05   7.941651E-06
1   1       0   -3    3   0.000000      1.607290E-04      1.607290E-04   9.724443E-05
1   1       0    3   -3   0.000000      1.607290E-04      1.607290E-04   9.724443E-05
1   1      -5   -5   -5   0.000000     -5.837800E-04     -5.837800E-04  -3.038141E-04
1   1       5    5    5   0.000000     -5.837800E-04     -5.837800E-04  -3.038141E-04
1   1      -3   -6   -4   0.000000     -8.646710E-05     -8.646710E-05  -4.889114E-05
1   1      -3   -4   -6   0.000000     -8.646710E-05     -8.646710E-05  -4.889114E-05
1   1       3    4    6   0.000000     -8.646710E-05     -8.646710E-05  -4.889114E-05
1   1       3    6    4   0.000000     -8.646710E-05     -8.646710E-05  -4.889114E-05
1   1      -2   -3   -6   0.000000      8.305840E-06      8.305840E-06   4.762584E-06
1   1       2    3    6   0.000000      8.305840E-06      8.305840E-06   4.762584E-06
1   1      -2   -6   -3   0.000000      8.305840E-06      8.305840E-06   4.762584E-06
1   1       2    6    3   0.000000      8.305840E-06      8.305840E-06   4.762584E-06
1   1      -4   -3   -6   0.000000     -1.277760E-04     -1.277760E-04  -6.881151E-05
1   1       4    3    6   0.000000     -1.277760E-04     -1.277760E-04  -6.881151E-05
1   1      -4   -6   -3   0.000000     -1.277760E-04     -1.277760E-04  -6.881151E-05
1   1       4    6    3   0.000000     -1.277760E-04     -1.277760E-04  -6.881151E-05
1   1      -3   -2   -6   0.000000     -5.531350E-05     -5.531350E-05  -3.152691E-05
1   1       3    2    6   0.000000     -5.531350E-05     -5.531350E-05  -3.152691E-05
1   1      -3   -6   -2   0.000000     -5.531350E-05     -5.531350E-05  -3.152691E-05
1   1       3    6    2   0.000000     -5.531350E-05     -5.531350E-05  -3.152691E-05
1   1      -6   -3   -4   0.000000     -3.347790E-05     -3.347790E-05  -1.811747E-05
1   1       6    3    4   0.000000     -3.347790E-05     -3.347790E-05  -1.811747E-05
1   1      -6   -4   -3   0.000000     -3.347790E-05     -3.347790E-05  -1.811747E-05
1   1       6    4    3   0.000000     -3.347790E-05     -3.347790E-05  -1.811747E-05
1   1      -6   -3   -2   0.000000      5.841550E-06      5.841550E-06   3.158599E-06
1   1      -6   -2   -3   0.000000      5.841550E-06      5.841550E-06   3.158599E-06
1   1       6    2    3   0.000000      5.841550E-06      5.841550E-06   3.158599E-06
1   1       6    3    2   0.000000      5.841550E-06      5.841550E-06   3.158599E-06
1   1      -2    1    4   0.000000     -6.092040E-06     -6.092040E-06  -5.525560E-06
1   1       2   -1   -4   0.000000     -6.092040E-06     -6.092040E-06  -5.525560E-06
1   1      -2    4    1   0.000000     -6.092040E-06     -6.092040E-06  -5.525560E-06
1   1       2   -4   -1   0.000000     -6.092040E-06     -6.092040E-06  -5.525560E-06
1   1       0    0   -5   0.000000      1.185330E-05      1.185330E-05   9.102929E-06
1   1       0    0    5   0.000000      1.185330E-05      1.185330E-05   9.102929E-06
1   1      -3    1    3   0.000000     -1.740340E-04     -1.740340E-04  -1.946446E-04
1   1      -3    3    1   0.000000     -1.740340E-04     -1.740340E-04  -1.946446E-04
1   1       0   -5    0   0.000000      1.185330E-05      1.185330E-05   9.102929E-06
1   1       0    5    0   0.000000      1.185330E-05      1.185330E-05   9.102929E-06
1   1       3   -3   -1   0.000000     -1.740340E-04     -1.740340E-04  -1.946446E-04
1   1       3   -1   -3   0.000000     -1.740340E-04     -1.740340E-04  -1.946446E-04
1   1      -5    0    0   0.000000     -1.237600E-04     -1.237600E-04  -7.134051E-05
1   1       5    0    0   0.000000     -1.237600E-04     -1.237600E-04  -7.134051E-05
