i    j    dx   dy   dz   Jij         χ⁰↑             χ⁰↓
1    1   -1   -1   -1    0.803823    0.870175E-02    0.620515E-03
1    1   -1    0    0    0.803823    0.870175E-02    0.620515E-03
1    1    0   -1    0    0.803823    0.870175E-02    0.620515E-03
1    1    0    0   -1    0.803823    0.870175E-02    0.620515E-03
1    1    0    0    1    0.803823    0.870175E-02    0.620515E-03
1    1    0    1    0    0.803823    0.870175E-02    0.620515E-03
1    1    1    0    0    0.803823    0.870175E-02    0.620515E-03
1    1    1    1    1    0.803823    0.870175E-02    0.620515E-03
1    1   -1   -1    0    0.575587    0.537775E-01    0.149016E-01
1    1   -1    0   -1    0.575587    0.537775E-01    0.149016E-01
1    1    0   -1   -1    0.575587    0.537775E-01    0.149016E-01
1    1    0    1    1    0.575587    0.537775E-01    0.149016E-01
1    1    1    0    1    0.575587    0.537775E-01    0.149016E-01
1    1    1    1    0    0.575587    0.537775E-01    0.149016E-01
1    1   -2   -1   -1   -0.015219   -0.416255E-02   -0.691190E-03
1    1   -1   -2   -1   -0.015219   -0.416255E-02   -0.691190E-03
1    1    1    2    1   -0.015219   -0.416255E-02   -0.691190E-03
1    1    2    1    1   -0.015219   -0.416255E-02   -0.691190E-03
1    1   -1   -1   -2   -0.015219   -0.416255E-02   -0.691190E-03
1    1   -1    0    1   -0.015219   -0.416255E-02   -0.691190E-03
1    1   -1    1    0   -0.015219   -0.416255E-02   -0.691190E-03
1    1    0   -1    1   -0.015219   -0.416255E-02   -0.691190E-03
1    1    0    1   -1   -0.015219   -0.416255E-02   -0.691190E-03
1    1    1   -1    0   -0.015219   -0.416255E-02   -0.691190E-03
1    1    1    0   -1   -0.015219   -0.416255E-02   -0.691190E-03
1    1    1    1    2   -0.015219   -0.416255E-02   -0.691190E-03
1    1   -2   -2   -1   -0.105579    0.463330E-02    0.100755E-02
1    1   -2   -1   -2   -0.105579    0.463330E-02    0.100755E-02
1    1   -2   -1    0   -0.105579    0.463330E-02    0.100755E-02
1    1   -2    0   -1   -0.105579    0.463330E-02    0.100755E-02
1    1   -1   -2   -2   -0.105579    0.463330E-02    0.100755E-02
1    1   -1   -2    0   -0.105579    0.463330E-02    0.100755E-02
1    1   -1   -1    1   -0.105579    0.463330E-02    0.100755E-02
1    1   -1    0   -2   -0.105579    0.463330E-02    0.100755E-02
1    1   -1    1   -1   -0.105579    0.463330E-02    0.100755E-02
1    1   -1    1    1   -0.105579    0.463330E-02    0.100755E-02
1    1    0   -2   -1   -0.105579    0.463330E-02    0.100755E-02
1    1    0   -1   -2   -0.105579    0.463330E-02    0.100755E-02
1    1    0    1    2   -0.105579    0.463330E-02    0.100755E-02
1    1    0    2    1   -0.105579    0.463330E-02    0.100755E-02
1    1    1   -1   -1   -0.105579    0.463330E-02    0.100755E-02
1    1    1   -1    1   -0.105579    0.463330E-02    0.100755E-02
1    1    1    0    2   -0.105579    0.463330E-02    0.100755E-02
1    1    1    1   -1   -0.105579    0.463330E-02    0.100755E-02
1    1    1    2    0   -0.105579    0.463330E-02    0.100755E-02
1    1    1    2    2   -0.105579    0.463330E-02    0.100755E-02
1    1    2    0    1   -0.105579    0.463330E-02    0.100755E-02
1    1    2    1    0   -0.105579    0.463330E-02    0.100755E-02
1    1    2    1    2   -0.105579    0.463330E-02    0.100755E-02
1    1    2    2    1   -0.105579    0.463330E-02    0.100755E-02
1    1   -2   -2   -2   -0.031006   -0.580174E-04    0.266302E-02
1    1   -2    0    0   -0.031006   -0.580174E-04    0.266302E-02
1    1    0   -2    0   -0.031006   -0.580174E-04    0.266302E-02
1    1    0    0   -2   -0.031006   -0.580174E-04    0.266302E-02
1    1    0    0    2   -0.031006   -0.580174E-04    0.266302E-02
1    1    0    2    0   -0.031006   -0.580174E-04    0.266302E-02
1    1    2    0    0   -0.031006   -0.580174E-04    0.266302E-02
1    1    2    2    2   -0.031006   -0.580174E-04    0.266302E-02
1    1   -2   -2    0    0.037985    0.116376E-01    0.558120E-02
1    1   -2    0   -2    0.037985    0.116376E-01    0.558120E-02
1    1    0   -2   -2    0.037985    0.116376E-01    0.558120E-02
1    1    0    2    2    0.037985    0.116376E-01    0.558120E-02
1    1    2    0    2    0.037985    0.116376E-01    0.558120E-02
1    1    2    2    0    0.037985    0.116376E-01    0.558120E-02
1    1   -3   -2   -2   -0.017515   -0.180983E-02    0.232932E-03
1    1   -3   -1   -1   -0.017515   -0.180983E-02    0.232932E-03
1    1   -2   -2   -3   -0.017515   -0.180983E-02    0.232932E-03
1    1   -2    0    1   -0.017515   -0.180983E-02    0.232932E-03
1    1   -2    1    0   -0.017515   -0.180983E-02    0.232932E-03
1    1   -1   -3   -1   -0.017515   -0.180983E-02    0.232932E-03
1    1   -1   -1   -3   -0.017515   -0.180983E-02    0.232932E-03
1    1   -1    0    2   -0.017515   -0.180983E-02    0.232932E-03
1    1   -1    2    0   -0.017515   -0.180983E-02    0.232932E-03
1    1    0   -2    1   -0.017515   -0.180983E-02    0.232932E-03
1    1    0   -1    2   -0.017515   -0.180983E-02    0.232932E-03
1    1    0    1   -2   -0.017515   -0.180983E-02    0.232932E-03
1    1    0    2   -1   -0.017515   -0.180983E-02    0.232932E-03
1    1    1   -2    0   -0.017515   -0.180983E-02    0.232932E-03
1    1    1    0   -2   -0.017515   -0.180983E-02    0.232932E-03
1    1    1    1    3   -0.017515   -0.180983E-02    0.232932E-03
1    1    1    3    1   -0.017515   -0.180983E-02    0.232932E-03
1    1    2   -1    0   -0.017515   -0.180983E-02    0.232932E-03
1    1    2    0   -1   -0.017515   -0.180983E-02    0.232932E-03
1    1    2    2    3   -0.017515   -0.180983E-02    0.232932E-03
1    1    3    1    1   -0.017515   -0.180983E-02    0.232932E-03
1    1    3    2    2   -0.017515   -0.180983E-02    0.232932E-03
1    1   -2   -3   -2   -0.017515   -0.180983E-02    0.232932E-03
1    1    2    3    2   -0.017515   -0.180983E-02    0.232932E-03
1    1   -3   -2   -1    0.008605    0.802533E-03    0.144763E-04
1    1   -3   -1   -2    0.008605    0.802533E-03    0.144763E-04
1    1   -2   -3   -1    0.008605    0.802533E-03    0.144763E-04
1    1   -2   -1   -3    0.008605    0.802533E-03    0.144763E-04
1    1   -2   -1    1    0.008605    0.802533E-03    0.144763E-04
1    1   -2    1   -1    0.008605    0.802533E-03    0.144763E-04
1    1   -1   -3   -2    0.008605    0.802533E-03    0.144763E-04
1    1   -1   -2   -3    0.008605    0.802533E-03    0.144763E-04
1    1   -1   -2    1    0.008605    0.802533E-03    0.144763E-04
1    1   -1    1   -2    0.008605    0.802533E-03    0.144763E-04
1    1   -1    1    2    0.008605    0.802533E-03    0.144763E-04
1    1   -1    2    1    0.008605    0.802533E-03    0.144763E-04
1    1    1   -2   -1    0.008605    0.802533E-03    0.144763E-04
1    1    1   -1   -2    0.008605    0.802533E-03    0.144763E-04
1    1    1   -1    2    0.008605    0.802533E-03    0.144763E-04
1    1    1    2   -1    0.008605    0.802533E-03    0.144763E-04
1    1    1    2    3    0.008605    0.802533E-03    0.144763E-04
1    1    1    3    2    0.008605    0.802533E-03    0.144763E-04
1    1    2   -1    1    0.008605    0.802533E-03    0.144763E-04
1    1    2    1   -1    0.008605    0.802533E-03    0.144763E-04
1    1    2    1    3    0.008605    0.802533E-03    0.144763E-04
1    1    2    3    1    0.008605    0.802533E-03    0.144763E-04
1    1    3    1    2    0.008605    0.802533E-03    0.144763E-04
1    1    3    2    1    0.008605    0.802533E-03    0.144763E-04
1    1   -3   -3   -2   -0.006859    0.114734E-02   -0.174146E-03
1    1   -3   -1    0   -0.006859    0.114734E-02   -0.174146E-03
1    1   -3    0   -1   -0.006859    0.114734E-02   -0.174146E-03
1    1   -2    1    1   -0.006859    0.114734E-02   -0.174146E-03
1    1   -1    2   -1   -0.006859    0.114734E-02   -0.174146E-03
1    1    0   -3   -1   -0.006859    0.114734E-02   -0.174146E-03
1    1    0    3    1   -0.006859    0.114734E-02   -0.174146E-03
1    1    1   -2    1   -0.006859    0.114734E-02   -0.174146E-03
1    1    2   -1   -1   -0.006859    0.114734E-02   -0.174146E-03
1    1    3    0    1   -0.006859    0.114734E-02   -0.174146E-03
1    1    3    1    0   -0.006859    0.114734E-02   -0.174146E-03
1    1    3    3    2   -0.006859    0.114734E-02   -0.174146E-03
1    1   -3   -2   -3   -0.006859    0.114734E-02   -0.174146E-03
1    1   -1   -3    0   -0.006859    0.114734E-02   -0.174146E-03
1    1   -1   -1    2   -0.006859    0.114734E-02   -0.174146E-03
1    1   -1    0   -3   -0.006859    0.114734E-02   -0.174146E-03
1    1    0   -1   -3   -0.006859    0.114734E-02   -0.174146E-03
1    1    0    1    3   -0.006859    0.114734E-02   -0.174146E-03
1    1    1    0    3   -0.006859    0.114734E-02   -0.174146E-03
1    1    1    1   -2   -0.006859    0.114734E-02   -0.174146E-03
1    1    1    3    0   -0.006859    0.114734E-02   -0.174146E-03
1    1    3    2    3   -0.006859    0.114734E-02   -0.174146E-03
1    1   -2   -3   -3   -0.006859    0.114734E-02   -0.174146E-03
1    1    2    3    3   -0.006859    0.114734E-02   -0.174146E-03
1    1   -3   -3   -1    0.023675   -0.768065E-03    0.399026E-03
1    1    3    3    1    0.023675   -0.768065E-03    0.399026E-03
1    1   -3   -3   -3    0.109641   -0.344025E-02    0.261743E-03
1    1   -3   -2    0    0.023675   -0.768065E-03    0.399026E-03
1    1   -3   -1   -3    0.023675   -0.768065E-03    0.399026E-03
1    1   -3    0   -2    0.023675   -0.768065E-03    0.399026E-03
1    1   -3    0    0    0.109641   -0.344025E-02    0.261743E-03
1    1   -2    1   -2    0.023675   -0.768065E-03    0.399026E-03
1    1   -1    2    2    0.023675   -0.768065E-03    0.399026E-03
1    1    0   -3   -2    0.023675   -0.768065E-03    0.399026E-03
1    1    0   -3    0    0.109641   -0.344025E-02    0.261743E-03
1    1    0    0   -3    0.109641   -0.344025E-02    0.261743E-03
1    1    0    0    3    0.109641   -0.344025E-02    0.261743E-03
1    1    0    3    0    0.109641   -0.344025E-02    0.261743E-03
1    1    0    3    2    0.023675   -0.768065E-03    0.399026E-03
1    1    1   -2   -2    0.023675   -0.768065E-03    0.399026E-03
1    1    2   -1    2    0.023675   -0.768065E-03    0.399026E-03
1    1    3    0    0    0.109641   -0.344025E-02    0.261743E-03
1    1    3    0    2    0.023675   -0.768065E-03    0.399026E-03
1    1    3    1    3    0.023675   -0.768065E-03    0.399026E-03
1    1    3    2    0    0.023675   -0.768065E-03    0.399026E-03
1    1    3    3    3    0.109641   -0.344025E-02    0.261743E-03
1    1   -2   -3    0    0.023675   -0.768065E-03    0.399026E-03
1    1   -2   -2    1    0.023675   -0.768065E-03    0.399026E-03
1    1   -2    0   -3    0.023675   -0.768065E-03    0.399026E-03
1    1   -1   -3   -3    0.023675   -0.768065E-03    0.399026E-03
1    1    0   -2   -3    0.023675   -0.768065E-03    0.399026E-03
1    1    0    2    3    0.023675   -0.768065E-03    0.399026E-03
1    1    1    3    3    0.023675   -0.768065E-03    0.399026E-03
1    1    2    0    3    0.023675   -0.768065E-03    0.399026E-03
1    1    2    2   -1    0.023675   -0.768065E-03    0.399026E-03
1    1    2    3    0    0.023675   -0.768065E-03    0.399026E-03
1    1   -4   -2   -2   -0.006120   -0.213863E-02    0.240701E-03
1    1   -2   -4   -2   -0.006120   -0.213863E-02    0.240701E-03
1    1    2    4    2   -0.006120   -0.213863E-02    0.240701E-03
1    1    4    2    2   -0.006120   -0.213863E-02    0.240701E-03
1    1   -2   -2   -4   -0.006120   -0.213863E-02    0.240701E-03
1    1   -2    0    2   -0.006120   -0.213863E-02    0.240701E-03
1    1   -2    2    0   -0.006120   -0.213863E-02    0.240701E-03
1    1    0   -2    2   -0.006120   -0.213863E-02    0.240701E-03
1    1    0    2   -2   -0.006120   -0.213863E-02    0.240701E-03
1    1    2   -2    0   -0.006120   -0.213863E-02    0.240701E-03
1    1    2    0   -2   -0.006120   -0.213863E-02    0.240701E-03
1    1    2    2    4   -0.006120   -0.213863E-02    0.240701E-03
1    1   -4   -3   -2   -0.000773   -0.620665E-03    0.469393E-03
1    1   -4   -2   -1   -0.000773   -0.620665E-03    0.469393E-03
1    1   -3   -2   -4   -0.000773   -0.620665E-03    0.469393E-03
1    1   -2   -4   -1   -0.000773   -0.620665E-03    0.469393E-03
1    1   -2   -1    2   -0.000773   -0.620665E-03    0.469393E-03
1    1   -2    1    2   -0.000773   -0.620665E-03    0.469393E-03
1    1   -1   -2    2   -0.000773   -0.620665E-03    0.469393E-03
1    1   -1    2   -2   -0.000773   -0.620665E-03    0.469393E-03
1    1    1   -2    2   -0.000773   -0.620665E-03    0.469393E-03
1    1    1    2   -2   -0.000773   -0.620665E-03    0.469393E-03
1    1    2   -1   -2   -0.000773   -0.620665E-03    0.469393E-03
1    1    2    1   -2   -0.000773   -0.620665E-03    0.469393E-03
1    1    2    4    1   -0.000773   -0.620665E-03    0.469393E-03
1    1    3    2    4   -0.000773   -0.620665E-03    0.469393E-03
1    1    4    2    1   -0.000773   -0.620665E-03    0.469393E-03
1    1    4    3    2   -0.000773   -0.620665E-03    0.469393E-03
1    1   -4   -2   -3   -0.000773   -0.620665E-03    0.469393E-03
1    1   -4   -1   -2   -0.000773   -0.620665E-03    0.469393E-03
1    1   -3   -4   -2   -0.000773   -0.620665E-03    0.469393E-03
1    1   -3   -1    1   -0.000773   -0.620665E-03    0.469393E-03
1    1   -3    1   -1   -0.000773   -0.620665E-03    0.469393E-03
1    1   -2   -4   -3   -0.000773   -0.620665E-03    0.469393E-03
1    1   -2   -3   -4   -0.000773   -0.620665E-03    0.469393E-03
1    1   -2   -1   -4   -0.000773   -0.620665E-03    0.469393E-03
1    1   -2    2   -1   -0.000773   -0.620665E-03    0.469393E-03
1    1   -2    2    1   -0.000773   -0.620665E-03    0.469393E-03
1    1   -1   -4   -2   -0.000773   -0.620665E-03    0.469393E-03
1    1   -1   -3    1   -0.000773   -0.620665E-03    0.469393E-03
1    1   -1   -2   -4   -0.000773   -0.620665E-03    0.469393E-03
1    1   -1    1   -3   -0.000773   -0.620665E-03    0.469393E-03
1    1   -1    1    3   -0.000773   -0.620665E-03    0.469393E-03
1    1   -1    3    1   -0.000773   -0.620665E-03    0.469393E-03
1    1    1   -3   -1   -0.000773   -0.620665E-03    0.469393E-03
1    1    1   -1   -3   -0.000773   -0.620665E-03    0.469393E-03
1    1    1   -1    3   -0.000773   -0.620665E-03    0.469393E-03
1    1    1    2    4   -0.000773   -0.620665E-03    0.469393E-03
1    1    1    3   -1   -0.000773   -0.620665E-03    0.469393E-03
1    1    1    4    2   -0.000773   -0.620665E-03    0.469393E-03
1    1    2   -2   -1   -0.000773   -0.620665E-03    0.469393E-03
1    1    2   -2    1   -0.000773   -0.620665E-03    0.469393E-03
1    1    2    1    4   -0.000773   -0.620665E-03    0.469393E-03
1    1    2    3    4   -0.000773   -0.620665E-03    0.469393E-03
1    1    2    4    3   -0.000773   -0.620665E-03    0.469393E-03
1    1    3   -1    1   -0.000773   -0.620665E-03    0.469393E-03
1    1    3    1   -1   -0.000773   -0.620665E-03    0.469393E-03
1    1    3    4    2   -0.000773   -0.620665E-03    0.469393E-03
1    1    4    1    2   -0.000773   -0.620665E-03    0.469393E-03
1    1    4    2    3   -0.000773   -0.620665E-03    0.469393E-03
1    1   -4   -1   -1    0.013266    0.580958E-03   -0.209333E-03
1    1   -3   -4   -3    0.013266    0.580958E-03   -0.209333E-03
1    1   -3   -3   -4    0.013266    0.580958E-03   -0.209333E-03
1    1   -3   -3    0   -0.004777   -0.248130E-02    0.475472E-03
1    1   -3    0   -3   -0.004777   -0.248130E-02    0.475472E-03
1    1   -3    0    1    0.013266    0.580958E-03   -0.209333E-03
1    1   -3    1    0    0.013266    0.580958E-03   -0.209333E-03
1    1   -1   -4   -1    0.013266    0.580958E-03   -0.209333E-03
1    1    0   -3   -3   -0.004777   -0.248130E-02    0.475472E-03
1    1    0   -3    1    0.013266    0.580958E-03   -0.209333E-03
1    1    0    3   -1    0.013266    0.580958E-03   -0.209333E-03
1    1    0    3    3   -0.004777   -0.248130E-02    0.475472E-03
1    1    1    4    1    0.013266    0.580958E-03   -0.209333E-03
1    1    3   -1    0    0.013266    0.580958E-03   -0.209333E-03
1    1    3    0   -1    0.013266    0.580958E-03   -0.209333E-03
1    1    3    0    3   -0.004777   -0.248130E-02    0.475472E-03
1    1    3    3    0   -0.004777   -0.248130E-02    0.475472E-03
1    1    3    3    4    0.013266    0.580958E-03   -0.209333E-03
1    1    3    4    3    0.013266    0.580958E-03   -0.209333E-03
1    1    4    1    1    0.013266    0.580958E-03   -0.209333E-03
1    1   -4   -3   -3    0.013266    0.580958E-03   -0.209333E-03
1    1   -1   -1   -4    0.013266    0.580958E-03   -0.209333E-03
1    1   -1    0    3    0.013266    0.580958E-03   -0.209333E-03
1    1   -1    3    0    0.013266    0.580958E-03   -0.209333E-03
1    1    0   -1    3    0.013266    0.580958E-03   -0.209333E-03
1    1    0    1   -3    0.013266    0.580958E-03   -0.209333E-03
1    1    1   -3    0    0.013266    0.580958E-03   -0.209333E-03
1    1    1    0   -3    0.013266    0.580958E-03   -0.209333E-03
1    1    1    1    4    0.013266    0.580958E-03   -0.209333E-03
1    1    4    3    3    0.013266    0.580958E-03   -0.209333E-03
1    1   -4   -3   -1   -0.010185    0.240867E-03   -0.875798E-04
1    1   -4   -1   -3   -0.010185    0.240867E-03   -0.875798E-04
1    1   -3   -4   -1   -0.010185    0.240867E-03   -0.875798E-04
1    1   -3   -2    1   -0.010185    0.240867E-03   -0.875798E-04
1    1   -3   -1   -4   -0.010185    0.240867E-03   -0.875798E-04
1    1   -3    1   -2   -0.010185    0.240867E-03   -0.875798E-04
1    1   -2    1   -3   -0.010185    0.240867E-03   -0.875798E-04
1    1   -1   -4   -3   -0.010185    0.240867E-03   -0.875798E-04
1    1   -1   -3   -4   -0.010185    0.240867E-03   -0.875798E-04
1    1   -1    2    3   -0.010185    0.240867E-03   -0.875798E-04
1    1   -1    3    2   -0.010185    0.240867E-03   -0.875798E-04
1    1    1   -3   -2   -0.010185    0.240867E-03   -0.875798E-04
1    1    1   -2   -3   -0.010185    0.240867E-03   -0.875798E-04
1    1    1    3    4   -0.010185    0.240867E-03   -0.875798E-04
1    1    1    4    3   -0.010185    0.240867E-03   -0.875798E-04
1    1    2   -1    3   -0.010185    0.240867E-03   -0.875798E-04
1    1    3   -1    2   -0.010185    0.240867E-03   -0.875798E-04
1    1    3    1    4   -0.010185    0.240867E-03   -0.875798E-04
1    1    3    2   -1   -0.010185    0.240867E-03   -0.875798E-04
1    1    3    4    1   -0.010185    0.240867E-03   -0.875798E-04
1    1    4    1    3   -0.010185    0.240867E-03   -0.875798E-04
1    1    4    3    1   -0.010185    0.240867E-03   -0.875798E-04
1    1   -2   -3    1   -0.010185    0.240867E-03   -0.875798E-04
1    1    2    3   -1   -0.010185    0.240867E-03   -0.875798E-04
1    1   -4   -4   -3    0.038212   -0.177831E-02    0.282359E-03
1    1   -4   -3   -4    0.038212   -0.177831E-02    0.282359E-03
1    1   -4   -1    0    0.038212   -0.177831E-02    0.282359E-03
1    1   -4    0   -1    0.038212   -0.177831E-02    0.282359E-03
1    1   -3   -4   -4    0.038212   -0.177831E-02    0.282359E-03
1    1   -3    1    1    0.038212   -0.177831E-02    0.282359E-03
1    1   -1   -4    0    0.038212   -0.177831E-02    0.282359E-03
1    1   -1   -1    3    0.038212   -0.177831E-02    0.282359E-03
1    1   -1    0   -4    0.038212   -0.177831E-02    0.282359E-03
1    1   -1    3   -1    0.038212   -0.177831E-02    0.282359E-03
1    1    0   -4   -1    0.038212   -0.177831E-02    0.282359E-03
1    1    0   -1   -4    0.038212   -0.177831E-02    0.282359E-03
1    1    0    1    4    0.038212   -0.177831E-02    0.282359E-03
1    1    0    4    1    0.038212   -0.177831E-02    0.282359E-03
1    1    1   -3    1    0.038212   -0.177831E-02    0.282359E-03
1    1    1    0    4    0.038212   -0.177831E-02    0.282359E-03
1    1    1    1   -3    0.038212   -0.177831E-02    0.282359E-03
1    1    1    4    0    0.038212   -0.177831E-02    0.282359E-03
1    1    3   -1   -1    0.038212   -0.177831E-02    0.282359E-03
1    1    3    4    4    0.038212   -0.177831E-02    0.282359E-03
1    1    4    0    1    0.038212   -0.177831E-02    0.282359E-03
1    1    4    1    0    0.038212   -0.177831E-02    0.282359E-03
1    1    4    3    4    0.038212   -0.177831E-02    0.282359E-03
1    1    4    4    3    0.038212   -0.177831E-02    0.282359E-03
1    1   -4   -4   -2   -0.004144   -0.107032E-03    0.144291E-04
1    1   -4   -2   -4   -0.004144   -0.107032E-03    0.144291E-04
1    1   -4   -2    0   -0.004144   -0.107032E-03    0.144291E-04
1    1   -4    0   -2   -0.004144   -0.107032E-03    0.144291E-04
1    1   -2   -4   -4   -0.004144   -0.107032E-03    0.144291E-04
1    1   -2   -4    0   -0.004144   -0.107032E-03    0.144291E-04
1    1   -2   -2    2   -0.004144   -0.107032E-03    0.144291E-04
1    1   -2    0   -4   -0.004144   -0.107032E-03    0.144291E-04
1    1   -2    2   -2   -0.004144   -0.107032E-03    0.144291E-04
1    1   -2    2    2   -0.004144   -0.107032E-03    0.144291E-04
1    1    0   -4   -2   -0.004144   -0.107032E-03    0.144291E-04
1    1    0   -2   -4   -0.004144   -0.107032E-03    0.144291E-04
1    1    0    2    4   -0.004144   -0.107032E-03    0.144291E-04
1    1    0    4    2   -0.004144   -0.107032E-03    0.144291E-04
1    1    2   -2   -2   -0.004144   -0.107032E-03    0.144291E-04
1    1    2   -2    2   -0.004144   -0.107032E-03    0.144291E-04
1    1    2    0    4   -0.004144   -0.107032E-03    0.144291E-04
1    1    2    2   -2   -0.004144   -0.107032E-03    0.144291E-04
1    1    2    4    0   -0.004144   -0.107032E-03    0.144291E-04
1    1    2    4    4   -0.004144   -0.107032E-03    0.144291E-04
1    1    4    0    2   -0.004144   -0.107032E-03    0.144291E-04
1    1    4    2    0   -0.004144   -0.107032E-03    0.144291E-04
1    1    4    2    4   -0.004144   -0.107032E-03    0.144291E-04
1    1    4    4    2   -0.004144   -0.107032E-03    0.144291E-04
1    1   -4   -4   -4   -0.052567   -0.529082E-03    0.111373E-02
1    1   -4    0    0   -0.052567   -0.529082E-03    0.111373E-02
1    1    0   -4    0   -0.052567   -0.529082E-03    0.111373E-02
1    1    0    0   -4   -0.052567   -0.529082E-03    0.111373E-02
1    1    0    0    4   -0.052567   -0.529082E-03    0.111373E-02
1    1    0    4    0   -0.052567   -0.529082E-03    0.111373E-02
1    1    4    0    0   -0.052567   -0.529082E-03    0.111373E-02
1    1    4    4    4   -0.052567   -0.529082E-03    0.111373E-02
1    1   -4   -4   -1   -0.008343   -0.744508E-03   -0.473619E-04
1    1   -4   -3    0   -0.008343   -0.744508E-03   -0.473619E-04
1    1   -3   -4    0   -0.008343   -0.744508E-03   -0.473619E-04
1    1   -3   -3   -5   -0.011504   -0.934857E-03   -0.109588E-04
1    1   -3   -3    1   -0.008343   -0.744508E-03   -0.473619E-04
1    1   -3    0    2   -0.011504   -0.934857E-03   -0.109588E-04
1    1   -3    2    0   -0.011504   -0.934857E-03   -0.109588E-04
1    1   -2   -5   -2   -0.011504   -0.934857E-03   -0.109588E-04
1    1    0   -3    2   -0.011504   -0.934857E-03   -0.109588E-04
1    1    0    3   -2   -0.011504   -0.934857E-03   -0.109588E-04
1    1    2    5    2   -0.011504   -0.934857E-03   -0.109588E-04
1    1    3   -2    0   -0.011504   -0.934857E-03   -0.109588E-04
1    1    3    0   -2   -0.011504   -0.934857E-03   -0.109588E-04
1    1    3    3   -1   -0.008343   -0.744508E-03   -0.473619E-04
1    1    3    3    5   -0.011504   -0.934857E-03   -0.109588E-04
1    1    3    4    0   -0.008343   -0.744508E-03   -0.473619E-04
1    1    4    3    0   -0.008343   -0.744508E-03   -0.473619E-04
1    1    4    4    1   -0.008343   -0.744508E-03   -0.473619E-04
1    1   -5   -3   -3   -0.011504   -0.934857E-03   -0.109588E-04
1    1   -5   -2   -2   -0.011504   -0.934857E-03   -0.109588E-04
1    1   -4   -1   -4   -0.008343   -0.744508E-03   -0.473619E-04
1    1   -4    0   -3   -0.008343   -0.744508E-03   -0.473619E-04
1    1   -3   -5   -3   -0.011504   -0.934857E-03   -0.109588E-04
1    1   -3    0   -4   -0.008343   -0.744508E-03   -0.473619E-04
1    1   -3    1   -3   -0.008343   -0.744508E-03   -0.473619E-04
1    1   -2   -2   -5   -0.011504   -0.934857E-03   -0.109588E-04
1    1   -2    0    3   -0.011504   -0.934857E-03   -0.109588E-04
1    1   -2    3    0   -0.011504   -0.934857E-03   -0.109588E-04
1    1   -1   -4   -4   -0.008343   -0.744508E-03   -0.473619E-04
1    1   -1    3    3   -0.008343   -0.744508E-03   -0.473619E-04
1    1    0   -4   -3   -0.008343   -0.744508E-03   -0.473619E-04
1    1    0   -3   -4   -0.008343   -0.744508E-03   -0.473619E-04
1    1    0   -2    3   -0.011504   -0.934857E-03   -0.109588E-04
1    1    0    2   -3   -0.011504   -0.934857E-03   -0.109588E-04
1    1    0    3    4   -0.008343   -0.744508E-03   -0.473619E-04
1    1    0    4    3   -0.008343   -0.744508E-03   -0.473619E-04
1    1    1   -3   -3   -0.008343   -0.744508E-03   -0.473619E-04
1    1    1    4    4   -0.008343   -0.744508E-03   -0.473619E-04
1    1    2   -3    0   -0.011504   -0.934857E-03   -0.109588E-04
1    1    2    0   -3   -0.011504   -0.934857E-03   -0.109588E-04
1    1    2    2    5   -0.011504   -0.934857E-03   -0.109588E-04
1    1    3   -1    3   -0.008343   -0.744508E-03   -0.473619E-04
1    1    3    0    4   -0.008343   -0.744508E-03   -0.473619E-04
1    1    3    5    3   -0.011504   -0.934857E-03   -0.109588E-04
1    1    4    0    3   -0.008343   -0.744508E-03   -0.473619E-04
1    1    4    1    4   -0.008343   -0.744508E-03   -0.473619E-04
1    1    5    2    2   -0.011504   -0.934857E-03   -0.109588E-04
1    1    5    3    3   -0.011504   -0.934857E-03   -0.109588E-04
1    1   -5   -3   -2   -0.003242   -0.241736E-03   -0.133088E-04
1    1   -3   -5   -2   -0.003242   -0.241736E-03   -0.133088E-04
1    1   -3   -2   -5   -0.003242   -0.241736E-03   -0.133088E-04
1    1   -3   -1    2   -0.003242   -0.241736E-03   -0.133088E-04
1    1   -3    2   -1   -0.003242   -0.241736E-03   -0.133088E-04
1    1   -2   -5   -3   -0.003242   -0.241736E-03   -0.133088E-04
1    1   -2   -3   -5   -0.003242   -0.241736E-03   -0.133088E-04
1    1   -2    1    3   -0.003242   -0.241736E-03   -0.133088E-04
1    1   -2    3    1   -0.003242   -0.241736E-03   -0.133088E-04
1    1   -1   -3    2   -0.003242   -0.241736E-03   -0.133088E-04
1    1   -1    2   -3   -0.003242   -0.241736E-03   -0.133088E-04
1    1    1   -2    3   -0.003242   -0.241736E-03   -0.133088E-04
1    1    1    3   -2   -0.003242   -0.241736E-03   -0.133088E-04
1    1    2   -3   -1   -0.003242   -0.241736E-03   -0.133088E-04
1    1    2   -1   -3   -0.003242   -0.241736E-03   -0.133088E-04
1    1    2    3    5   -0.003242   -0.241736E-03   -0.133088E-04
1    1    2    5    3   -0.003242   -0.241736E-03   -0.133088E-04
1    1    3   -2    1   -0.003242   -0.241736E-03   -0.133088E-04
1    1    3    1   -2   -0.003242   -0.241736E-03   -0.133088E-04
1    1    3    2    5   -0.003242   -0.241736E-03   -0.133088E-04
1    1    3    5    2   -0.003242   -0.241736E-03   -0.133088E-04
1    1    5    3    2   -0.003242   -0.241736E-03   -0.133088E-04
1    1   -5   -2   -3   -0.003242   -0.241736E-03   -0.133088E-04
1    1    5    2    3   -0.003242   -0.241736E-03   -0.133088E-04
1    1   -5   -2   -1   -0.000097   -0.146506E-03   -0.535985E-04
1    1   -5   -1   -2   -0.000097   -0.146506E-03   -0.535985E-04
1    1   -4   -3   -5   -0.000097   -0.146506E-03   -0.535985E-04
1    1   -3    1    2   -0.000097   -0.146506E-03   -0.535985E-04
1    1   -3    2    1   -0.000097   -0.146506E-03   -0.535985E-04
1    1   -2   -5   -1   -0.000097   -0.146506E-03   -0.535985E-04
1    1   -2   -1   -5   -0.000097   -0.146506E-03   -0.535985E-04
1    1   -2   -1    3   -0.000097   -0.146506E-03   -0.535985E-04
1    1   -1   -5   -2   -0.000097   -0.146506E-03   -0.535985E-04
1    1   -1   -2   -5   -0.000097   -0.146506E-03   -0.535985E-04
1    1   -1   -2    3   -0.000097   -0.146506E-03   -0.535985E-04
1    1   -1    1   -4   -0.000097   -0.146506E-03   -0.535985E-04
1    1   -1    1    4   -0.000097   -0.146506E-03   -0.535985E-04
1    1   -1    3   -2   -0.000097   -0.146506E-03   -0.535985E-04
1    1    1   -3    2   -0.000097   -0.146506E-03   -0.535985E-04
1    1    1   -1   -4   -0.000097   -0.146506E-03   -0.535985E-04
1    1    1   -1    4   -0.000097   -0.146506E-03   -0.535985E-04
1    1    1    2   -3   -0.000097   -0.146506E-03   -0.535985E-04
1    1    1    2    5   -0.000097   -0.146506E-03   -0.535985E-04
1    1    1    5    2   -0.000097   -0.146506E-03   -0.535985E-04
1    1    2    1   -3   -0.000097   -0.146506E-03   -0.535985E-04
1    1    2    1    5   -0.000097   -0.146506E-03   -0.535985E-04
1    1    2    5    1   -0.000097   -0.146506E-03   -0.535985E-04
1    1    3   -2   -1   -0.000097   -0.146506E-03   -0.535985E-04
1    1    3   -1   -2   -0.000097   -0.146506E-03   -0.535985E-04
1    1    4    3    5   -0.000097   -0.146506E-03   -0.535985E-04
1    1    5    1    2   -0.000097   -0.146506E-03   -0.535985E-04
1    1    5    2    1   -0.000097   -0.146506E-03   -0.535985E-04
1    1   -5   -4   -3   -0.000097   -0.146506E-03   -0.535985E-04
1    1   -5   -3   -4   -0.000097   -0.146506E-03   -0.535985E-04
1    1   -4   -5   -3   -0.000097   -0.146506E-03   -0.535985E-04
1    1   -4   -1    1   -0.000097   -0.146506E-03   -0.535985E-04
1    1   -4    1   -1   -0.000097   -0.146506E-03   -0.535985E-04
1    1   -3   -5   -4   -0.000097   -0.146506E-03   -0.535985E-04
1    1   -3   -4   -5   -0.000097   -0.146506E-03   -0.535985E-04
1    1   -2    3   -1   -0.000097   -0.146506E-03   -0.535985E-04
1    1   -1   -4    1   -0.000097   -0.146506E-03   -0.535985E-04
1    1   -1    4    1   -0.000097   -0.146506E-03   -0.535985E-04
1    1    1   -4   -1   -0.000097   -0.146506E-03   -0.535985E-04
1    1    1    4   -1   -0.000097   -0.146506E-03   -0.535985E-04
1    1    2   -3    1   -0.000097   -0.146506E-03   -0.535985E-04
1    1    3    4    5   -0.000097   -0.146506E-03   -0.535985E-04
1    1    3    5    4   -0.000097   -0.146506E-03   -0.535985E-04
1    1    4   -1    1   -0.000097   -0.146506E-03   -0.535985E-04
1    1    4    1   -1   -0.000097   -0.146506E-03   -0.535985E-04
1    1    4    5    3   -0.000097   -0.146506E-03   -0.535985E-04
1    1    5    3    4   -0.000097   -0.146506E-03   -0.535985E-04
1    1    5    4    3   -0.000097   -0.146506E-03   -0.535985E-04
1    1   -5   -4   -4    0.008444    0.817486E-03   -0.137463E-03
1    1   -5   -4   -2   -0.000214   -0.113080E-05   -0.496041E-04
1    1   -5   -3   -1   -0.000214   -0.113080E-05   -0.496041E-04
1    1   -5   -2   -4   -0.000214   -0.113080E-05   -0.496041E-04
1    1   -5   -1   -3   -0.000214   -0.113080E-05   -0.496041E-04
1    1   -5   -1   -1    0.008444    0.817486E-03   -0.137463E-03
1    1   -4   -5   -4    0.008444    0.817486E-03   -0.137463E-03
1    1   -4   -5   -2   -0.000214   -0.113080E-05   -0.496041E-04
1    1   -4   -4   -5    0.008444    0.817486E-03   -0.137463E-03
1    1   -4   -2   -5   -0.000214   -0.113080E-05   -0.496041E-04
1    1   -4   -2    1   -0.000214   -0.113080E-05   -0.496041E-04
1    1   -4    0    1    0.008444    0.817486E-03   -0.137463E-03
1    1   -4    1   -2   -0.000214   -0.113080E-05   -0.496041E-04
1    1   -4    1    0    0.008444    0.817486E-03   -0.137463E-03
1    1   -3   -5   -1   -0.000214   -0.113080E-05   -0.496041E-04
1    1   -3   -2    2   -0.000214   -0.113080E-05   -0.496041E-04
1    1   -3   -1   -5   -0.000214   -0.113080E-05   -0.496041E-04
1    1   -3    2   -2   -0.000214   -0.113080E-05   -0.496041E-04
1    1   -2   -5   -4   -0.000214   -0.113080E-05   -0.496041E-04
1    1   -2   -4   -5   -0.000214   -0.113080E-05   -0.496041E-04
1    1   -2   -4    1   -0.000214   -0.113080E-05   -0.496041E-04
1    1   -2   -3    2   -0.000214   -0.113080E-05   -0.496041E-04
1    1   -2    1   -4   -0.000214   -0.113080E-05   -0.496041E-04
1    1   -2    2   -3   -0.000214   -0.113080E-05   -0.496041E-04
1    1   -2    2    3   -0.000214   -0.113080E-05   -0.496041E-04
1    1   -2    3    2   -0.000214   -0.113080E-05   -0.496041E-04
1    1   -1   -5   -3   -0.000214   -0.113080E-05   -0.496041E-04
1    1   -1   -5   -1    0.008444    0.817486E-03   -0.137463E-03
1    1   -1   -3   -5   -0.000214   -0.113080E-05   -0.496041E-04
1    1   -1   -1   -5    0.008444    0.817486E-03   -0.137463E-03
1    1   -1    0    4    0.008444    0.817486E-03   -0.137463E-03
1    1   -1    2    4   -0.000214   -0.113080E-05   -0.496041E-04
1    1   -1    4    0    0.008444    0.817486E-03   -0.137463E-03
1    1   -1    4    2   -0.000214   -0.113080E-05   -0.496041E-04
1    1    0   -4    1    0.008444    0.817486E-03   -0.137463E-03
1    1    0   -1    4    0.008444    0.817486E-03   -0.137463E-03
1    1    0    1   -4    0.008444    0.817486E-03   -0.137463E-03
1    1    0    4   -1    0.008444    0.817486E-03   -0.137463E-03
1    1    1   -4   -2   -0.000214   -0.113080E-05   -0.496041E-04
1    1    1   -4    0    0.008444    0.817486E-03   -0.137463E-03
1    1    1   -2   -4   -0.000214   -0.113080E-05   -0.496041E-04
1    1    1    0   -4    0.008444    0.817486E-03   -0.137463E-03
1    1    1    1    5    0.008444    0.817486E-03   -0.137463E-03
1    1    1    3    5   -0.000214   -0.113080E-05   -0.496041E-04
1    1    1    5    1    0.008444    0.817486E-03   -0.137463E-03
1    1    1    5    3   -0.000214   -0.113080E-05   -0.496041E-04
1    1    2   -3   -2   -0.000214   -0.113080E-05   -0.496041E-04
1    1    2   -2   -3   -0.000214   -0.113080E-05   -0.496041E-04
1    1    2   -2    3   -0.000214   -0.113080E-05   -0.496041E-04
1    1    2   -1    4   -0.000214   -0.113080E-05   -0.496041E-04
1    1    2    3   -2   -0.000214   -0.113080E-05   -0.496041E-04
1    1    2    4   -1   -0.000214   -0.113080E-05   -0.496041E-04
1    1    2    4    5   -0.000214   -0.113080E-05   -0.496041E-04
1    1    2    5    4   -0.000214   -0.113080E-05   -0.496041E-04
1    1    3   -2    2   -0.000214   -0.113080E-05   -0.496041E-04
1    1    3    1    5   -0.000214   -0.113080E-05   -0.496041E-04
1    1    3    2   -2   -0.000214   -0.113080E-05   -0.496041E-04
1    1    3    5    1   -0.000214   -0.113080E-05   -0.496041E-04
1    1    4   -1    0    0.008444    0.817486E-03   -0.137463E-03
1    1    4   -1    2   -0.000214   -0.113080E-05   -0.496041E-04
1    1    4    0   -1    0.008444    0.817486E-03   -0.137463E-03
1    1    4    2   -1   -0.000214   -0.113080E-05   -0.496041E-04
1    1    4    2    5   -0.000214   -0.113080E-05   -0.496041E-04
1    1    4    4    5    0.008444    0.817486E-03   -0.137463E-03
1    1    4    5    2   -0.000214   -0.113080E-05   -0.496041E-04
1    1    4    5    4    0.008444    0.817486E-03   -0.137463E-03
1    1    5    1    1    0.008444    0.817486E-03   -0.137463E-03
1    1    5    1    3   -0.000214   -0.113080E-05   -0.496041E-04
1    1    5    2    4   -0.000214   -0.113080E-05   -0.496041E-04
1    1    5    3    1   -0.000214   -0.113080E-05   -0.496041E-04
1    1    5    4    2   -0.000214   -0.113080E-05   -0.496041E-04
1    1    5    4    4    0.008444    0.817486E-03   -0.137463E-03
1    1   -4   -4    0   -0.010106   -0.329093E-02    0.499256E-03
1    1   -4    0   -4   -0.010106   -0.329093E-02    0.499256E-03
1    1    0   -4   -4   -0.010106   -0.329093E-02    0.499256E-03
1    1    0    4    4   -0.010106   -0.329093E-02    0.499256E-03
1    1    4    0    4   -0.010106   -0.329093E-02    0.499256E-03
1    1    4    4    0   -0.010106   -0.329093E-02    0.499256E-03
1    1   -2   -5    0    0.000990   -0.165249E-03    0.196401E-03
1    1   -2   -2    3    0.000990   -0.165249E-03    0.196401E-03
1    1    2    2   -3    0.000990   -0.165249E-03    0.196401E-03
1    1    2    5    0    0.000990   -0.165249E-03    0.196401E-03
1    1   -5   -5   -3    0.000990   -0.165249E-03    0.196401E-03
1    1   -5   -3   -5    0.000990   -0.165249E-03    0.196401E-03
1    1   -5   -2    0    0.000990   -0.165249E-03    0.196401E-03
1    1   -5    0   -2    0.000990   -0.165249E-03    0.196401E-03
1    1   -3   -5   -5    0.000990   -0.165249E-03    0.196401E-03
1    1   -3    2    2    0.000990   -0.165249E-03    0.196401E-03
1    1   -2    0   -5    0.000990   -0.165249E-03    0.196401E-03
1    1   -2    3   -2    0.000990   -0.165249E-03    0.196401E-03
1    1    0   -5   -2    0.000990   -0.165249E-03    0.196401E-03
1    1    0   -2   -5    0.000990   -0.165249E-03    0.196401E-03
1    1    0    2    5    0.000990   -0.165249E-03    0.196401E-03
1    1    0    5    2    0.000990   -0.165249E-03    0.196401E-03
1    1    2   -3    2    0.000990   -0.165249E-03    0.196401E-03
1    1    2    0    5    0.000990   -0.165249E-03    0.196401E-03
1    1    3   -2   -2    0.000990   -0.165249E-03    0.196401E-03
1    1    3    5    5    0.000990   -0.165249E-03    0.196401E-03
1    1    5    0    2    0.000990   -0.165249E-03    0.196401E-03
1    1    5    2    0    0.000990   -0.165249E-03    0.196401E-03
1    1    5    3    5    0.000990   -0.165249E-03    0.196401E-03
1    1    5    5    3    0.000990   -0.165249E-03    0.196401E-03
1    1   -5   -5   -4   -0.022349   -0.640079E-03   -0.140091E-04
1    1   -5   -4   -1    0.000949   -0.644307E-04   -0.541081E-04
1    1   -5   -1   -4    0.000949   -0.644307E-04   -0.541081E-04
1    1   -5   -1    0   -0.022349   -0.640079E-03   -0.140091E-04
1    1   -4   -5   -5   -0.022349   -0.640079E-03   -0.140091E-04
1    1   -4   -5   -1    0.000949   -0.644307E-04   -0.541081E-04
1    1   -4   -3    1    0.000949   -0.644307E-04   -0.541081E-04
1    1   -4   -1   -5    0.000949   -0.644307E-04   -0.541081E-04
1    1   -4    1   -3    0.000949   -0.644307E-04   -0.541081E-04
1    1   -4    1    1   -0.022349   -0.640079E-03   -0.140091E-04
1    1   -3   -4    1    0.000949   -0.644307E-04   -0.541081E-04
1    1   -3    1   -4    0.000949   -0.644307E-04   -0.541081E-04
1    1   -1   -5   -4    0.000949   -0.644307E-04   -0.541081E-04
1    1   -1   -5    0   -0.022349   -0.640079E-03   -0.140091E-04
1    1   -1   -4   -5    0.000949   -0.644307E-04   -0.541081E-04
1    1   -1   -1    4   -0.022349   -0.640079E-03   -0.140091E-04
1    1   -1    0   -5   -0.022349   -0.640079E-03   -0.140091E-04
1    1   -1    3    4    0.000949   -0.644307E-04   -0.541081E-04
1    1   -1    4    3    0.000949   -0.644307E-04   -0.541081E-04
1    1    0   -5   -1   -0.022349   -0.640079E-03   -0.140091E-04
1    1    0   -1   -5   -0.022349   -0.640079E-03   -0.140091E-04
1    1    0    1    5   -0.022349   -0.640079E-03   -0.140091E-04
1    1    0    5    1   -0.022349   -0.640079E-03   -0.140091E-04
1    1    1   -4   -3    0.000949   -0.644307E-04   -0.541081E-04
1    1    1   -3   -4    0.000949   -0.644307E-04   -0.541081E-04
1    1    1    0    5   -0.022349   -0.640079E-03   -0.140091E-04
1    1    1    1   -4   -0.022349   -0.640079E-03   -0.140091E-04
1    1    1    4    5    0.000949   -0.644307E-04   -0.541081E-04
1    1    1    5    0   -0.022349   -0.640079E-03   -0.140091E-04
1    1    1    5    4    0.000949   -0.644307E-04   -0.541081E-04
1    1    3   -1    4    0.000949   -0.644307E-04   -0.541081E-04
1    1    3    4   -1    0.000949   -0.644307E-04   -0.541081E-04
1    1    4   -1   -1   -0.022349   -0.640079E-03   -0.140091E-04
1    1    4   -1    3    0.000949   -0.644307E-04   -0.541081E-04
1    1    4    1    5    0.000949   -0.644307E-04   -0.541081E-04
1    1    4    3   -1    0.000949   -0.644307E-04   -0.541081E-04
1    1    4    5    1    0.000949   -0.644307E-04   -0.541081E-04
1    1    4    5    5   -0.022349   -0.640079E-03   -0.140091E-04
1    1    5    1    0   -0.022349   -0.640079E-03   -0.140091E-04
1    1    5    1    4    0.000949   -0.644307E-04   -0.541081E-04
1    1    5    4    1    0.000949   -0.644307E-04   -0.541081E-04
1    1    5    5    4   -0.022349   -0.640079E-03   -0.140091E-04
1    1   -5   -4   -5   -0.022349   -0.640079E-03   -0.140091E-04
1    1   -5    0   -1   -0.022349   -0.640079E-03   -0.140091E-04
1    1   -1    4   -1   -0.022349   -0.640079E-03   -0.140091E-04
1    1    1   -4    1   -0.022349   -0.640079E-03   -0.140091E-04
1    1    5    0    1   -0.022349   -0.640079E-03   -0.140091E-04
1    1    5    4    5   -0.022349   -0.640079E-03   -0.140091E-04
1    1   -6   -3   -3    0.008709    0.187176E-03    0.246672E-05
1    1   -5   -5   -2    0.009512   -0.223164E-03   -0.407965E-04
1    1   -5   -2   -5    0.009512   -0.223164E-03   -0.407965E-04
1    1   -3   -3    2    0.009512   -0.223164E-03   -0.407965E-04
1    1   -3    0    3    0.008709    0.187176E-03    0.246672E-05
1    1   -3    3    0    0.008709    0.187176E-03    0.246672E-05
1    1   -2   -5   -5    0.009512   -0.223164E-03   -0.407965E-04
1    1    0   -3    3    0.008709    0.187176E-03    0.246672E-05
1    1    0    3   -3    0.008709    0.187176E-03    0.246672E-05
1    1    2    5    5    0.009512   -0.223164E-03   -0.407965E-04
1    1    3   -3    0    0.008709    0.187176E-03    0.246672E-05
1    1    3    0   -3    0.008709    0.187176E-03    0.246672E-05
1    1    3    3   -2    0.009512   -0.223164E-03   -0.407965E-04
1    1    5    2    5    0.009512   -0.223164E-03   -0.407965E-04
1    1    5    5    2    0.009512   -0.223164E-03   -0.407965E-04
1    1    6    3    3    0.008709    0.187176E-03    0.246672E-05
1    1   -5   -3    0    0.009512   -0.223164E-03   -0.407965E-04
1    1   -5    0   -3    0.009512   -0.223164E-03   -0.407965E-04
1    1   -3   -6   -3    0.008709    0.187176E-03    0.246672E-05
1    1   -3   -5    0    0.009512   -0.223164E-03   -0.407965E-04
1    1   -3   -3   -6    0.008709    0.187176E-03    0.246672E-05
1    1   -3    0   -5    0.009512   -0.223164E-03   -0.407965E-04
1    1   -3    2   -3    0.009512   -0.223164E-03   -0.407965E-04
1    1   -2    3    3    0.009512   -0.223164E-03   -0.407965E-04
1    1    0   -5   -3    0.009512   -0.223164E-03   -0.407965E-04
1    1    0   -3   -5    0.009512   -0.223164E-03   -0.407965E-04
1    1    0    3    5    0.009512   -0.223164E-03   -0.407965E-04
1    1    0    5    3    0.009512   -0.223164E-03   -0.407965E-04
1    1    2   -3   -3    0.009512   -0.223164E-03   -0.407965E-04
1    1    3   -2    3    0.009512   -0.223164E-03   -0.407965E-04
1    1    3    0    5    0.009512   -0.223164E-03   -0.407965E-04
1    1    3    3    6    0.008709    0.187176E-03    0.246672E-05
1    1    3    5    0    0.009512   -0.223164E-03   -0.407965E-04
1    1    3    6    3    0.008709    0.187176E-03    0.246672E-05
1    1    5    0    3    0.009512   -0.223164E-03   -0.407965E-04
1    1    5    3    0    0.009512   -0.223164E-03   -0.407965E-04
1    1   -6   -4   -3   -0.000977    0.208532E-04   -0.394264E-04
1    1   -6   -3   -4   -0.000977    0.208532E-04   -0.394264E-04
1    1   -6   -3   -2   -0.000977    0.208532E-04   -0.394264E-04
1    1   -6   -2   -3   -0.000977    0.208532E-04   -0.394264E-04
1    1   -4   -1    2   -0.000977    0.208532E-04   -0.394264E-04
1    1   -4    2   -1   -0.000977    0.208532E-04   -0.394264E-04
1    1   -3   -6   -4   -0.000977    0.208532E-04   -0.394264E-04
1    1   -3   -4   -6   -0.000977    0.208532E-04   -0.394264E-04
1    1   -3   -1    3   -0.000977    0.208532E-04   -0.394264E-04
1    1   -3    3   -1   -0.000977    0.208532E-04   -0.394264E-04
1    1   -3    3    1   -0.000977    0.208532E-04   -0.394264E-04
1    1   -2    4    1   -0.000977    0.208532E-04   -0.394264E-04
1    1   -1   -4    2   -0.000977    0.208532E-04   -0.394264E-04
1    1    1    4   -2   -0.000977    0.208532E-04   -0.394264E-04
1    1    2   -4   -1   -0.000977    0.208532E-04   -0.394264E-04
1    1    3   -3   -1   -0.000977    0.208532E-04   -0.394264E-04
1    1    3   -3    1   -0.000977    0.208532E-04   -0.394264E-04
1    1    3    1   -3   -0.000977    0.208532E-04   -0.394264E-04
1    1    3    4    6   -0.000977    0.208532E-04   -0.394264E-04
1    1    3    6    4   -0.000977    0.208532E-04   -0.394264E-04
1    1    4   -2    1   -0.000977    0.208532E-04   -0.394264E-04
1    1    4    1   -2   -0.000977    0.208532E-04   -0.394264E-04
1    1    6    2    3   -0.000977    0.208532E-04   -0.394264E-04
1    1    6    3    2   -0.000977    0.208532E-04   -0.394264E-04
1    1    6    3    4   -0.000977    0.208532E-04   -0.394264E-04
1    1    6    4    3   -0.000977    0.208532E-04   -0.394264E-04
1    1   -5   -5   -5   -0.011656   -0.154268E-02   -0.229579E-04
1    1   -5    0    0   -0.011656   -0.154268E-02   -0.229579E-04
1    1   -4   -3   -6   -0.000977    0.208532E-04   -0.394264E-04
1    1   -3   -6   -2   -0.000977    0.208532E-04   -0.394264E-04
1    1   -3   -2   -6   -0.000977    0.208532E-04   -0.394264E-04
1    1   -3    1    3   -0.000977    0.208532E-04   -0.394264E-04
1    1   -2   -6   -3   -0.000977    0.208532E-04   -0.394264E-04
1    1   -2   -3   -6   -0.000977    0.208532E-04   -0.394264E-04
1    1   -2    1    4   -0.000977    0.208532E-04   -0.394264E-04
1    1   -1   -3    3   -0.000977    0.208532E-04   -0.394264E-04
1    1   -1    2   -4   -0.000977    0.208532E-04   -0.394264E-04
1    1   -1    3   -3   -0.000977    0.208532E-04   -0.394264E-04
1    1    0   -5    0   -0.011656   -0.154268E-02   -0.229579E-04
1    1    0    0   -5   -0.011656   -0.154268E-02   -0.229579E-04
1    1    0    0    5   -0.011656   -0.154268E-02   -0.229579E-04
1    1    0    5    0   -0.011656   -0.154268E-02   -0.229579E-04
1    1    1   -3    3   -0.000977    0.208532E-04   -0.394264E-04
1    1    1   -2    4   -0.000977    0.208532E-04   -0.394264E-04
1    1    1    3   -3   -0.000977    0.208532E-04   -0.394264E-04
1    1    2   -1   -4   -0.000977    0.208532E-04   -0.394264E-04
1    1    2    3    6   -0.000977    0.208532E-04   -0.394264E-04
1    1    2    6    3   -0.000977    0.208532E-04   -0.394264E-04
1    1    3   -1   -3   -0.000977    0.208532E-04   -0.394264E-04
1    1    3    2    6   -0.000977    0.208532E-04   -0.394264E-04
1    1    3    6    2   -0.000977    0.208532E-04   -0.394264E-04
1    1    4    3    6   -0.000977    0.208532E-04   -0.394264E-04
1    1    5    0    0   -0.011656   -0.154268E-02   -0.229579E-04
1    1    5    5    5   -0.011656   -0.154268E-02   -0.229579E-04
1    1   -4   -6   -3   -0.000977    0.208532E-04   -0.394264E-04
1    1    4    6    3   -0.000977    0.208532E-04   -0.394264E-04
1    1   -6   -4   -4    0.005383    0.897043E-04    0.119216E-04
1    1   -6   -2   -2    0.005383    0.897043E-04    0.119216E-04
1    1   -4   -4   -6    0.005383    0.897043E-04    0.119216E-04
1    1   -4    0    2    0.005383    0.897043E-04    0.119216E-04
1    1   -4    2    0    0.005383    0.897043E-04    0.119216E-04
1    1   -2   -6   -2    0.005383    0.897043E-04    0.119216E-04
1    1   -2   -2   -6    0.005383    0.897043E-04    0.119216E-04
1    1   -2    0    4    0.005383    0.897043E-04    0.119216E-04
1    1   -2    4    0    0.005383    0.897043E-04    0.119216E-04
1    1    0   -4    2    0.005383    0.897043E-04    0.119216E-04
1    1    0   -2    4    0.005383    0.897043E-04    0.119216E-04
1    1    0    2   -4    0.005383    0.897043E-04    0.119216E-04
1    1    0    4   -2    0.005383    0.897043E-04    0.119216E-04
1    1    2   -4    0    0.005383    0.897043E-04    0.119216E-04
1    1    2    0   -4    0.005383    0.897043E-04    0.119216E-04
1    1    2    2    6    0.005383    0.897043E-04    0.119216E-04
1    1    2    6    2    0.005383    0.897043E-04    0.119216E-04
1    1    4   -2    0    0.005383    0.897043E-04    0.119216E-04
1    1    4    0   -2    0.005383    0.897043E-04    0.119216E-04
1    1    4    4    6    0.005383    0.897043E-04    0.119216E-04
1    1    6    2    2    0.005383    0.897043E-04    0.119216E-04
1    1    6    4    4    0.005383    0.897043E-04    0.119216E-04
1    1   -4   -6   -4    0.005383    0.897043E-04    0.119216E-04
1    1    4    6    4    0.005383    0.897043E-04    0.119216E-04
1    1   -6   -4   -2   -0.000726    0.329944E-03    0.432374E-04
1    1   -6   -2   -4   -0.000726    0.329944E-03    0.432374E-04
1    1   -4   -6   -2   -0.000726    0.329944E-03    0.432374E-04
1    1   -4   -2   -6   -0.000726    0.329944E-03    0.432374E-04
1    1   -4   -2    2   -0.000726    0.329944E-03    0.432374E-04
1    1   -4    2   -2   -0.000726    0.329944E-03    0.432374E-04
1    1   -2   -6   -4   -0.000726    0.329944E-03    0.432374E-04
1    1   -2   -4   -6   -0.000726    0.329944E-03    0.432374E-04
1    1   -2   -4    2   -0.000726    0.329944E-03    0.432374E-04
1    1   -2    2   -4   -0.000726    0.329944E-03    0.432374E-04
1    1   -2    2    4   -0.000726    0.329944E-03    0.432374E-04
1    1   -2    4    2   -0.000726    0.329944E-03    0.432374E-04
1    1    2   -4   -2   -0.000726    0.329944E-03    0.432374E-04
1    1    2   -2   -4   -0.000726    0.329944E-03    0.432374E-04
1    1    2   -2    4   -0.000726    0.329944E-03    0.432374E-04
1    1    2    4   -2   -0.000726    0.329944E-03    0.432374E-04
1    1    2    4    6   -0.000726    0.329944E-03    0.432374E-04
1    1    2    6    4   -0.000726    0.329944E-03    0.432374E-04
1    1    4   -2    2   -0.000726    0.329944E-03    0.432374E-04
1    1    4    2   -2   -0.000726    0.329944E-03    0.432374E-04
1    1    4    2    6   -0.000726    0.329944E-03    0.432374E-04
1    1    4    6    2   -0.000726    0.329944E-03    0.432374E-04
1    1    6    2    4   -0.000726    0.329944E-03    0.432374E-04
1    1    6    4    2   -0.000726    0.329944E-03    0.432374E-04
1    1   -6   -5   -4    0.003452    0.943751E-04   -0.177875E-03
1    1   -6   -2   -1    0.003452    0.943751E-04   -0.177875E-03
1    1   -6   -1   -2    0.003452    0.943751E-04   -0.177875E-03
1    1   -4    2    1    0.003452    0.943751E-04   -0.177875E-03
1    1   -2    4   -1    0.003452    0.943751E-04   -0.177875E-03
1    1   -1    5    1    0.003452    0.943751E-04   -0.177875E-03
1    1    1   -5   -1    0.003452    0.943751E-04   -0.177875E-03
1    1    2   -4    1    0.003452    0.943751E-04   -0.177875E-03
1    1    4   -2   -1    0.003452    0.943751E-04   -0.177875E-03
1    1    6    1    2    0.003452    0.943751E-04   -0.177875E-03
1    1    6    2    1    0.003452    0.943751E-04   -0.177875E-03
1    1    6    5    4    0.003452    0.943751E-04   -0.177875E-03
1    1   -6   -4   -5    0.003452    0.943751E-04   -0.177875E-03
1    1   -5   -5   -1    0.002039    0.333602E-03    0.166749E-04
1    1   -5   -4   -6    0.003452    0.943751E-04   -0.177875E-03
1    1   -5   -4    0    0.002039    0.333602E-03    0.166749E-04
1    1   -4   -6   -5    0.003452    0.943751E-04   -0.177875E-03
1    1   -4   -5   -6    0.003452    0.943751E-04   -0.177875E-03
1    1   -4   -5    0    0.002039    0.333602E-03    0.166749E-04
1    1   -4   -4    1    0.002039    0.333602E-03    0.166749E-04
1    1   -4    1    2    0.003452    0.943751E-04   -0.177875E-03
1    1   -2   -6   -1    0.003452    0.943751E-04   -0.177875E-03
1    1   -2   -1   -6    0.003452    0.943751E-04   -0.177875E-03
1    1   -2   -1    4    0.003452    0.943751E-04   -0.177875E-03
1    1   -1   -6   -2    0.003452    0.943751E-04   -0.177875E-03
1    1   -1   -5    1    0.003452    0.943751E-04   -0.177875E-03
1    1   -1   -2   -6    0.003452    0.943751E-04   -0.177875E-03
1    1   -1   -2    4    0.003452    0.943751E-04   -0.177875E-03
1    1   -1    1   -5    0.003452    0.943751E-04   -0.177875E-03
1    1   -1    1    5    0.003452    0.943751E-04   -0.177875E-03
1    1   -1    4   -2    0.003452    0.943751E-04   -0.177875E-03
1    1    1   -4    2    0.003452    0.943751E-04   -0.177875E-03
1    1    1   -1   -5    0.003452    0.943751E-04   -0.177875E-03
1    1    1   -1    5    0.003452    0.943751E-04   -0.177875E-03
1    1    1    2   -4    0.003452    0.943751E-04   -0.177875E-03
1    1    1    2    6    0.003452    0.943751E-04   -0.177875E-03
1    1    1    5   -1    0.003452    0.943751E-04   -0.177875E-03
1    1    1    6    2    0.003452    0.943751E-04   -0.177875E-03
1    1    2    1   -4    0.003452    0.943751E-04   -0.177875E-03
1    1    2    1    6    0.003452    0.943751E-04   -0.177875E-03
1    1    2    6    1    0.003452    0.943751E-04   -0.177875E-03
1    1    4   -1   -2    0.003452    0.943751E-04   -0.177875E-03
1    1    4    4   -1    0.002039    0.333602E-03    0.166749E-04
1    1    4    5    0    0.002039    0.333602E-03    0.166749E-04
1    1    4    5    6    0.003452    0.943751E-04   -0.177875E-03
1    1    4    6    5    0.003452    0.943751E-04   -0.177875E-03
1    1    5    4    0    0.002039    0.333602E-03    0.166749E-04
1    1    5    4    6    0.003452    0.943751E-04   -0.177875E-03
1    1    5    5    1    0.002039    0.333602E-03    0.166749E-04
1    1    6    4    5    0.003452    0.943751E-04   -0.177875E-03
1    1   -5   -6   -4    0.003452    0.943751E-04   -0.177875E-03
1    1   -5   -1   -5    0.002039    0.333602E-03    0.166749E-04
1    1   -5   -1    1    0.003452    0.943751E-04   -0.177875E-03
1    1   -5    0   -4    0.002039    0.333602E-03    0.166749E-04
1    1   -5    1   -1    0.003452    0.943751E-04   -0.177875E-03
1    1   -4    0   -5    0.002039    0.333602E-03    0.166749E-04
1    1   -4    1   -4    0.002039    0.333602E-03    0.166749E-04
1    1   -1   -5   -5    0.002039    0.333602E-03    0.166749E-04
1    1   -1    4    4    0.002039    0.333602E-03    0.166749E-04
1    1    0   -5   -4    0.002039    0.333602E-03    0.166749E-04
1    1    0   -4   -5    0.002039    0.333602E-03    0.166749E-04
1    1    0    4    5    0.002039    0.333602E-03    0.166749E-04
1    1    0    5    4    0.002039    0.333602E-03    0.166749E-04
1    1    1   -4   -4    0.002039    0.333602E-03    0.166749E-04
1    1    1    5    5    0.002039    0.333602E-03    0.166749E-04
1    1    4   -1    4    0.002039    0.333602E-03    0.166749E-04
1    1    4    0    5    0.002039    0.333602E-03    0.166749E-04
1    1    5   -1    1    0.003452    0.943751E-04   -0.177875E-03
1    1    5    0    4    0.002039    0.333602E-03    0.166749E-04
1    1    5    1   -1    0.003452    0.943751E-04   -0.177875E-03
1    1    5    1    5    0.002039    0.333602E-03    0.166749E-04
1    1    5    6    4    0.003452    0.943751E-04   -0.177875E-03
1    1   -6   -3   -5   -0.001075    0.294120E-04   -0.155774E-05
1    1   -6   -3   -1   -0.001075    0.294120E-04   -0.155774E-05
1    1   -6   -1   -3   -0.001075    0.294120E-04   -0.155774E-05
1    1   -3    3   -2   -0.001075    0.294120E-04   -0.155774E-05
1    1   -3    3    2   -0.001075    0.294120E-04   -0.155774E-05
1    1   -1    5    2   -0.001075    0.294120E-04   -0.155774E-05
1    1    1   -5   -2   -0.001075    0.294120E-04   -0.155774E-05
1    1    3   -3   -2   -0.001075    0.294120E-04   -0.155774E-05
1    1    3   -3    2   -0.001075    0.294120E-04   -0.155774E-05
1    1    6    1    3   -0.001075    0.294120E-04   -0.155774E-05
1    1    6    3    1   -0.001075    0.294120E-04   -0.155774E-05
1    1    6    3    5   -0.001075    0.294120E-04   -0.155774E-05
1    1   -6   -5   -3   -0.001075    0.294120E-04   -0.155774E-05
1    1   -5   -3   -6   -0.001075    0.294120E-04   -0.155774E-05
1    1   -5   -2    1   -0.001075    0.294120E-04   -0.155774E-05
1    1   -5    1   -2   -0.001075    0.294120E-04   -0.155774E-05
1    1   -3   -6   -5   -0.001075    0.294120E-04   -0.155774E-05
1    1   -3   -6   -1   -0.001075    0.294120E-04   -0.155774E-05
1    1   -3   -5   -6   -0.001075    0.294120E-04   -0.155774E-05
1    1   -3   -2    3   -0.001075    0.294120E-04   -0.155774E-05
1    1   -3   -1   -6   -0.001075    0.294120E-04   -0.155774E-05
1    1   -3    2    3   -0.001075    0.294120E-04   -0.155774E-05
1    1   -2   -5    1   -0.001075    0.294120E-04   -0.155774E-05
1    1   -2   -3    3   -0.001075    0.294120E-04   -0.155774E-05
1    1   -2    1   -5   -0.001075    0.294120E-04   -0.155774E-05
1    1   -2    3   -3   -0.001075    0.294120E-04   -0.155774E-05
1    1   -1   -6   -3   -0.001075    0.294120E-04   -0.155774E-05
1    1   -1   -3   -6   -0.001075    0.294120E-04   -0.155774E-05
1    1   -1    2    5   -0.001075    0.294120E-04   -0.155774E-05
1    1    1   -2   -5   -0.001075    0.294120E-04   -0.155774E-05
1    1    1    3    6   -0.001075    0.294120E-04   -0.155774E-05
1    1    1    6    3   -0.001075    0.294120E-04   -0.155774E-05
1    1    2   -3    3   -0.001075    0.294120E-04   -0.155774E-05
1    1    2   -1    5   -0.001075    0.294120E-04   -0.155774E-05
1    1    2    3   -3   -0.001075    0.294120E-04   -0.155774E-05
1    1    2    5   -1   -0.001075    0.294120E-04   -0.155774E-05
1    1    3   -2   -3   -0.001075    0.294120E-04   -0.155774E-05
1    1    3    1    6   -0.001075    0.294120E-04   -0.155774E-05
1    1    3    2   -3   -0.001075    0.294120E-04   -0.155774E-05
1    1    3    5    6   -0.001075    0.294120E-04   -0.155774E-05
1    1    3    6    1   -0.001075    0.294120E-04   -0.155774E-05
1    1    3    6    5   -0.001075    0.294120E-04   -0.155774E-05
1    1    5   -1    2   -0.001075    0.294120E-04   -0.155774E-05
1    1    5    2   -1   -0.001075    0.294120E-04   -0.155774E-05
1    1    5    3    6   -0.001075    0.294120E-04   -0.155774E-05
1    1    6    5    3   -0.001075    0.294120E-04   -0.155774E-05
1    1   -5   -6   -3   -0.001075    0.294120E-04   -0.155774E-05
1    1    5    6    3   -0.001075    0.294120E-04   -0.155774E-05
1    1   -6   -5   -5   -0.013494   -0.130426E-03    0.252657E-03
1    1   -6   -1   -1   -0.013494   -0.130426E-03    0.252657E-03
1    1   -1   -1   -6   -0.013494   -0.130426E-03    0.252657E-03
1    1   -1    0    5   -0.013494   -0.130426E-03    0.252657E-03
1    1   -1    5    0   -0.013494   -0.130426E-03    0.252657E-03
1    1    0   -1    5   -0.013494   -0.130426E-03    0.252657E-03
1    1    0    1   -5   -0.013494   -0.130426E-03    0.252657E-03
1    1    1   -5    0   -0.013494   -0.130426E-03    0.252657E-03
1    1    1    0   -5   -0.013494   -0.130426E-03    0.252657E-03
1    1    1    1    6   -0.013494   -0.130426E-03    0.252657E-03
1    1    6    1    1   -0.013494   -0.130426E-03    0.252657E-03
1    1    6    5    5   -0.013494   -0.130426E-03    0.252657E-03
1    1   -5   -6   -5   -0.013494   -0.130426E-03    0.252657E-03
1    1   -5   -5   -6   -0.013494   -0.130426E-03    0.252657E-03
1    1   -5    0    1   -0.013494   -0.130426E-03    0.252657E-03
1    1   -5    1    0   -0.013494   -0.130426E-03    0.252657E-03
1    1   -1   -6   -1   -0.013494   -0.130426E-03    0.252657E-03
1    1    0   -5    1   -0.013494   -0.130426E-03    0.252657E-03
1    1    0    5   -1   -0.013494   -0.130426E-03    0.252657E-03
1    1    1    6    1   -0.013494   -0.130426E-03    0.252657E-03
1    1    5   -1    0   -0.013494   -0.130426E-03    0.252657E-03
1    1    5    0   -1   -0.013494   -0.130426E-03    0.252657E-03
1    1    5    5    6   -0.013494   -0.130426E-03    0.252657E-03
1    1    5    6    5   -0.013494   -0.130426E-03    0.252657E-03
1    1   -6   -4   -1   -0.000739    0.902959E-04   -0.125238E-04
1    1   -6   -2   -5   -0.000739    0.902959E-04   -0.125238E-04
1    1   -6   -1   -4   -0.000739    0.902959E-04   -0.125238E-04
1    1   -4    2   -3   -0.000739    0.902959E-04   -0.125238E-04
1    1   -2    4    3   -0.000739    0.902959E-04   -0.125238E-04
1    1   -1    5    3   -0.000739    0.902959E-04   -0.125238E-04
1    1    1   -5   -3   -0.000739    0.902959E-04   -0.125238E-04
1    1    2   -4   -3   -0.000739    0.902959E-04   -0.125238E-04
1    1    4   -2    3   -0.000739    0.902959E-04   -0.125238E-04
1    1    6    1    4   -0.000739    0.902959E-04   -0.125238E-04
1    1    6    2    5   -0.000739    0.902959E-04   -0.125238E-04
1    1    6    4    1   -0.000739    0.902959E-04   -0.125238E-04
1    1   -6   -5   -2   -0.000739    0.902959E-04   -0.125238E-04
1    1   -5   -6   -2   -0.000739    0.902959E-04   -0.125238E-04
1    1   -5   -3    1   -0.000739    0.902959E-04   -0.125238E-04
1    1   -5   -2   -6   -0.000739    0.902959E-04   -0.125238E-04
1    1   -5    1   -3   -0.000739    0.902959E-04   -0.125238E-04
1    1   -4   -6   -1   -0.000739    0.902959E-04   -0.125238E-04
1    1   -4   -3    2   -0.000739    0.902959E-04   -0.125238E-04
1    1   -4   -1   -6   -0.000739    0.902959E-04   -0.125238E-04
1    1   -3   -5    1   -0.000739    0.902959E-04   -0.125238E-04
1    1   -3   -4    2   -0.000739    0.902959E-04   -0.125238E-04
1    1   -3    1   -5   -0.000739    0.902959E-04   -0.125238E-04
1    1   -3    2   -4   -0.000739    0.902959E-04   -0.125238E-04
1    1   -2   -6   -5   -0.000739    0.902959E-04   -0.125238E-04
1    1   -2   -5   -6   -0.000739    0.902959E-04   -0.125238E-04
1    1   -2    3    4   -0.000739    0.902959E-04   -0.125238E-04
1    1   -1   -6   -4   -0.000739    0.902959E-04   -0.125238E-04
1    1   -1   -4   -6   -0.000739    0.902959E-04   -0.125238E-04
1    1   -1    3    5   -0.000739    0.902959E-04   -0.125238E-04
1    1    1   -3   -5   -0.000739    0.902959E-04   -0.125238E-04
1    1    1    4    6   -0.000739    0.902959E-04   -0.125238E-04
1    1    1    6    4   -0.000739    0.902959E-04   -0.125238E-04
1    1    2   -3   -4   -0.000739    0.902959E-04   -0.125238E-04
1    1    2    5    6   -0.000739    0.902959E-04   -0.125238E-04
1    1    2    6    5   -0.000739    0.902959E-04   -0.125238E-04
1    1    3   -2    4   -0.000739    0.902959E-04   -0.125238E-04
1    1    3   -1    5   -0.000739    0.902959E-04   -0.125238E-04
1    1    3    4   -2   -0.000739    0.902959E-04   -0.125238E-04
1    1    3    5   -1   -0.000739    0.902959E-04   -0.125238E-04
1    1    4    1    6   -0.000739    0.902959E-04   -0.125238E-04
1    1    4    3   -2   -0.000739    0.902959E-04   -0.125238E-04
1    1    4    6    1   -0.000739    0.902959E-04   -0.125238E-04
1    1    5   -1    3   -0.000739    0.902959E-04   -0.125238E-04
1    1    5    2    6   -0.000739    0.902959E-04   -0.125238E-04
1    1    5    3   -1   -0.000739    0.902959E-04   -0.125238E-04
1    1    5    6    2   -0.000739    0.902959E-04   -0.125238E-04
1    1    6    5    2   -0.000739    0.902959E-04   -0.125238E-04
1    1   -6   -6   -4   -0.000570    0.423842E-03   -0.259463E-04
1    1   -6   -2    0   -0.000570    0.423842E-03   -0.259463E-04
1    1   -6    0   -2   -0.000570    0.423842E-03   -0.259463E-04
1    1   -4    2    2   -0.000570    0.423842E-03   -0.259463E-04
1    1   -2    4   -2   -0.000570    0.423842E-03   -0.259463E-04
1    1    0   -6   -2   -0.000570    0.423842E-03   -0.259463E-04
1    1    0    6    2   -0.000570    0.423842E-03   -0.259463E-04
1    1    2   -4    2   -0.000570    0.423842E-03   -0.259463E-04
1    1    4   -2   -2   -0.000570    0.423842E-03   -0.259463E-04
1    1    6    0    2   -0.000570    0.423842E-03   -0.259463E-04
1    1    6    2    0   -0.000570    0.423842E-03   -0.259463E-04
1    1    6    6    4   -0.000570    0.423842E-03   -0.259463E-04
1    1   -6   -4   -6   -0.000570    0.423842E-03   -0.259463E-04
1    1   -2   -6    0   -0.000570    0.423842E-03   -0.259463E-04
1    1   -2   -2    4   -0.000570    0.423842E-03   -0.259463E-04
1    1   -2    0   -6   -0.000570    0.423842E-03   -0.259463E-04
1    1    0   -2   -6   -0.000570    0.423842E-03   -0.259463E-04
1    1    0    2    6   -0.000570    0.423842E-03   -0.259463E-04
1    1    2    0    6   -0.000570    0.423842E-03   -0.259463E-04
1    1    2    2   -4   -0.000570    0.423842E-03   -0.259463E-04
1    1    2    6    0   -0.000570    0.423842E-03   -0.259463E-04
1    1    6    4    6   -0.000570    0.423842E-03   -0.259463E-04
1    1   -4   -6   -6   -0.000570    0.423842E-03   -0.259463E-04
1    1    4    6    6   -0.000570    0.423842E-03   -0.259463E-04
1    1   -6   -6   -5    0.010735   -0.371867E-03    0.387752E-04
1    1   -6   -3    0   -0.004643    0.494720E-03   -0.148837E-04
1    1   -6   -1    0    0.010735   -0.371867E-03    0.387752E-04
1    1   -6    0   -3   -0.004643    0.494720E-03   -0.148837E-04
1    1   -6    0   -1    0.010735   -0.371867E-03    0.387752E-04
1    1   -3   -3    3   -0.004643    0.494720E-03   -0.148837E-04
1    1   -3    3   -3   -0.004643    0.494720E-03   -0.148837E-04
1    1   -3    3    3   -0.004643    0.494720E-03   -0.148837E-04
1    1   -1    5   -1    0.010735   -0.371867E-03    0.387752E-04
1    1    0   -6   -3   -0.004643    0.494720E-03   -0.148837E-04
1    1    0   -6   -1    0.010735   -0.371867E-03    0.387752E-04
1    1    0    6    1    0.010735   -0.371867E-03    0.387752E-04
1    1    0    6    3   -0.004643    0.494720E-03   -0.148837E-04
1    1    1   -5    1    0.010735   -0.371867E-03    0.387752E-04
1    1    3   -3   -3   -0.004643    0.494720E-03   -0.148837E-04
1    1    3   -3    3   -0.004643    0.494720E-03   -0.148837E-04
1    1    3    3   -3   -0.004643    0.494720E-03   -0.148837E-04
1    1    6    0    1    0.010735   -0.371867E-03    0.387752E-04
1    1    6    0    3   -0.004643    0.494720E-03   -0.148837E-04
1    1    6    1    0    0.010735   -0.371867E-03    0.387752E-04
1    1    6    3    0   -0.004643    0.494720E-03   -0.148837E-04
1    1    6    6    5    0.010735   -0.371867E-03    0.387752E-04
1    1   -7   -4   -4    0.001128   -0.148963E-03    0.163745E-04
1    1   -7   -3   -3    0.001128   -0.148963E-03    0.163745E-04
1    1   -6   -6   -3   -0.004643    0.494720E-03   -0.148837E-04
1    1   -6   -5   -6    0.010735   -0.371867E-03    0.387752E-04
1    1   -4   -7   -4    0.001128   -0.148963E-03    0.163745E-04
1    1   -4   -4   -7    0.001128   -0.148963E-03    0.163745E-04
1    1   -4    0    3    0.001128   -0.148963E-03    0.163745E-04
1    1   -4    3    0    0.001128   -0.148963E-03    0.163745E-04
1    1   -3   -7   -3    0.001128   -0.148963E-03    0.163745E-04
1    1   -3   -3   -7    0.001128   -0.148963E-03    0.163745E-04
1    1   -3    0    4    0.001128   -0.148963E-03    0.163745E-04
1    1   -3    4    0    0.001128   -0.148963E-03    0.163745E-04
1    1   -1   -6    0    0.010735   -0.371867E-03    0.387752E-04
1    1   -1   -1    5    0.010735   -0.371867E-03    0.387752E-04
1    1   -1    0   -6    0.010735   -0.371867E-03    0.387752E-04
1    1    0   -4    3    0.001128   -0.148963E-03    0.163745E-04
1    1    0   -3    4    0.001128   -0.148963E-03    0.163745E-04
1    1    0   -1   -6    0.010735   -0.371867E-03    0.387752E-04
1    1    0    1    6    0.010735   -0.371867E-03    0.387752E-04
1    1    0    3   -4    0.001128   -0.148963E-03    0.163745E-04
1    1    0    4   -3    0.001128   -0.148963E-03    0.163745E-04
1    1    1    0    6    0.010735   -0.371867E-03    0.387752E-04
1    1    1    1   -5    0.010735   -0.371867E-03    0.387752E-04
1    1    1    6    0    0.010735   -0.371867E-03    0.387752E-04
1    1    3   -4    0    0.001128   -0.148963E-03    0.163745E-04
1    1    3    0   -4    0.001128   -0.148963E-03    0.163745E-04
1    1    3    3    7    0.001128   -0.148963E-03    0.163745E-04
1    1    3    7    3    0.001128   -0.148963E-03    0.163745E-04
1    1    4   -3    0    0.001128   -0.148963E-03    0.163745E-04
1    1    4    0   -3    0.001128   -0.148963E-03    0.163745E-04
1    1    4    4    7    0.001128   -0.148963E-03    0.163745E-04
1    1    4    7    4    0.001128   -0.148963E-03    0.163745E-04
1    1    6    5    6    0.010735   -0.371867E-03    0.387752E-04
1    1    6    6    3   -0.004643    0.494720E-03   -0.148837E-04
1    1    7    3    3    0.001128   -0.148963E-03    0.163745E-04
1    1    7    4    4    0.001128   -0.148963E-03    0.163745E-04
1    1   -6   -3   -6   -0.004643    0.494720E-03   -0.148837E-04
1    1   -5   -6   -6    0.010735   -0.371867E-03    0.387752E-04
1    1   -5    1    1    0.010735   -0.371867E-03    0.387752E-04
1    1   -3   -6   -6   -0.004643    0.494720E-03   -0.148837E-04
1    1   -3   -6    0   -0.004643    0.494720E-03   -0.148837E-04
1    1   -3    0   -6   -0.004643    0.494720E-03   -0.148837E-04
1    1    0   -3   -6   -0.004643    0.494720E-03   -0.148837E-04
1    1    0    3    6   -0.004643    0.494720E-03   -0.148837E-04
1    1    3    0    6   -0.004643    0.494720E-03   -0.148837E-04
1    1    3    6    0   -0.004643    0.494720E-03   -0.148837E-04
1    1    3    6    6   -0.004643    0.494720E-03   -0.148837E-04
1    1    5   -1   -1    0.010735   -0.371867E-03    0.387752E-04
1    1    5    6    6    0.010735   -0.371867E-03    0.387752E-04
1    1    6    3    6   -0.004643    0.494720E-03   -0.148837E-04
1    1   -7   -4   -3   -0.000018   -0.127844E-03   -0.532974E-05
1    1   -7   -3   -4   -0.000018   -0.127844E-03   -0.532974E-05
1    1   -4   -7   -3   -0.000018   -0.127844E-03   -0.532974E-05
1    1   -4   -3   -7   -0.000018   -0.127844E-03   -0.532974E-05
1    1   -4   -1    3   -0.000018   -0.127844E-03   -0.532974E-05
1    1   -4    3   -1   -0.000018   -0.127844E-03   -0.532974E-05
1    1   -3   -7   -4   -0.000018   -0.127844E-03   -0.532974E-05
1    1   -3   -4   -7   -0.000018   -0.127844E-03   -0.532974E-05
1    1   -3    1    4   -0.000018   -0.127844E-03   -0.532974E-05
1    1   -3    4    1   -0.000018   -0.127844E-03   -0.532974E-05
1    1   -1   -4    3   -0.000018   -0.127844E-03   -0.532974E-05
1    1   -1    3   -4   -0.000018   -0.127844E-03   -0.532974E-05
1    1    1   -3    4   -0.000018   -0.127844E-03   -0.532974E-05
1    1    1    4   -3   -0.000018   -0.127844E-03   -0.532974E-05
1    1    3   -4   -1   -0.000018   -0.127844E-03   -0.532974E-05
1    1    3   -1   -4   -0.000018   -0.127844E-03   -0.532974E-05
1    1    3    4    7   -0.000018   -0.127844E-03   -0.532974E-05
1    1    3    7    4   -0.000018   -0.127844E-03   -0.532974E-05
1    1    4   -3    1   -0.000018   -0.127844E-03   -0.532974E-05
1    1    4    1   -3   -0.000018   -0.127844E-03   -0.532974E-05
1    1    4    3    7   -0.000018   -0.127844E-03   -0.532974E-05
1    1    4    7    3   -0.000018   -0.127844E-03   -0.532974E-05
1    1    7    3    4   -0.000018   -0.127844E-03   -0.532974E-05
1    1    7    4    3   -0.000018   -0.127844E-03   -0.532974E-05
1    1   -5   -5    0   -0.003727    0.167277E-02    0.311888E-04
1    1   -5    0   -5   -0.003727    0.167277E-02    0.311888E-04
1    1    0   -5   -5   -0.003727    0.167277E-02    0.311888E-04
1    1    0    5    5   -0.003727    0.167277E-02    0.311888E-04
1    1    5    0    5   -0.003727    0.167277E-02    0.311888E-04
1    1    5    5    0   -0.003727    0.167277E-02    0.311888E-04
