===== J-site #1: j = (-7.0, -4.0, -4.0) =====

A_int Matrix (2Nx2N):
2.000000e+18	0.000000e+00	1.740350e-02	0.000000e+00	1.740350e-02	0.000000e+00	-8.325100e-03	0.000000e+00	-8.325100e-03	0.000000e+00	1.740350e-02	0.000000e+00
0.000000e+00	2.000000e+18	0.000000e+00	1.241030e-03	0.000000e+00	1.241030e-03	0.000000e+00	-1.382380e-03	0.000000e+00	-1.382380e-03	0.000000e+00	1.241030e-03
1.740350e-02	0.000000e+00	2.000000e+18	0.000000e+00	-8.325100e-03	0.000000e+00	9.266600e-03	0.000000e+00	-3.619660e-03	0.000000e+00	-8.325100e-03	0.000000e+00
0.000000e+00	1.241030e-03	0.000000e+00	2.000000e+18	0.000000e+00	-1.382380e-03	0.000000e+00	2.015100e-03	0.000000e+00	4.658640e-04	0.000000e+00	-1.382380e-03
1.740350e-02	0.000000e+00	-8.325100e-03	0.000000e+00	2.000000e+18	0.000000e+00	-3.619660e-03	0.000000e+00	9.266600e-03	0.000000e+00	-8.325100e-03	0.000000e+00
0.000000e+00	1.241030e-03	0.000000e+00	-1.382380e-03	0.000000e+00	2.000000e+18	0.000000e+00	4.658640e-04	0.000000e+00	2.015100e-03	0.000000e+00	-1.382380e-03
-8.325100e-03	0.000000e+00	9.266600e-03	0.000000e+00	-3.619660e-03	0.000000e+00	2.000000e+18	0.000000e+00	-8.325100e-03	0.000000e+00	1.740350e-02	0.000000e+00
0.000000e+00	-1.382380e-03	0.000000e+00	2.015100e-03	0.000000e+00	4.658640e-04	0.000000e+00	2.000000e+18	0.000000e+00	-1.382380e-03	0.000000e+00	1.241030e-03
-8.325100e-03	0.000000e+00	-3.619660e-03	0.000000e+00	9.266600e-03	0.000000e+00	-8.325100e-03	0.000000e+00	2.000000e+18	0.000000e+00	1.740350e-02	0.000000e+00
0.000000e+00	-1.382380e-03	0.000000e+00	4.658640e-04	0.000000e+00	2.015100e-03	0.000000e+00	-1.382380e-03	0.000000e+00	2.000000e+18	0.000000e+00	1.241030e-03
1.740350e-02	0.000000e+00	-8.325100e-03	0.000000e+00	-8.325100e-03	0.000000e+00	1.740350e-02	0.000000e+00	1.740350e-02	0.000000e+00	2.000000e+18	0.000000e+00
0.000000e+00	1.241030e-03	0.000000e+00	-1.382380e-03	0.000000e+00	-1.382380e-03	0.000000e+00	1.241030e-03	0.000000e+00	1.241030e-03	0.000000e+00	2.000000e+18


X_int Matrix (2Nx2):
-2.138630e-03	0.000000e+00
0.000000e+00	2.407010e-04
-6.206650e-04	0.000000e+00
0.000000e+00	4.693930e-04
-6.206650e-04	0.000000e+00
0.000000e+00	4.693930e-04
1.147340e-03	0.000000e+00
0.000000e+00	-1.741460e-04
1.147340e-03	0.000000e+00
0.000000e+00	-1.741460e-04
-1.809830e-03	0.000000e+00
0.000000e+00	2.329320e-04


K_int Solution (2Nx2):
1.069315e-21	-0.000000e+00
-0.000000e+00	-1.203505e-22
3.103325e-22	-0.000000e+00
-0.000000e+00	-2.346965e-22
3.103325e-22	-0.000000e+00
-0.000000e+00	-2.346965e-22
-5.736700e-22	-0.000000e+00
-0.000000e+00	8.707300e-23
-5.736700e-22	-0.000000e+00
-0.000000e+00	8.707300e-23
9.049150e-22	-0.000000e+00
-0.000000e+00	-1.164660e-22


===== J-site #2: j = (-7.0, -4.0, -3.0) =====

A_int Matrix (2Nx2N):
2.000000e+18	0.000000e+00	-3.619660e-03	0.000000e+00	-8.325100e-03	0.000000e+00	1.740350e-02	0.000000e+00	-4.277260e-03	0.000000e+00	-3.619660e-03	0.000000e+00	3.743520e-04	0.000000e+00	-8.325100e-03	0.000000e+00	-3.619660e-03	0.000000e+00	-8.325100e-03	0.000000e+00	-3.556620e-03	0.000000e+00	2.294680e-03	0.000000e+00	9.266600e-03	0.000000e+00	-2.930120e-04	0.000000e+00
0.000000e+00	2.000000e+18	0.000000e+00	4.658640e-04	0.000000e+00	-1.382380e-03	0.000000e+00	1.241030e-03	0.000000e+00	4.814020e-04	0.000000e+00	4.658640e-04	0.000000e+00	4.933440e-06	0.000000e+00	-1.382380e-03	0.000000e+00	4.658640e-04	0.000000e+00	-1.382380e-03	0.000000e+00	5.647180e-04	0.000000e+00	-3.482920e-04	0.000000e+00	2.015100e-03	0.000000e+00	-1.071970e-04
-3.619660e-03	0.000000e+00	2.000000e+18	0.000000e+00	1.740350e-02	0.000000e+00	-1.160348e-04	0.000000e+00	1.740350e-02	0.000000e+00	1.075550e-01	0.000000e+00	-3.619660e-03	0.000000e+00	-1.241330e-03	0.000000e+00	-8.325100e-03	0.000000e+00	9.266600e-03	0.000000e+00	-8.325100e-03	0.000000e+00	1.740350e-02	0.000000e+00	1.075550e-01	0.000000e+00	9.266600e-03	0.000000e+00
0.000000e+00	4.658640e-04	0.000000e+00	2.000000e+18	0.000000e+00	1.241030e-03	0.000000e+00	5.326040e-03	0.000000e+00	1.241030e-03	0.000000e+00	2.980320e-02	0.000000e+00	4.658640e-04	0.000000e+00	9.387860e-04	0.000000e+00	-1.382380e-03	0.000000e+00	2.015100e-03	0.000000e+00	-1.382380e-03	0.000000e+00	1.241030e-03	0.000000e+00	2.980320e-02	0.000000e+00	2.015100e-03
-8.325100e-03	0.000000e+00	1.740350e-02	0.000000e+00	2.000000e+18	0.000000e+00	1.740350e-02	0.000000e+00	-8.325100e-03	0.000000e+00	1.740350e-02	0.000000e+00	-4.277260e-03	0.000000e+00	2.294680e-03	0.000000e+00	9.266600e-03	0.000000e+00	-8.325100e-03	0.000000e+00	-3.619660e-03	0.000000e+00	-8.325100e-03	0.000000e+00	1.740350e-02	0.000000e+00	2.294680e-03	0.000000e+00
0.000000e+00	-1.382380e-03	0.000000e+00	1.241030e-03	0.000000e+00	2.000000e+18	0.000000e+00	1.241030e-03	0.000000e+00	-1.382380e-03	0.000000e+00	1.241030e-03	0.000000e+00	4.814020e-04	0.000000e+00	-3.482920e-04	0.000000e+00	2.015100e-03	0.000000e+00	-1.382380e-03	0.000000e+00	4.658640e-04	0.000000e+00	-1.382380e-03	0.000000e+00	1.241030e-03	0.000000e+00	-3.482920e-04
1.740350e-02	0.000000e+00	-1.160348e-04	0.000000e+00	1.740350e-02	0.000000e+00	2.000000e+18	0.000000e+00	-3.619660e-03	0.000000e+00	-8.325100e-03	0.000000e+00	-1.869714e-03	0.000000e+00	-3.619660e-03	0.000000e+00	1.605066e-03	0.000000e+00	9.266600e-03	0.000000e+00	1.161916e-03	0.000000e+00	-3.619660e-03	0.000000e+00	-8.325100e-03	0.000000e+00	-3.556620e-03	0.000000e+00
0.000000e+00	1.241030e-03	0.000000e+00	5.326040e-03	0.000000e+00	1.241030e-03	0.000000e+00	2.000000e+18	0.000000e+00	4.658640e-04	0.000000e+00	-1.382380e-03	0.000000e+00	-2.191760e-05	0.000000e+00	4.658640e-04	0.000000e+00	2.895260e-05	0.000000e+00	2.015100e-03	0.000000e+00	-4.186660e-04	0.000000e+00	4.658640e-04	0.000000e+00	-1.382380e-03	0.000000e+00	5.647180e-04
-4.277260e-03	0.000000e+00	1.740350e-02	0.000000e+00	-8.325100e-03	0.000000e+00	-3.619660e-03	0.000000e+00	2.000000e+18	0.000000e+00	1.740350e-02	0.000000e+00	-8.325100e-03	0.000000e+00	-2.930120e-04	0.000000e+00	-3.619660e-03	0.000000e+00	2.294680e-03	0.000000e+00	9.266600e-03	0.000000e+00	-8.325100e-03	0.000000e+00	9.266600e-03	0.000000e+00	-8.325100e-03	0.000000e+00
0.000000e+00	4.814020e-04	0.000000e+00	1.241030e-03	0.000000e+00	-1.382380e-03	0.000000e+00	4.658640e-04	0.000000e+00	2.000000e+18	0.000000e+00	1.241030e-03	0.000000e+00	-1.382380e-03	0.000000e+00	-1.071970e-04	0.000000e+00	4.658640e-04	0.000000e+00	-3.482920e-04	0.000000e+00	2.015100e-03	0.000000e+00	-1.382380e-03	0.000000e+00	2.015100e-03	0.000000e+00	-1.382380e-03
-3.619660e-03	0.000000e+00	1.075550e-01	0.000000e+00	1.740350e-02	0.000000e+00	-8.325100e-03	0.000000e+00	1.740350e-02	0.000000e+00	2.000000e+18	0.000000e+00	-3.619660e-03	0.000000e+00	-3.556620e-03	0.000000e+00	1.605066e-03	0.000000e+00	-3.619660e-03	0.000000e+00	1.605066e-03	0.000000e+00	9.266600e-03	0.000000e+00	-8.325100e-03	0.000000e+00	-3.619660e-03	0.000000e+00
0.000000e+00	4.658640e-04	0.000000e+00	2.980320e-02	0.000000e+00	1.241030e-03	0.000000e+00	-1.382380e-03	0.000000e+00	1.241030e-03	0.000000e+00	2.000000e+18	0.000000e+00	4.658640e-04	0.000000e+00	5.647180e-04	0.000000e+00	2.895260e-05	0.000000e+00	4.658640e-04	0.000000e+00	2.895260e-05	0.000000e+00	2.015100e-03	0.000000e+00	-1.382380e-03	0.000000e+00	4.658640e-04
3.743520e-04	0.000000e+00	-3.619660e-03	0.000000e+00	-4.277260e-03	0.000000e+00	-1.869714e-03	0.000000e+00	-8.325100e-03	0.000000e+00	-3.619660e-03	0.000000e+00	2.000000e+18	0.000000e+00	1.508586e-02	0.000000e+00	-3.556620e-03	0.000000e+00	-2.930120e-04	0.000000e+00	-3.619660e-03	0.000000e+00	2.294680e-03	0.000000e+00	-1.241330e-03	0.000000e+00	-8.325100e-03	0.000000e+00
0.000000e+00	4.933440e-06	0.000000e+00	4.658640e-04	0.000000e+00	4.814020e-04	0.000000e+00	-2.191760e-05	0.000000e+00	-1.382380e-03	0.000000e+00	4.658640e-04	0.000000e+00	2.000000e+18	0.000000e+00	1.508586e-02	0.000000e+00	5.647180e-04	0.000000e+00	-1.071970e-04	0.000000e+00	4.658640e-04	0.000000e+00	-3.482920e-04	0.000000e+00	9.387860e-04	0.000000e+00	-1.382380e-03
-8.325100e-03	0.000000e+00	-1.241330e-03	0.000000e+00	2.294680e-03	0.000000e+00	-3.619660e-03	0.000000e+00	-2.930120e-04	0.000000e+00	-3.556620e-03	0.000000e+00	1.508586e-02	0.000000e+00	2.000000e+18	0.000000e+00	-3.619660e-03	0.000000e+00	-8.325100e-03	0.000000e+00	-1.869714e-03	0.000000e+00	-4.277260e-03	0.000000e+00	-3.619660e-03	0.000000e+00	3.743520e-04	0.000000e+00
0.000000e+00	-1.382380e-03	0.000000e+00	9.387860e-04	0.000000e+00	-3.482920e-04	0.000000e+00	4.658640e-04	0.000000e+00	-1.071970e-04	0.000000e+00	5.647180e-04	0.000000e+00	1.508586e-02	0.000000e+00	2.000000e+18	0.000000e+00	4.658640e-04	0.000000e+00	-1.382380e-03	0.000000e+00	-2.191760e-05	0.000000e+00	4.814020e-04	0.000000e+00	4.658640e-04	0.000000e+00	4.933440e-06
-3.619660e-03	0.000000e+00	-8.325100e-03	0.000000e+00	9.266600e-03	0.000000e+00	1.605066e-03	0.000000e+00	-3.619660e-03	0.000000e+00	1.605066e-03	0.000000e+00	-3.556620e-03	0.000000e+00	-3.619660e-03	0.000000e+00	2.000000e+18	0.000000e+00	1.740350e-02	0.000000e+00	-8.325100e-03	0.000000e+00	1.740350e-02	0.000000e+00	1.075550e-01	0.000000e+00	-3.619660e-03	0.000000e+00
0.000000e+00	4.658640e-04	0.000000e+00	-1.382380e-03	0.000000e+00	2.015100e-03	0.000000e+00	2.895260e-05	0.000000e+00	4.658640e-04	0.000000e+00	2.895260e-05	0.000000e+00	5.647180e-04	0.000000e+00	4.658640e-04	0.000000e+00	2.000000e+18	0.000000e+00	1.241030e-03	0.000000e+00	-1.382380e-03	0.000000e+00	1.241030e-03	0.000000e+00	2.980320e-02	0.000000e+00	4.658640e-04
-8.325100e-03	0.000000e+00	9.266600e-03	0.000000e+00	-8.325100e-03	0.000000e+00	9.266600e-03	0.000000e+00	2.294680e-03	0.000000e+00	-3.619660e-03	0.000000e+00	-2.930120e-04	0.000000e+00	-8.325100e-03	0.000000e+00	1.740350e-02	0.000000e+00	2.000000e+18	0.000000e+00	-3.619660e-03	0.000000e+00	-8.325100e-03	0.000000e+00	1.740350e-02	0.000000e+00	-4.277260e-03	0.000000e+00
0.000000e+00	-1.382380e-03	0.000000e+00	2.015100e-03	0.000000e+00	-1.382380e-03	0.000000e+00	2.015100e-03	0.000000e+00	-3.482920e-04	0.000000e+00	4.658640e-04	0.000000e+00	-1.071970e-04	0.000000e+00	-1.382380e-03	0.000000e+00	1.241030e-03	0.000000e+00	2.000000e+18	0.000000e+00	4.658640e-04	0.000000e+00	-1.382380e-03	0.000000e+00	1.241030e-03	0.000000e+00	4.814020e-04
-3.556620e-03	0.000000e+00	-8.325100e-03	0.000000e+00	-3.619660e-03	0.000000e+00	1.161916e-03	0.000000e+00	9.266600e-03	0.000000e+00	1.605066e-03	0.000000e+00	-3.619660e-03	0.000000e+00	-1.869714e-03	0.000000e+00	-8.325100e-03	0.000000e+00	-3.619660e-03	0.000000e+00	2.000000e+18	0.000000e+00	1.740350e-02	0.000000e+00	-1.160348e-04	0.000000e+00	1.740350e-02	0.000000e+00
0.000000e+00	5.647180e-04	0.000000e+00	-1.382380e-03	0.000000e+00	4.658640e-04	0.000000e+00	-4.186660e-04	0.000000e+00	2.015100e-03	0.000000e+00	2.895260e-05	0.000000e+00	4.658640e-04	0.000000e+00	-2.191760e-05	0.000000e+00	-1.382380e-03	0.000000e+00	4.658640e-04	0.000000e+00	2.000000e+18	0.000000e+00	1.241030e-03	0.000000e+00	5.326040e-03	0.000000e+00	1.241030e-03
2.294680e-03	0.000000e+00	1.740350e-02	0.000000e+00	-8.325100e-03	0.000000e+00	-3.619660e-03	0.000000e+00	-8.325100e-03	0.000000e+00	9.266600e-03	0.000000e+00	2.294680e-03	0.000000e+00	-4.277260e-03	0.000000e+00	1.740350e-02	0.000000e+00	-8.325100e-03	0.000000e+00	1.740350e-02	0.000000e+00	2.000000e+18	0.000000e+00	1.740350e-02	0.000000e+00	-8.325100e-03	0.000000e+00
0.000000e+00	-3.482920e-04	0.000000e+00	1.241030e-03	0.000000e+00	-1.382380e-03	0.000000e+00	4.658640e-04	0.000000e+00	-1.382380e-03	0.000000e+00	2.015100e-03	0.000000e+00	-3.482920e-04	0.000000e+00	4.814020e-04	0.000000e+00	1.241030e-03	0.000000e+00	-1.382380e-03	0.000000e+00	1.241030e-03	0.000000e+00	2.000000e+18	0.000000e+00	1.241030e-03	0.000000e+00	-1.382380e-03
9.266600e-03	0.000000e+00	1.075550e-01	0.000000e+00	1.740350e-02	0.000000e+00	-8.325100e-03	0.000000e+00	9.266600e-03	0.000000e+00	-8.325100e-03	0.000000e+00	-1.241330e-03	0.000000e+00	-3.619660e-03	0.000000e+00	1.075550e-01	0.000000e+00	1.740350e-02	0.000000e+00	-1.160348e-04	0.000000e+00	1.740350e-02	0.000000e+00	2.000000e+18	0.000000e+00	-3.619660e-03	0.000000e+00
0.000000e+00	2.015100e-03	0.000000e+00	2.980320e-02	0.000000e+00	1.241030e-03	0.000000e+00	-1.382380e-03	0.000000e+00	2.015100e-03	0.000000e+00	-1.382380e-03	0.000000e+00	9.387860e-04	0.000000e+00	4.658640e-04	0.000000e+00	2.980320e-02	0.000000e+00	1.241030e-03	0.000000e+00	5.326040e-03	0.000000e+00	1.241030e-03	0.000000e+00	2.000000e+18	0.000000e+00	4.658640e-04
-2.930120e-04	0.000000e+00	9.266600e-03	0.000000e+00	2.294680e-03	0.000000e+00	-3.556620e-03	0.000000e+00	-8.325100e-03	0.000000e+00	-3.619660e-03	0.000000e+00	-8.325100e-03	0.000000e+00	3.743520e-04	0.000000e+00	-3.619660e-03	0.000000e+00	-4.277260e-03	0.000000e+00	1.740350e-02	0.000000e+00	-8.325100e-03	0.000000e+00	-3.619660e-03	0.000000e+00	2.000000e+18	0.000000e+00
0.000000e+00	-1.071970e-04	0.000000e+00	2.015100e-03	0.000000e+00	-3.482920e-04	0.000000e+00	5.647180e-04	0.000000e+00	-1.382380e-03	0.000000e+00	4.658640e-04	0.000000e+00	-1.382380e-03	0.000000e+00	4.933440e-06	0.000000e+00	4.658640e-04	0.000000e+00	4.814020e-04	0.000000e+00	1.241030e-03	0.000000e+00	-1.382380e-03	0.000000e+00	4.658640e-04	0.000000e+00	2.000000e+18


X_int Matrix (2Nx2):
-7.445080e-04	0.000000e+00
0.000000e+00	-4.736190e-05
-2.138630e-03	0.000000e+00
0.000000e+00	2.407010e-04
-6.206650e-04	0.000000e+00
0.000000e+00	4.693930e-04
-1.070320e-04	0.000000e+00
0.000000e+00	1.442910e-05
-6.206650e-04	0.000000e+00
0.000000e+00	4.693930e-04
5.809580e-04	0.000000e+00
0.000000e+00	-2.093330e-04
-7.445080e-04	0.000000e+00
0.000000e+00	-4.736190e-05
-7.445080e-04	0.000000e+00
0.000000e+00	-4.736190e-05
1.147340e-03	0.000000e+00
0.000000e+00	-1.741460e-04
-7.680650e-04	0.000000e+00
0.000000e+00	3.990260e-04
1.147340e-03	0.000000e+00
0.000000e+00	-1.741460e-04
-1.809830e-03	0.000000e+00
0.000000e+00	2.329320e-04
8.025330e-04	0.000000e+00
0.000000e+00	1.447630e-05
-7.680650e-04	0.000000e+00
0.000000e+00	3.990260e-04


K_int Solution (2Nx2):
3.722540e-22	-0.000000e+00
-0.000000e+00	2.368095e-23
1.069315e-21	-0.000000e+00
-0.000000e+00	-1.203505e-22
3.103325e-22	-0.000000e+00
-0.000000e+00	-2.346965e-22
5.351600e-23	-0.000000e+00
-0.000000e+00	-7.214550e-24
3.103325e-22	-0.000000e+00
-0.000000e+00	-2.346965e-22
-2.904790e-22	-0.000000e+00
-0.000000e+00	1.046665e-22
3.722540e-22	-0.000000e+00
-0.000000e+00	2.368095e-23
3.722540e-22	-0.000000e+00
-0.000000e+00	2.368095e-23
-5.736700e-22	-0.000000e+00
-0.000000e+00	8.707300e-23
3.840325e-22	-0.000000e+00
-0.000000e+00	-1.995130e-22
-5.736700e-22	-0.000000e+00
-0.000000e+00	8.707300e-23
9.049150e-22	-0.000000e+00
-0.000000e+00	-1.164660e-22
-4.012665e-22	-0.000000e+00
-0.000000e+00	-7.238150e-24
3.840325e-22	-0.000000e+00
-0.000000e+00	-1.995130e-22


===== J-site #3: j = (-7.0, -3.0, -4.0) =====

A_int Matrix (2Nx2N):
2.000000e+18	0.000000e+00	-3.619660e-03	0.000000e+00	-8.325100e-03	0.000000e+00	-4.277260e-03	0.000000e+00	-3.619660e-03	0.000000e+00	3.743520e-04	0.000000e+00	-1.869714e-03	0.000000e+00	-3.619660e-03	0.000000e+00	-8.325100e-03	0.000000e+00	-3.556620e-03	0.000000e+00	2.294680e-03	0.000000e+00	-2.930120e-04	0.000000e+00	-1.241330e-03	0.000000e+00	1.508586e-02	0.000000e+00
0.000000e+00	2.000000e+18	0.000000e+00	4.658640e-04	0.000000e+00	-1.382380e-03	0.000000e+00	4.814020e-04	0.000000e+00	4.658640e-04	0.000000e+00	4.933440e-06	0.000000e+00	-2.191760e-05	0.000000e+00	4.658640e-04	0.000000e+00	-1.382380e-03	0.000000e+00	5.647180e-04	0.000000e+00	-3.482920e-04	0.000000e+00	-1.071970e-04	0.000000e+00	9.387860e-04	0.000000e+00	1.508586e-02
-3.619660e-03	0.000000e+00	2.000000e+18	0.000000e+00	1.740350e-02	0.000000e+00	1.740350e-02	0.000000e+00	1.075550e-01	0.000000e+00	-3.619660e-03	0.000000e+00	-1.160348e-04	0.000000e+00	-8.325100e-03	0.000000e+00	9.266600e-03	0.000000e+00	-8.325100e-03	0.000000e+00	1.740350e-02	0.000000e+00	9.266600e-03	0.000000e+00	1.075550e-01	0.000000e+00	-1.241330e-03	0.000000e+00
0.000000e+00	4.658640e-04	0.000000e+00	2.000000e+18	0.000000e+00	1.241030e-03	0.000000e+00	1.241030e-03	0.000000e+00	2.980320e-02	0.000000e+00	4.658640e-04	0.000000e+00	5.326040e-03	0.000000e+00	-1.382380e-03	0.000000e+00	2.015100e-03	0.000000e+00	-1.382380e-03	0.000000e+00	1.241030e-03	0.000000e+00	2.015100e-03	0.000000e+00	2.980320e-02	0.000000e+00	9.387860e-04
-8.325100e-03	0.000000e+00	1.740350e-02	0.000000e+00	2.000000e+18	0.000000e+00	-8.325100e-03	0.000000e+00	1.740350e-02	0.000000e+00	-4.277260e-03	0.000000e+00	-3.619660e-03	0.000000e+00	9.266600e-03	0.000000e+00	-8.325100e-03	0.000000e+00	-3.619660e-03	0.000000e+00	-8.325100e-03	0.000000e+00	2.294680e-03	0.000000e+00	9.266600e-03	0.000000e+00	-2.930120e-04	0.000000e+00
0.000000e+00	-1.382380e-03	0.000000e+00	1.241030e-03	0.000000e+00	2.000000e+18	0.000000e+00	-1.382380e-03	0.000000e+00	1.241030e-03	0.000000e+00	4.814020e-04	0.000000e+00	4.658640e-04	0.000000e+00	2.015100e-03	0.000000e+00	-1.382380e-03	0.000000e+00	4.658640e-04	0.000000e+00	-1.382380e-03	0.000000e+00	-3.482920e-04	0.000000e+00	2.015100e-03	0.000000e+00	-1.071970e-04
-4.277260e-03	0.000000e+00	1.740350e-02	0.000000e+00	-8.325100e-03	0.000000e+00	2.000000e+18	0.000000e+00	1.740350e-02	0.000000e+00	-8.325100e-03	0.000000e+00	1.740350e-02	0.000000e+00	-3.619660e-03	0.000000e+00	2.294680e-03	0.000000e+00	9.266600e-03	0.000000e+00	-8.325100e-03	0.000000e+00	-8.325100e-03	0.000000e+00	1.740350e-02	0.000000e+00	2.294680e-03	0.000000e+00
0.000000e+00	4.814020e-04	0.000000e+00	1.241030e-03	0.000000e+00	-1.382380e-03	0.000000e+00	2.000000e+18	0.000000e+00	1.241030e-03	0.000000e+00	-1.382380e-03	0.000000e+00	1.241030e-03	0.000000e+00	4.658640e-04	0.000000e+00	-3.482920e-04	0.000000e+00	2.015100e-03	0.000000e+00	-1.382380e-03	0.000000e+00	-1.382380e-03	0.000000e+00	1.241030e-03	0.000000e+00	-3.482920e-04
-3.619660e-03	0.000000e+00	1.075550e-01	0.000000e+00	1.740350e-02	0.000000e+00	1.740350e-02	0.000000e+00	2.000000e+18	0.000000e+00	-3.619660e-03	0.000000e+00	-8.325100e-03	0.000000e+00	1.605066e-03	0.000000e+00	-3.619660e-03	0.000000e+00	1.605066e-03	0.000000e+00	9.266600e-03	0.000000e+00	-3.619660e-03	0.000000e+00	-8.325100e-03	0.000000e+00	-3.556620e-03	0.000000e+00
0.000000e+00	4.658640e-04	0.000000e+00	2.980320e-02	0.000000e+00	1.241030e-03	0.000000e+00	1.241030e-03	0.000000e+00	2.000000e+18	0.000000e+00	4.658640e-04	0.000000e+00	-1.382380e-03	0.000000e+00	2.895260e-05	0.000000e+00	4.658640e-04	0.000000e+00	2.895260e-05	0.000000e+00	2.015100e-03	0.000000e+00	4.658640e-04	0.000000e+00	-1.382380e-03	0.000000e+00	5.647180e-04
3.743520e-04	0.000000e+00	-3.619660e-03	0.000000e+00	-4.277260e-03	0.000000e+00	-8.325100e-03	0.000000e+00	-3.619660e-03	0.000000e+00	2.000000e+18	0.000000e+00	1.740350e-02	0.000000e+00	-3.556620e-03	0.000000e+00	-2.930120e-04	0.000000e+00	-3.619660e-03	0.000000e+00	2.294680e-03	0.000000e+00	-8.325100e-03	0.000000e+00	9.266600e-03	0.000000e+00	-8.325100e-03	0.000000e+00
0.000000e+00	4.933440e-06	0.000000e+00	4.658640e-04	0.000000e+00	4.814020e-04	0.000000e+00	-1.382380e-03	0.000000e+00	4.658640e-04	0.000000e+00	2.000000e+18	0.000000e+00	1.241030e-03	0.000000e+00	5.647180e-04	0.000000e+00	-1.071970e-04	0.000000e+00	4.658640e-04	0.000000e+00	-3.482920e-04	0.000000e+00	-1.382380e-03	0.000000e+00	2.015100e-03	0.000000e+00	-1.382380e-03
-1.869714e-03	0.000000e+00	-1.160348e-04	0.000000e+00	-3.619660e-03	0.000000e+00	1.740350e-02	0.000000e+00	-8.325100e-03	0.000000e+00	1.740350e-02	0.000000e+00	2.000000e+18	0.000000e+00	1.161916e-03	0.000000e+00	-3.556620e-03	0.000000e+00	1.605066e-03	0.000000e+00	-3.619660e-03	0.000000e+00	9.266600e-03	0.000000e+00	-8.325100e-03	0.000000e+00	-3.619660e-03	0.000000e+00
0.000000e+00	-2.191760e-05	0.000000e+00	5.326040e-03	0.000000e+00	4.658640e-04	0.000000e+00	1.241030e-03	0.000000e+00	-1.382380e-03	0.000000e+00	1.241030e-03	0.000000e+00	2.000000e+18	0.000000e+00	-4.186660e-04	0.000000e+00	5.647180e-04	0.000000e+00	2.895260e-05	0.000000e+00	4.658640e-04	0.000000e+00	2.015100e-03	0.000000e+00	-1.382380e-03	0.000000e+00	4.658640e-04
-3.619660e-03	0.000000e+00	-8.325100e-03	0.000000e+00	9.266600e-03	0.000000e+00	-3.619660e-03	0.000000e+00	1.605066e-03	0.000000e+00	-3.556620e-03	0.000000e+00	1.161916e-03	0.000000e+00	2.000000e+18	0.000000e+00	1.740350e-02	0.000000e+00	-8.325100e-03	0.000000e+00	1.740350e-02	0.000000e+00	-3.619660e-03	0.000000e+00	-1.160348e-04	0.000000e+00	-1.869714e-03	0.000000e+00
0.000000e+00	4.658640e-04	0.000000e+00	-1.382380e-03	0.000000e+00	2.015100e-03	0.000000e+00	4.658640e-04	0.000000e+00	2.895260e-05	0.000000e+00	5.647180e-04	0.000000e+00	-4.186660e-04	0.000000e+00	2.000000e+18	0.000000e+00	1.241030e-03	0.000000e+00	-1.382380e-03	0.000000e+00	1.241030e-03	0.000000e+00	4.658640e-04	0.000000e+00	5.326040e-03	0.000000e+00	-2.191760e-05
-8.325100e-03	0.000000e+00	9.266600e-03	0.000000e+00	-8.325100e-03	0.000000e+00	2.294680e-03	0.000000e+00	-3.619660e-03	0.000000e+00	-2.930120e-04	0.000000e+00	-3.556620e-03	0.000000e+00	1.740350e-02	0.000000e+00	2.000000e+18	0.000000e+00	-3.619660e-03	0.000000e+00	-8.325100e-03	0.000000e+00	-4.277260e-03	0.000000e+00	-3.619660e-03	0.000000e+00	3.743520e-04	0.000000e+00
0.000000e+00	-1.382380e-03	0.000000e+00	2.015100e-03	0.000000e+00	-1.382380e-03	0.000000e+00	-3.482920e-04	0.000000e+00	4.658640e-04	0.000000e+00	-1.071970e-04	0.000000e+00	5.647180e-04	0.000000e+00	1.241030e-03	0.000000e+00	2.000000e+18	0.000000e+00	4.658640e-04	0.000000e+00	-1.382380e-03	0.000000e+00	4.814020e-04	0.000000e+00	4.658640e-04	0.000000e+00	4.933440e-06
-3.556620e-03	0.000000e+00	-8.325100e-03	0.000000e+00	-3.619660e-03	0.000000e+00	9.266600e-03	0.000000e+00	1.605066e-03	0.000000e+00	-3.619660e-03	0.000000e+00	1.605066e-03	0.000000e+00	-8.325100e-03	0.000000e+00	-3.619660e-03	0.000000e+00	2.000000e+18	0.000000e+00	1.740350e-02	0.000000e+00	1.740350e-02	0.000000e+00	1.075550e-01	0.000000e+00	-3.619660e-03	0.000000e+00
0.000000e+00	5.647180e-04	0.000000e+00	-1.382380e-03	0.000000e+00	4.658640e-04	0.000000e+00	2.015100e-03	0.000000e+00	2.895260e-05	0.000000e+00	4.658640e-04	0.000000e+00	2.895260e-05	0.000000e+00	-1.382380e-03	0.000000e+00	4.658640e-04	0.000000e+00	2.000000e+18	0.000000e+00	1.241030e-03	0.000000e+00	1.241030e-03	0.000000e+00	2.980320e-02	0.000000e+00	4.658640e-04
2.294680e-03	0.000000e+00	1.740350e-02	0.000000e+00	-8.325100e-03	0.000000e+00	-8.325100e-03	0.000000e+00	9.266600e-03	0.000000e+00	2.294680e-03	0.000000e+00	-3.619660e-03	0.000000e+00	1.740350e-02	0.000000e+00	-8.325100e-03	0.000000e+00	1.740350e-02	0.000000e+00	2.000000e+18	0.000000e+00	-8.325100e-03	0.000000e+00	1.740350e-02	0.000000e+00	-4.277260e-03	0.000000e+00
0.000000e+00	-3.482920e-04	0.000000e+00	1.241030e-03	0.000000e+00	-1.382380e-03	0.000000e+00	-1.382380e-03	0.000000e+00	2.015100e-03	0.000000e+00	-3.482920e-04	0.000000e+00	4.658640e-04	0.000000e+00	1.241030e-03	0.000000e+00	-1.382380e-03	0.000000e+00	1.241030e-03	0.000000e+00	2.000000e+18	0.000000e+00	-1.382380e-03	0.000000e+00	1.241030e-03	0.000000e+00	4.814020e-04
-2.930120e-04	0.000000e+00	9.266600e-03	0.000000e+00	2.294680e-03	0.000000e+00	-8.325100e-03	0.000000e+00	-3.619660e-03	0.000000e+00	-8.325100e-03	0.000000e+00	9.266600e-03	0.000000e+00	-3.619660e-03	0.000000e+00	-4.277260e-03	0.000000e+00	1.740350e-02	0.000000e+00	-8.325100e-03	0.000000e+00	2.000000e+18	0.000000e+00	1.740350e-02	0.000000e+00	-8.325100e-03	0.000000e+00
0.000000e+00	-1.071970e-04	0.000000e+00	2.015100e-03	0.000000e+00	-3.482920e-04	0.000000e+00	-1.382380e-03	0.000000e+00	4.658640e-04	0.000000e+00	-1.382380e-03	0.000000e+00	2.015100e-03	0.000000e+00	4.658640e-04	0.000000e+00	4.814020e-04	0.000000e+00	1.241030e-03	0.000000e+00	-1.382380e-03	0.000000e+00	2.000000e+18	0.000000e+00	1.241030e-03	0.000000e+00	-1.382380e-03
-1.241330e-03	0.000000e+00	1.075550e-01	0.000000e+00	9.266600e-03	0.000000e+00	1.740350e-02	0.000000e+00	-8.325100e-03	0.000000e+00	9.266600e-03	0.000000e+00	-8.325100e-03	0.000000e+00	-1.160348e-04	0.000000e+00	-3.619660e-03	0.000000e+00	1.075550e-01	0.000000e+00	1.740350e-02	0.000000e+00	1.740350e-02	0.000000e+00	2.000000e+18	0.000000e+00	-3.619660e-03	0.000000e+00
0.000000e+00	9.387860e-04	0.000000e+00	2.980320e-02	0.000000e+00	2.015100e-03	0.000000e+00	1.241030e-03	0.000000e+00	-1.382380e-03	0.000000e+00	2.015100e-03	0.000000e+00	-1.382380e-03	0.000000e+00	5.326040e-03	0.000000e+00	4.658640e-04	0.000000e+00	2.980320e-02	0.000000e+00	1.241030e-03	0.000000e+00	1.241030e-03	0.000000e+00	2.000000e+18	0.000000e+00	4.658640e-04
1.508586e-02	0.000000e+00	-1.241330e-03	0.000000e+00	-2.930120e-04	0.000000e+00	2.294680e-03	0.000000e+00	-3.556620e-03	0.000000e+00	-8.325100e-03	0.000000e+00	-3.619660e-03	0.000000e+00	-1.869714e-03	0.000000e+00	3.743520e-04	0.000000e+00	-3.619660e-03	0.000000e+00	-4.277260e-03	0.000000e+00	-8.325100e-03	0.000000e+00	-3.619660e-03	0.000000e+00	2.000000e+18	0.000000e+00
0.000000e+00	1.508586e-02	0.000000e+00	9.387860e-04	0.000000e+00	-1.071970e-04	0.000000e+00	-3.482920e-04	0.000000e+00	5.647180e-04	0.000000e+00	-1.382380e-03	0.000000e+00	4.658640e-04	0.000000e+00	-2.191760e-05	0.000000e+00	4.933440e-06	0.000000e+00	4.658640e-04	0.000000e+00	4.814020e-04	0.000000e+00	-1.382380e-03	0.000000e+00	4.658640e-04	0.000000e+00	2.000000e+18


X_int Matrix (2Nx2):
-7.445080e-04	0.000000e+00
0.000000e+00	-4.736190e-05
-2.138630e-03	0.000000e+00
0.000000e+00	2.407010e-04
-6.206650e-04	0.000000e+00
0.000000e+00	4.693930e-04
-6.206650e-04	0.000000e+00
0.000000e+00	4.693930e-04
5.809580e-04	0.000000e+00
0.000000e+00	-2.093330e-04
-7.445080e-04	0.000000e+00
0.000000e+00	-4.736190e-05
-1.070320e-04	0.000000e+00
0.000000e+00	1.442910e-05
1.147340e-03	0.000000e+00
0.000000e+00	-1.741460e-04
-7.680650e-04	0.000000e+00
0.000000e+00	3.990260e-04
1.147340e-03	0.000000e+00
0.000000e+00	-1.741460e-04
-1.809830e-03	0.000000e+00
0.000000e+00	2.329320e-04
-7.680650e-04	0.000000e+00
0.000000e+00	3.990260e-04
8.025330e-04	0.000000e+00
0.000000e+00	1.447630e-05
-7.445080e-04	0.000000e+00
0.000000e+00	-4.736190e-05


K_int Solution (2Nx2):
3.722540e-22	-0.000000e+00
-0.000000e+00	2.368095e-23
1.069315e-21	-0.000000e+00
-0.000000e+00	-1.203505e-22
3.103325e-22	-0.000000e+00
-0.000000e+00	-2.346965e-22
3.103325e-22	-0.000000e+00
-0.000000e+00	-2.346965e-22
-2.904790e-22	-0.000000e+00
-0.000000e+00	1.046665e-22
3.722540e-22	-0.000000e+00
-0.000000e+00	2.368095e-23
5.351600e-23	-0.000000e+00
-0.000000e+00	-7.214550e-24
-5.736700e-22	-0.000000e+00
-0.000000e+00	8.707300e-23
3.840325e-22	-0.000000e+00
-0.000000e+00	-1.995130e-22
-5.736700e-22	-0.000000e+00
-0.000000e+00	8.707300e-23
9.049150e-22	-0.000000e+00
-0.000000e+00	-1.164660e-22
3.840325e-22	-0.000000e+00
-0.000000e+00	-1.995130e-22
-4.012665e-22	-0.000000e+00
-0.000000e+00	-7.238150e-24
3.722540e-22	-0.000000e+00
-0.000000e+00	2.368095e-23


