i   j      dx   dy   dz        Jij               χ⁰↑               χ⁰↓            Xzz
1   1      -1   -1   -1   0.803823      8.701750E-03      6.205150E-04   1.626326E-02
1   1      -1    0    0   0.803823      8.701750E-03      6.205150E-04   1.651596E-02
1   1       0   -1    0   0.803823      8.701750E-03      6.205150E-04   1.651596E-02
1   1       0    0   -1   0.803823      8.701750E-03      6.205150E-04   1.651596E-02
1   1       0    0    1   0.803823      8.701750E-03      6.205150E-04   1.651596E-02
1   1       0    1    0   0.803823      8.701750E-03      6.205150E-04   1.651596E-02
1   1       1    0    0   0.803823      8.701750E-03      6.205150E-04   1.651596E-02
1   1       1    1    1   0.803823      8.701750E-03      6.205150E-04   1.626326E-02
1   1      -1   -1    0   0.575587      5.377750E-02      1.490160E-02   2.939850E-02
1   1      -1    0   -1   0.575587      5.377750E-02      1.490160E-02   2.939850E-02
1   1       0   -1   -1   0.575587      5.377750E-02      1.490160E-02   2.939850E-02
1   1       0    1    1   0.575587      5.377750E-02      1.490160E-02   2.939850E-02
1   1       1    0    1   0.575587      5.377750E-02      1.490160E-02   2.939850E-02
1   1       1    1    0   0.575587      5.377750E-02      1.490160E-02   2.939850E-02
1   1      -2   -1   -1  -0.015219     -4.162550E-03     -6.911900E-04   1.227285E-02
1   1      -1   -2   -1  -0.015219     -4.162550E-03     -6.911900E-04   1.227285E-02
1   1       1    2    1  -0.015219     -4.162550E-03     -6.911900E-04   1.227285E-02
1   1       2    1    1  -0.015219     -4.162550E-03     -6.911900E-04   1.227285E-02
1   1      -1   -1   -2  -0.015219     -4.162550E-03     -6.911900E-04   1.227285E-02
1   1      -1    0    1  -0.015219     -4.162550E-03     -6.911900E-04   1.329235E-02
1   1      -1    1    0  -0.015219     -4.162550E-03     -6.911900E-04   1.329235E-02
1   1       0   -1    1  -0.015219     -4.162550E-03     -6.911900E-04   1.329235E-02
1   1       0    1   -1  -0.015219     -4.162550E-03     -6.911900E-04   1.329235E-02
1   1       1   -1    0  -0.015219     -4.162550E-03     -6.911900E-04   1.329235E-02
1   1       1    0   -1  -0.015219     -4.162550E-03     -6.911900E-04   1.329235E-02
1   1       1    1    2  -0.015219     -4.162550E-03     -6.911900E-04   1.227285E-02
1   1      -2   -2   -1  -0.105579      4.633300E-03      1.007550E-03   1.428853E-02
1   1      -2   -1   -2  -0.105579      4.633300E-03      1.007550E-03   1.428853E-02
1   1      -2   -1    0  -0.105579      4.633300E-03      1.007550E-03   1.557465E-02
1   1      -2    0   -1  -0.105579      4.633300E-03      1.007550E-03   1.557465E-02
1   1      -1   -2   -2  -0.105579      4.633300E-03      1.007550E-03   1.428853E-02
1   1      -1   -2    0  -0.105579      4.633300E-03      1.007550E-03   1.557465E-02
1   1      -1   -1    1  -0.105579      4.633300E-03      1.007550E-03   1.589444E-02
1   1      -1    0   -2  -0.105579      4.633300E-03      1.007550E-03   1.557465E-02
1   1      -1    1   -1  -0.105579      4.633300E-03      1.007550E-03   1.589444E-02
1   1      -1    1    1  -0.105579      4.633300E-03      1.007550E-03   1.589444E-02
1   1       0   -2   -1  -0.105579      4.633300E-03      1.007550E-03   1.557465E-02
1   1       0   -1   -2  -0.105579      4.633300E-03      1.007550E-03   1.557465E-02
1   1       0    1    2  -0.105579      4.633300E-03      1.007550E-03   1.557465E-02
1   1       0    2    1  -0.105579      4.633300E-03      1.007550E-03   1.557465E-02
1   1       1   -1   -1  -0.105579      4.633300E-03      1.007550E-03   1.589444E-02
1   1       1   -1    1  -0.105579      4.633300E-03      1.007550E-03   1.589444E-02
1   1       1    0    2  -0.105579      4.633300E-03      1.007550E-03   1.557465E-02
1   1       1    1   -1  -0.105579      4.633300E-03      1.007550E-03   1.589444E-02
1   1       1    2    0  -0.105579      4.633300E-03      1.007550E-03   1.557465E-02
1   1       1    2    2  -0.105579      4.633300E-03      1.007550E-03   1.428853E-02
1   1       2    0    1  -0.105579      4.633300E-03      1.007550E-03   1.557465E-02
1   1       2    1    0  -0.105579      4.633300E-03      1.007550E-03   1.557465E-02
1   1       2    1    2  -0.105579      4.633300E-03      1.007550E-03   1.428853E-02
1   1       2    2    1  -0.105579      4.633300E-03      1.007550E-03   1.428853E-02
1   1      -2   -2   -2  -0.031006     -5.801740E-05      2.663020E-03   1.307305E-02
1   1      -2    0    0  -0.031006     -5.801740E-05      2.663020E-03   1.509888E-02
1   1       0   -2    0  -0.031006     -5.801740E-05      2.663020E-03   1.509888E-02
1   1       0    0   -2  -0.031006     -5.801740E-05      2.663020E-03   1.509888E-02
1   1       0    0    2  -0.031006     -5.801740E-05      2.663020E-03   1.509888E-02
1   1       0    2    0  -0.031006     -5.801740E-05      2.663020E-03   1.509888E-02
1   1       2    0    0  -0.031006     -5.801740E-05      2.663020E-03   1.509888E-02
1   1       2    2    2  -0.031006     -5.801740E-05      2.663020E-03   1.307305E-02
1   1      -2   -2    0   0.037985      1.163760E-02      5.581200E-03   1.767496E-02
1   1      -2    0   -2   0.037985      1.163760E-02      5.581200E-03   1.767496E-02
1   1       0   -2   -2   0.037985      1.163760E-02      5.581200E-03   1.767496E-02
1   1       0    2    2   0.037985      1.163760E-02      5.581200E-03   1.767496E-02
1   1       2    0    2   0.037985      1.163760E-02      5.581200E-03   1.767496E-02
1   1       2    2    0   0.037985      1.163760E-02      5.581200E-03   1.767496E-02
1   1      -3   -2   -2  -0.017515     -1.809830E-03      2.329320E-04   6.473540E-03
1   1      -3   -1   -1  -0.017515     -1.809830E-03      2.329320E-04   1.244204E-02
1   1      -2   -2   -3  -0.017515     -1.809830E-03      2.329320E-04   6.473540E-03
1   1      -2    0    1  -0.017515     -1.809830E-03      2.329320E-04   1.411219E-02
1   1      -2    1    0  -0.017515     -1.809830E-03      2.329320E-04   1.411219E-02
1   1      -1   -3   -1  -0.017515     -1.809830E-03      2.329320E-04   1.244204E-02
1   1      -1   -1   -3  -0.017515     -1.809830E-03      2.329320E-04   1.244204E-02
1   1      -1    0    2  -0.017515     -1.809830E-03      2.329320E-04   1.411219E-02
1   1      -1    2    0  -0.017515     -1.809830E-03      2.329320E-04   1.411219E-02
1   1       0   -2    1  -0.017515     -1.809830E-03      2.329320E-04   1.411219E-02
1   1       0   -1    2  -0.017515     -1.809830E-03      2.329320E-04   1.411219E-02
1   1       0    1   -2  -0.017515     -1.809830E-03      2.329320E-04   1.411219E-02
1   1       0    2   -1  -0.017515     -1.809830E-03      2.329320E-04   1.411219E-02
1   1       1   -2    0  -0.017515     -1.809830E-03      2.329320E-04   1.411219E-02
1   1       1    0   -2  -0.017515     -1.809830E-03      2.329320E-04   1.411219E-02
1   1       1    1    3  -0.017515     -1.809830E-03      2.329320E-04   1.244204E-02
1   1       1    3    1  -0.017515     -1.809830E-03      2.329320E-04   1.244204E-02
1   1       2   -1    0  -0.017515     -1.809830E-03      2.329320E-04   1.411219E-02
1   1       2    0   -1  -0.017515     -1.809830E-03      2.329320E-04   1.411219E-02
1   1       2    2    3  -0.017515     -1.809830E-03      2.329320E-04   6.473540E-03
1   1       3    1    1  -0.017515     -1.809830E-03      2.329320E-04   1.244204E-02
1   1       3    2    2  -0.017515     -1.809830E-03      2.329320E-04   6.473540E-03
1   1      -2   -3   -2  -0.017515     -1.809830E-03      2.329320E-04   6.473540E-03
1   1       2    3    2  -0.017515     -1.809830E-03      2.329320E-04   6.473540E-03
1   1      -3   -2   -1   0.008605      8.025330E-04      1.447630E-05   1.081401E-02
1   1      -3   -1   -2   0.008605      8.025330E-04      1.447630E-05   1.081401E-02
1   1      -2   -3   -1   0.008605      8.025330E-04      1.447630E-05   1.081401E-02
1   1      -2   -1   -3   0.008605      8.025330E-04      1.447630E-05   1.081401E-02
1   1      -2   -1    1   0.008605      8.025330E-04      1.447630E-05   1.435722E-02
1   1      -2    1   -1   0.008605      8.025330E-04      1.447630E-05   1.435722E-02
1   1      -1   -3   -2   0.008605      8.025330E-04      1.447630E-05   1.081401E-02
1   1      -1   -2   -3   0.008605      8.025330E-04      1.447630E-05   1.081401E-02
1   1      -1   -2    1   0.008605      8.025330E-04      1.447630E-05   1.435722E-02
1   1      -1    1   -2   0.008605      8.025330E-04      1.447630E-05   1.435722E-02
1   1      -1    1    2   0.008605      8.025330E-04      1.447630E-05   1.435722E-02
1   1      -1    2    1   0.008605      8.025330E-04      1.447630E-05   1.435722E-02
1   1       1   -2   -1   0.008605      8.025330E-04      1.447630E-05   1.435722E-02
1   1       1   -1   -2   0.008605      8.025330E-04      1.447630E-05   1.435722E-02
1   1       1   -1    2   0.008605      8.025330E-04      1.447630E-05   1.435722E-02
1   1       1    2   -1   0.008605      8.025330E-04      1.447630E-05   1.435722E-02
1   1       1    2    3   0.008605      8.025330E-04      1.447630E-05   1.081401E-02
1   1       1    3    2   0.008605      8.025330E-04      1.447630E-05   1.081401E-02
1   1       2   -1    1   0.008605      8.025330E-04      1.447630E-05   1.435722E-02
1   1       2    1   -1   0.008605      8.025330E-04      1.447630E-05   1.435722E-02
1   1       2    1    3   0.008605      8.025330E-04      1.447630E-05   1.081401E-02
1   1       2    3    1   0.008605      8.025330E-04      1.447630E-05   1.081401E-02
1   1       3    1    2   0.008605      8.025330E-04      1.447630E-05   1.081401E-02
1   1       3    2    1   0.008605      8.025330E-04      1.447630E-05   1.081401E-02
1   1      -3   -3   -2  -0.006859      1.147340E-03     -1.741460E-04   6.608932E-03
1   1      -3   -1    0  -0.006859      1.147340E-03     -1.741460E-04   1.351633E-02
1   1      -3    0   -1  -0.006859      1.147340E-03     -1.741460E-04   1.351633E-02
1   1      -2    1    1  -0.006859      1.147340E-03     -1.741460E-04   1.466728E-02
1   1      -1    2   -1  -0.006859      1.147340E-03     -1.741460E-04   1.466728E-02
1   1       0   -3   -1  -0.006859      1.147340E-03     -1.741460E-04   1.351633E-02
1   1       0    3    1  -0.006859      1.147340E-03     -1.741460E-04   1.351633E-02
1   1       1   -2    1  -0.006859      1.147340E-03     -1.741460E-04   1.466728E-02
1   1       2   -1   -1  -0.006859      1.147340E-03     -1.741460E-04   1.466728E-02
1   1       3    0    1  -0.006859      1.147340E-03     -1.741460E-04   1.351633E-02
1   1       3    1    0  -0.006859      1.147340E-03     -1.741460E-04   1.351633E-02
1   1       3    3    2  -0.006859      1.147340E-03     -1.741460E-04   6.608932E-03
1   1      -3   -2   -3  -0.006859      1.147340E-03     -1.741460E-04   6.608932E-03
1   1      -1   -3    0  -0.006859      1.147340E-03     -1.741460E-04   1.351633E-02
1   1      -1   -1    2  -0.006859      1.147340E-03     -1.741460E-04   1.466728E-02
1   1      -1    0   -3  -0.006859      1.147340E-03     -1.741460E-04   1.351633E-02
1   1       0   -1   -3  -0.006859      1.147340E-03     -1.741460E-04   1.351633E-02
1   1       0    1    3  -0.006859      1.147340E-03     -1.741460E-04   1.351633E-02
1   1       1    0    3  -0.006859      1.147340E-03     -1.741460E-04   1.351633E-02
1   1       1    1   -2  -0.006859      1.147340E-03     -1.741460E-04   1.466728E-02
1   1       1    3    0  -0.006859      1.147340E-03     -1.741460E-04   1.351633E-02
1   1       3    2    3  -0.006859      1.147340E-03     -1.741460E-04   6.608932E-03
1   1      -2   -3   -3  -0.006859      1.147340E-03     -1.741460E-04   6.608932E-03
1   1       2    3    3  -0.006859      1.147340E-03     -1.741460E-04   6.608932E-03
1   1      -3   -3   -1   0.023675     -7.680650E-04      3.990260E-04   6.522340E-03
1   1       3    3    1   0.023675     -7.680650E-04      3.990260E-04   6.522340E-03
1   1      -3   -3   -3   0.109641     -3.440250E-03      2.617430E-04   5.530311E-03
1   1      -3   -2    0   0.023675     -7.680650E-04      3.990260E-04   1.243924E-02
1   1      -3   -1   -3   0.023675     -7.680650E-04      3.990260E-04   6.522340E-03
1   1      -3    0   -2   0.023675     -7.680650E-04      3.990260E-04   1.243924E-02
1   1      -3    0    0   0.109641     -3.440250E-03      2.617430E-04   1.267293E-02
1   1      -2    1   -2   0.023675     -7.680650E-04      3.990260E-04   1.359579E-02
1   1      -1    2    2   0.023675     -7.680650E-04      3.990260E-04   1.359579E-02
1   1       0   -3   -2   0.023675     -7.680650E-04      3.990260E-04   1.243924E-02
1   1       0   -3    0   0.109641     -3.440250E-03      2.617430E-04   1.267293E-02
1   1       0    0   -3   0.109641     -3.440250E-03      2.617430E-04   1.267293E-02
1   1       0    0    3   0.109641     -3.440250E-03      2.617430E-04   1.267293E-02
1   1       0    3    0   0.109641     -3.440250E-03      2.617430E-04   1.267293E-02
1   1       0    3    2   0.023675     -7.680650E-04      3.990260E-04   1.243924E-02
1   1       1   -2   -2   0.023675     -7.680650E-04      3.990260E-04   1.359579E-02
1   1       2   -1    2   0.023675     -7.680650E-04      3.990260E-04   1.359579E-02
1   1       3    0    0   0.109641     -3.440250E-03      2.617430E-04   1.267293E-02
1   1       3    0    2   0.023675     -7.680650E-04      3.990260E-04   1.243924E-02
1   1       3    1    3   0.023675     -7.680650E-04      3.990260E-04   6.522340E-03
1   1       3    2    0   0.023675     -7.680650E-04      3.990260E-04   1.243924E-02
1   1       3    3    3   0.109641     -3.440250E-03      2.617430E-04   5.530311E-03
1   1      -2   -3    0   0.023675     -7.680650E-04      3.990260E-04   1.243924E-02
1   1      -2   -2    1   0.023675     -7.680650E-04      3.990260E-04   1.359579E-02
1   1      -2    0   -3   0.023675     -7.680650E-04      3.990260E-04   1.243924E-02
1   1      -1   -3   -3   0.023675     -7.680650E-04      3.990260E-04   6.522340E-03
1   1       0   -2   -3   0.023675     -7.680650E-04      3.990260E-04   1.243924E-02
1   1       0    2    3   0.023675     -7.680650E-04      3.990260E-04   1.243924E-02
1   1       1    3    3   0.023675     -7.680650E-04      3.990260E-04   6.522340E-03
1   1       2    0    3   0.023675     -7.680650E-04      3.990260E-04   1.243924E-02
1   1       2    2   -1   0.023675     -7.680650E-04      3.990260E-04   1.359579E-02
1   1       2    3    0   0.023675     -7.680650E-04      3.990260E-04   1.243924E-02
1   1      -4   -2   -2  -0.006120     -2.138630E-03      2.407010E-04   5.837014E-03
1   1      -2   -4   -2  -0.006120     -2.138630E-03      2.407010E-04   5.837014E-03
1   1       2    4    2  -0.006120     -2.138630E-03      2.407010E-04   5.837014E-03
1   1       4    2    2  -0.006120     -2.138630E-03      2.407010E-04   5.837014E-03
1   1      -2   -2   -4  -0.006120     -2.138630E-03      2.407010E-04   5.837014E-03
1   1      -2    0    2  -0.006120     -2.138630E-03      2.407010E-04   1.379434E-02
1   1      -2    2    0  -0.006120     -2.138630E-03      2.407010E-04   1.379434E-02
1   1       0   -2    2  -0.006120     -2.138630E-03      2.407010E-04   1.379434E-02
1   1       0    2   -2  -0.006120     -2.138630E-03      2.407010E-04   1.379434E-02
1   1       2   -2    0  -0.006120     -2.138630E-03      2.407010E-04   1.379434E-02
1   1       2    0   -2  -0.006120     -2.138630E-03      2.407010E-04   1.379434E-02
1   1       2    2    4  -0.006120     -2.138630E-03      2.407010E-04   5.837014E-03
1   1      -4   -3   -2  -0.000773     -6.206650E-04      4.693930E-04   6.059097E-03
1   1      -4   -2   -1  -0.000773     -6.206650E-04      4.693930E-04   6.475386E-03
1   1      -3   -2   -4  -0.000773     -6.206650E-04      4.693930E-04   6.059097E-03
1   1      -2   -4   -1  -0.000773     -6.206650E-04      4.693930E-04   6.475386E-03
1   1      -2   -1    2  -0.000773     -6.206650E-04      4.693930E-04   1.397149E-02
1   1      -2    1    2  -0.000773     -6.206650E-04      4.693930E-04   1.397149E-02
1   1      -1   -2    2  -0.000773     -6.206650E-04      4.693930E-04   1.397149E-02
1   1      -1    2   -2  -0.000773     -6.206650E-04      4.693930E-04   1.397149E-02
1   1       1   -2    2  -0.000773     -6.206650E-04      4.693930E-04   1.397149E-02
1   1       1    2   -2  -0.000773     -6.206650E-04      4.693930E-04   1.397149E-02
1   1       2   -1   -2  -0.000773     -6.206650E-04      4.693930E-04   1.397149E-02
1   1       2    1   -2  -0.000773     -6.206650E-04      4.693930E-04   1.397149E-02
1   1       2    4    1  -0.000773     -6.206650E-04      4.693930E-04   6.475386E-03
1   1       3    2    4  -0.000773     -6.206650E-04      4.693930E-04   6.059097E-03
1   1       4    2    1  -0.000773     -6.206650E-04      4.693930E-04   6.475386E-03
1   1       4    3    2  -0.000773     -6.206650E-04      4.693930E-04   6.059097E-03
1   1      -4   -2   -3  -0.000773     -6.206650E-04      4.693930E-04   6.059097E-03
1   1      -4   -1   -2  -0.000773     -6.206650E-04      4.693930E-04   6.475386E-03
1   1      -3   -4   -2  -0.000773     -6.206650E-04      4.693930E-04   6.059097E-03
1   1      -3   -1    1  -0.000773     -6.206650E-04      4.693930E-04   1.324753E-02
1   1      -3    1   -1  -0.000773     -6.206650E-04      4.693930E-04   1.324753E-02
1   1      -2   -4   -3  -0.000773     -6.206650E-04      4.693930E-04   6.059097E-03
1   1      -2   -3   -4  -0.000773     -6.206650E-04      4.693930E-04   6.059097E-03
1   1      -2   -1   -4  -0.000773     -6.206650E-04      4.693930E-04   6.475386E-03
1   1      -2    2   -1  -0.000773     -6.206650E-04      4.693930E-04   1.397149E-02
1   1      -2    2    1  -0.000773     -6.206650E-04      4.693930E-04   1.397149E-02
1   1      -1   -4   -2  -0.000773     -6.206650E-04      4.693930E-04   6.475386E-03
1   1      -1   -3    1  -0.000773     -6.206650E-04      4.693930E-04   1.324753E-02
1   1      -1   -2   -4  -0.000773     -6.206650E-04      4.693930E-04   6.475386E-03
1   1      -1    1   -3  -0.000773     -6.206650E-04      4.693930E-04   1.324753E-02
1   1      -1    1    3  -0.000773     -6.206650E-04      4.693930E-04   1.324753E-02
1   1      -1    3    1  -0.000773     -6.206650E-04      4.693930E-04   1.324753E-02
1   1       1   -3   -1  -0.000773     -6.206650E-04      4.693930E-04   1.324753E-02
1   1       1   -1   -3  -0.000773     -6.206650E-04      4.693930E-04   1.324753E-02
1   1       1   -1    3  -0.000773     -6.206650E-04      4.693930E-04   1.324753E-02
1   1       1    2    4  -0.000773     -6.206650E-04      4.693930E-04   6.475386E-03
1   1       1    3   -1  -0.000773     -6.206650E-04      4.693930E-04   1.324753E-02
1   1       1    4    2  -0.000773     -6.206650E-04      4.693930E-04   6.475386E-03
1   1       2   -2   -1  -0.000773     -6.206650E-04      4.693930E-04   1.397149E-02
1   1       2   -2    1  -0.000773     -6.206650E-04      4.693930E-04   1.397149E-02
1   1       2    1    4  -0.000773     -6.206650E-04      4.693930E-04   6.475386E-03
1   1       2    3    4  -0.000773     -6.206650E-04      4.693930E-04   6.059097E-03
1   1       2    4    3  -0.000773     -6.206650E-04      4.693930E-04   6.059097E-03
1   1       3   -1    1  -0.000773     -6.206650E-04      4.693930E-04   1.324753E-02
1   1       3    1   -1  -0.000773     -6.206650E-04      4.693930E-04   1.324753E-02
1   1       3    4    2  -0.000773     -6.206650E-04      4.693930E-04   6.059097E-03
1   1       4    1    2  -0.000773     -6.206650E-04      4.693930E-04   6.475386E-03
1   1       4    2    3  -0.000773     -6.206650E-04      4.693930E-04   6.059097E-03
1   1      -4   -1   -1   0.013266      5.809580E-04     -2.093330E-04   8.632922E-03
1   1      -3   -4   -3   0.013266      5.809580E-04     -2.093330E-04   5.874927E-03
1   1      -3   -3   -4   0.013266      5.809580E-04     -2.093330E-04   5.874927E-03
1   1      -3   -3    0  -0.004777     -2.481300E-03      4.754720E-04   6.388110E-03
1   1      -3    0   -3  -0.004777     -2.481300E-03      4.754720E-04   6.388110E-03
1   1      -3    0    1   0.013266      5.809580E-04     -2.093330E-04   1.359801E-02
1   1      -3    1    0   0.013266      5.809580E-04     -2.093330E-04   1.359801E-02
1   1      -1   -4   -1   0.013266      5.809580E-04     -2.093330E-04   8.632922E-03
1   1       0   -3   -3  -0.004777     -2.481300E-03      4.754720E-04   6.388110E-03
1   1       0   -3    1   0.013266      5.809580E-04     -2.093330E-04   1.359801E-02
1   1       0    3   -1   0.013266      5.809580E-04     -2.093330E-04   1.359801E-02
1   1       0    3    3  -0.004777     -2.481300E-03      4.754720E-04   6.388110E-03
1   1       1    4    1   0.013266      5.809580E-04     -2.093330E-04   8.632922E-03
1   1       3   -1    0   0.013266      5.809580E-04     -2.093330E-04   1.359801E-02
1   1       3    0   -1   0.013266      5.809580E-04     -2.093330E-04   1.359801E-02
1   1       3    0    3  -0.004777     -2.481300E-03      4.754720E-04   6.388110E-03
1   1       3    3    0  -0.004777     -2.481300E-03      4.754720E-04   6.388110E-03
1   1       3    3    4   0.013266      5.809580E-04     -2.093330E-04   5.874927E-03
1   1       3    4    3   0.013266      5.809580E-04     -2.093330E-04   5.874927E-03
1   1       4    1    1   0.013266      5.809580E-04     -2.093330E-04   8.632922E-03
1   1      -4   -3   -3   0.013266      5.809580E-04     -2.093330E-04   5.874927E-03
1   1      -1   -1   -4   0.013266      5.809580E-04     -2.093330E-04   8.632922E-03
1   1      -1    0    3   0.013266      5.809580E-04     -2.093330E-04   1.359801E-02
1   1      -1    3    0   0.013266      5.809580E-04     -2.093330E-04   1.359801E-02
1   1       0   -1    3   0.013266      5.809580E-04     -2.093330E-04   1.359801E-02
1   1       0    1   -3   0.013266      5.809580E-04     -2.093330E-04   1.359801E-02
1   1       1   -3    0   0.013266      5.809580E-04     -2.093330E-04   1.359801E-02
1   1       1    0   -3   0.013266      5.809580E-04     -2.093330E-04   1.359801E-02
1   1       1    1    4   0.013266      5.809580E-04     -2.093330E-04   8.632922E-03
1   1       4    3    3   0.013266      5.809580E-04     -2.093330E-04   5.874927E-03
1   1      -4   -3   -1  -0.010185      2.408670E-04     -8.757980E-05   6.322526E-03
1   1      -4   -1   -3  -0.010185      2.408670E-04     -8.757980E-05   6.322526E-03
1   1      -3   -4   -1  -0.010185      2.408670E-04     -8.757980E-05   6.322526E-03
1   1      -3   -2    1  -0.010185      2.408670E-04     -8.757980E-05   1.102304E-02
1   1      -3   -1   -4  -0.010185      2.408670E-04     -8.757980E-05   6.322526E-03
1   1      -3    1   -2  -0.010185      2.408670E-04     -8.757980E-05   1.102304E-02
1   1      -2    1   -3  -0.010185      2.408670E-04     -8.757980E-05   1.102304E-02
1   1      -1   -4   -3  -0.010185      2.408670E-04     -8.757980E-05   6.322526E-03
1   1      -1   -3   -4  -0.010185      2.408670E-04     -8.757980E-05   6.322526E-03
1   1      -1    2    3  -0.010185      2.408670E-04     -8.757980E-05   1.102304E-02
1   1      -1    3    2  -0.010185      2.408670E-04     -8.757980E-05   1.102304E-02
1   1       1   -3   -2  -0.010185      2.408670E-04     -8.757980E-05   1.102304E-02
1   1       1   -2   -3  -0.010185      2.408670E-04     -8.757980E-05   1.102304E-02
1   1       1    3    4  -0.010185      2.408670E-04     -8.757980E-05   6.322526E-03
1   1       1    4    3  -0.010185      2.408670E-04     -8.757980E-05   6.322526E-03
1   1       2   -1    3  -0.010185      2.408670E-04     -8.757980E-05   1.102304E-02
1   1       3   -1    2  -0.010185      2.408670E-04     -8.757980E-05   1.102304E-02
1   1       3    1    4  -0.010185      2.408670E-04     -8.757980E-05   6.322526E-03
1   1       3    2   -1  -0.010185      2.408670E-04     -8.757980E-05   1.102304E-02
1   1       3    4    1  -0.010185      2.408670E-04     -8.757980E-05   6.322526E-03
1   1       4    1    3  -0.010185      2.408670E-04     -8.757980E-05   6.322526E-03
1   1       4    3    1  -0.010185      2.408670E-04     -8.757980E-05   6.322526E-03
1   1      -2   -3    1  -0.010185      2.408670E-04     -8.757980E-05   1.102304E-02
1   1       2    3   -1  -0.010185      2.408670E-04     -8.757980E-05   1.102304E-02
1   1      -4   -4   -3   0.038212     -1.778310E-03      2.823590E-04   9.611413E-05
1   1      -4   -3   -4   0.038212     -1.778310E-03      2.823590E-04   9.611413E-05
1   1      -4   -1    0   0.038212     -1.778310E-03      2.823590E-04   8.184895E-03
1   1      -4    0   -1   0.038212     -1.778310E-03      2.823590E-04   8.184895E-03
1   1      -3   -4   -4   0.038212     -1.778310E-03      2.823590E-04   9.611413E-05
1   1      -3    1    1   0.038212     -1.778310E-03      2.823590E-04   1.284394E-02
1   1      -1   -4    0   0.038212     -1.778310E-03      2.823590E-04   8.184895E-03
1   1      -1   -1    3   0.038212     -1.778310E-03      2.823590E-04   1.284394E-02
1   1      -1    0   -4   0.038212     -1.778310E-03      2.823590E-04   8.184895E-03
1   1      -1    3   -1   0.038212     -1.778310E-03      2.823590E-04   1.284394E-02
1   1       0   -4   -1   0.038212     -1.778310E-03      2.823590E-04   8.184895E-03
1   1       0   -1   -4   0.038212     -1.778310E-03      2.823590E-04   8.184895E-03
1   1       0    1    4   0.038212     -1.778310E-03      2.823590E-04   8.184895E-03
1   1       0    4    1   0.038212     -1.778310E-03      2.823590E-04   8.184895E-03
1   1       1   -3    1   0.038212     -1.778310E-03      2.823590E-04   1.284394E-02
1   1       1    0    4   0.038212     -1.778310E-03      2.823590E-04   8.184895E-03
1   1       1    1   -3   0.038212     -1.778310E-03      2.823590E-04   1.284394E-02
1   1       1    4    0   0.038212     -1.778310E-03      2.823590E-04   8.184895E-03
1   1       3   -1   -1   0.038212     -1.778310E-03      2.823590E-04   1.284394E-02
1   1       3    4    4   0.038212     -1.778310E-03      2.823590E-04   9.611413E-05
1   1       4    0    1   0.038212     -1.778310E-03      2.823590E-04   8.184895E-03
1   1       4    1    0   0.038212     -1.778310E-03      2.823590E-04   8.184895E-03
1   1       4    3    4   0.038212     -1.778310E-03      2.823590E-04   9.611413E-05
1   1       4    4    3   0.038212     -1.778310E-03      2.823590E-04   9.611413E-05
1   1      -4   -4   -2  -0.004144     -1.070320E-04      1.442910E-05   2.225383E-03
1   1      -4   -2   -4  -0.004144     -1.070320E-04      1.442910E-05   2.225383E-03
1   1      -4   -2    0  -0.004144     -1.070320E-04      1.442910E-05   6.618161E-03
1   1      -4    0   -2  -0.004144     -1.070320E-04      1.442910E-05   6.618161E-03
1   1      -2   -4   -4  -0.004144     -1.070320E-04      1.442910E-05   2.225383E-03
1   1      -2   -4    0  -0.004144     -1.070320E-04      1.442910E-05   6.618161E-03
1   1      -2   -2    2  -0.004144     -1.070320E-04      1.442910E-05   1.345760E-02
1   1      -2    0   -4  -0.004144     -1.070320E-04      1.442910E-05   6.618161E-03
1   1      -2    2   -2  -0.004144     -1.070320E-04      1.442910E-05   1.345760E-02
1   1      -2    2    2  -0.004144     -1.070320E-04      1.442910E-05   1.345760E-02
1   1       0   -4   -2  -0.004144     -1.070320E-04      1.442910E-05   6.618161E-03
1   1       0   -2   -4  -0.004144     -1.070320E-04      1.442910E-05   6.618161E-03
1   1       0    2    4  -0.004144     -1.070320E-04      1.442910E-05   6.618161E-03
1   1       0    4    2  -0.004144     -1.070320E-04      1.442910E-05   6.618161E-03
1   1       2   -2   -2  -0.004144     -1.070320E-04      1.442910E-05   1.345760E-02
1   1       2   -2    2  -0.004144     -1.070320E-04      1.442910E-05   1.345760E-02
1   1       2    0    4  -0.004144     -1.070320E-04      1.442910E-05   6.618161E-03
1   1       2    2   -2  -0.004144     -1.070320E-04      1.442910E-05   1.345760E-02
1   1       2    4    0  -0.004144     -1.070320E-04      1.442910E-05   6.618161E-03
1   1       2    4    4  -0.004144     -1.070320E-04      1.442910E-05   2.225383E-03
1   1       4    0    2  -0.004144     -1.070320E-04      1.442910E-05   6.618161E-03
1   1       4    2    0  -0.004144     -1.070320E-04      1.442910E-05   6.618161E-03
1   1       4    2    4  -0.004144     -1.070320E-04      1.442910E-05   2.225383E-03
1   1       4    4    2  -0.004144     -1.070320E-04      1.442910E-05   2.225383E-03
1   1      -4   -4   -4  -0.052567     -5.290820E-04      1.113730E-03   5.005451E-04
1   1      -4    0    0  -0.052567     -5.290820E-04      1.113730E-03   9.125787E-03
1   1       0   -4    0  -0.052567     -5.290820E-04      1.113730E-03   9.125787E-03
1   1       0    0   -4  -0.052567     -5.290820E-04      1.113730E-03   9.125787E-03
1   1       0    0    4  -0.052567     -5.290820E-04      1.113730E-03   9.125787E-03
1   1       0    4    0  -0.052567     -5.290820E-04      1.113730E-03   9.125787E-03
1   1       4    0    0  -0.052567     -5.290820E-04      1.113730E-03   9.125787E-03
1   1       4    4    4  -0.052567     -5.290820E-04      1.113730E-03   5.005451E-04
1   1      -4   -4   -1  -0.008343     -7.445080E-04     -4.736190E-05   5.539055E-03
1   1      -4   -3    0  -0.008343     -7.445080E-04     -4.736190E-05   5.924937E-03
1   1      -3   -4    0  -0.008343     -7.445080E-04     -4.736190E-05   5.924937E-03
1   1      -3   -3   -5  -0.011504     -9.348570E-04     -1.095880E-05   1.245892E-04
1   1      -3   -3    1  -0.008343     -7.445080E-04     -4.736190E-05   9.964164E-03
1   1      -3    0    2  -0.011504     -9.348570E-04     -1.095880E-05   1.287154E-02
1   1      -3    2    0  -0.011504     -9.348570E-04     -1.095880E-05   1.287154E-02
1   1      -2   -5   -2  -0.011504     -9.348570E-04     -1.095880E-05   3.834831E-03
1   1       0   -3    2  -0.011504     -9.348570E-04     -1.095880E-05   1.287154E-02
1   1       0    3   -2  -0.011504     -9.348570E-04     -1.095880E-05   1.287154E-02
1   1       2    5    2  -0.011504     -9.348570E-04     -1.095880E-05   3.834831E-03
1   1       3   -2    0  -0.011504     -9.348570E-04     -1.095880E-05   1.287154E-02
1   1       3    0   -2  -0.011504     -9.348570E-04     -1.095880E-05   1.287154E-02
1   1       3    3   -1  -0.008343     -7.445080E-04     -4.736190E-05   9.964164E-03
1   1       3    3    5  -0.011504     -9.348570E-04     -1.095880E-05   1.245892E-04
1   1       3    4    0  -0.008343     -7.445080E-04     -4.736190E-05   5.924937E-03
1   1       4    3    0  -0.008343     -7.445080E-04     -4.736190E-05   5.924937E-03
1   1       4    4    1  -0.008343     -7.445080E-04     -4.736190E-05   5.539055E-03
1   1      -5   -3   -3  -0.011504     -9.348570E-04     -1.095880E-05   1.245892E-04
1   1      -5   -2   -2  -0.011504     -9.348570E-04     -1.095880E-05   3.834831E-03
1   1      -4   -1   -4  -0.008343     -7.445080E-04     -4.736190E-05   5.539055E-03
1   1      -4    0   -3  -0.008343     -7.445080E-04     -4.736190E-05   5.924937E-03
1   1      -3   -5   -3  -0.011504     -9.348570E-04     -1.095880E-05   1.245892E-04
1   1      -3    0   -4  -0.008343     -7.445080E-04     -4.736190E-05   5.924937E-03
1   1      -3    1   -3  -0.008343     -7.445080E-04     -4.736190E-05   9.964164E-03
1   1      -2   -2   -5  -0.011504     -9.348570E-04     -1.095880E-05   3.834831E-03
1   1      -2    0    3  -0.011504     -9.348570E-04     -1.095880E-05   1.287154E-02
1   1      -2    3    0  -0.011504     -9.348570E-04     -1.095880E-05   1.287154E-02
1   1      -1   -4   -4  -0.008343     -7.445080E-04     -4.736190E-05   5.539055E-03
1   1      -1    3    3  -0.008343     -7.445080E-04     -4.736190E-05   9.964164E-03
1   1       0   -4   -3  -0.008343     -7.445080E-04     -4.736190E-05   5.924937E-03
1   1       0   -3   -4  -0.008343     -7.445080E-04     -4.736190E-05   5.924937E-03
1   1       0   -2    3  -0.011504     -9.348570E-04     -1.095880E-05   1.287154E-02
1   1       0    2   -3  -0.011504     -9.348570E-04     -1.095880E-05   1.287154E-02
1   1       0    3    4  -0.008343     -7.445080E-04     -4.736190E-05   5.924937E-03
1   1       0    4    3  -0.008343     -7.445080E-04     -4.736190E-05   5.924937E-03
1   1       1   -3   -3  -0.008343     -7.445080E-04     -4.736190E-05   9.964164E-03
1   1       1    4    4  -0.008343     -7.445080E-04     -4.736190E-05   5.539055E-03
1   1       2   -3    0  -0.011504     -9.348570E-04     -1.095880E-05   1.287154E-02
1   1       2    0   -3  -0.011504     -9.348570E-04     -1.095880E-05   1.287154E-02
1   1       2    2    5  -0.011504     -9.348570E-04     -1.095880E-05   3.834831E-03
1   1       3   -1    3  -0.008343     -7.445080E-04     -4.736190E-05   9.964164E-03
1   1       3    0    4  -0.008343     -7.445080E-04     -4.736190E-05   5.924937E-03
1   1       3    5    3  -0.011504     -9.348570E-04     -1.095880E-05   1.245892E-04
1   1       4    0    3  -0.008343     -7.445080E-04     -4.736190E-05   5.924937E-03
1   1       4    1    4  -0.008343     -7.445080E-04     -4.736190E-05   5.539055E-03
1   1       5    2    2  -0.011504     -9.348570E-04     -1.095880E-05   3.834831E-03
1   1       5    3    3  -0.011504     -9.348570E-04     -1.095880E-05   1.245892E-04
1   1      -5   -3   -2  -0.003242     -2.417360E-04     -1.330880E-05   2.039760E-03
1   1      -3   -5   -2  -0.003242     -2.417360E-04     -1.330880E-05   2.039760E-03
1   1      -3   -2   -5  -0.003242     -2.417360E-04     -1.330880E-05   2.039760E-03
1   1      -3   -1    2  -0.003242     -2.417360E-04     -1.330880E-05   1.272230E-02
1   1      -3    2   -1  -0.003242     -2.417360E-04     -1.330880E-05   1.272230E-02
1   1      -2   -5   -3  -0.003242     -2.417360E-04     -1.330880E-05   2.039760E-03
1   1      -2   -3   -5  -0.003242     -2.417360E-04     -1.330880E-05   2.039760E-03
1   1      -2    1    3  -0.003242     -2.417360E-04     -1.330880E-05   1.272230E-02
1   1      -2    3    1  -0.003242     -2.417360E-04     -1.330880E-05   1.272230E-02
1   1      -1   -3    2  -0.003242     -2.417360E-04     -1.330880E-05   1.272230E-02
1   1      -1    2   -3  -0.003242     -2.417360E-04     -1.330880E-05   1.272230E-02
1   1       1   -2    3  -0.003242     -2.417360E-04     -1.330880E-05   1.272230E-02
1   1       1    3   -2  -0.003242     -2.417360E-04     -1.330880E-05   1.272230E-02
1   1       2   -3   -1  -0.003242     -2.417360E-04     -1.330880E-05   1.272230E-02
1   1       2   -1   -3  -0.003242     -2.417360E-04     -1.330880E-05   1.272230E-02
1   1       2    3    5  -0.003242     -2.417360E-04     -1.330880E-05   2.039760E-03
1   1       2    5    3  -0.003242     -2.417360E-04     -1.330880E-05   2.039760E-03
1   1       3   -2    1  -0.003242     -2.417360E-04     -1.330880E-05   1.272230E-02
1   1       3    1   -2  -0.003242     -2.417360E-04     -1.330880E-05   1.272230E-02
1   1       3    2    5  -0.003242     -2.417360E-04     -1.330880E-05   2.039760E-03
1   1       3    5    2  -0.003242     -2.417360E-04     -1.330880E-05   2.039760E-03
1   1       5    3    2  -0.003242     -2.417360E-04     -1.330880E-05   2.039760E-03
1   1      -5   -2   -3  -0.003242     -2.417360E-04     -1.330880E-05   2.039760E-03
1   1       5    2    3  -0.003242     -2.417360E-04     -1.330880E-05   2.039760E-03
1   1      -5   -2   -1  -0.000097     -1.465060E-04     -5.359850E-05   4.015280E-03
1   1      -5   -1   -2  -0.000097     -1.465060E-04     -5.359850E-05   4.015280E-03
1   1      -4   -3   -5  -0.000097     -1.465060E-04     -5.359850E-05   1.252454E-04
1   1      -3    1    2  -0.000097     -1.465060E-04     -5.359850E-05   1.272609E-02
1   1      -3    2    1  -0.000097     -1.465060E-04     -5.359850E-05   1.272609E-02
1   1      -2   -5   -1  -0.000097     -1.465060E-04     -5.359850E-05   4.015280E-03
1   1      -2   -1   -5  -0.000097     -1.465060E-04     -5.359850E-05   4.015280E-03
1   1      -2   -1    3  -0.000097     -1.465060E-04     -5.359850E-05   1.272609E-02
1   1      -1   -5   -2  -0.000097     -1.465060E-04     -5.359850E-05   4.015280E-03
1   1      -1   -2   -5  -0.000097     -1.465060E-04     -5.359850E-05   4.015280E-03
1   1      -1   -2    3  -0.000097     -1.465060E-04     -5.359850E-05   1.272609E-02
1   1      -1    1   -4  -0.000097     -1.465060E-04     -5.359850E-05   8.344021E-03
1   1      -1    1    4  -0.000097     -1.465060E-04     -5.359850E-05   8.344021E-03
1   1      -1    3   -2  -0.000097     -1.465060E-04     -5.359850E-05   1.272609E-02
1   1       1   -3    2  -0.000097     -1.465060E-04     -5.359850E-05   1.272609E-02
1   1       1   -1   -4  -0.000097     -1.465060E-04     -5.359850E-05   8.344021E-03
1   1       1   -1    4  -0.000097     -1.465060E-04     -5.359850E-05   8.344021E-03
1   1       1    2   -3  -0.000097     -1.465060E-04     -5.359850E-05   1.272609E-02
1   1       1    2    5  -0.000097     -1.465060E-04     -5.359850E-05   4.015280E-03
1   1       1    5    2  -0.000097     -1.465060E-04     -5.359850E-05   4.015280E-03
1   1       2    1   -3  -0.000097     -1.465060E-04     -5.359850E-05   1.272609E-02
1   1       2    1    5  -0.000097     -1.465060E-04     -5.359850E-05   4.015280E-03
1   1       2    5    1  -0.000097     -1.465060E-04     -5.359850E-05   4.015280E-03
1   1       3   -2   -1  -0.000097     -1.465060E-04     -5.359850E-05   1.272609E-02
1   1       3   -1   -2  -0.000097     -1.465060E-04     -5.359850E-05   1.272609E-02
1   1       4    3    5  -0.000097     -1.465060E-04     -5.359850E-05   1.252454E-04
1   1       5    1    2  -0.000097     -1.465060E-04     -5.359850E-05   4.015280E-03
1   1       5    2    1  -0.000097     -1.465060E-04     -5.359850E-05   4.015280E-03
1   1      -5   -4   -3  -0.000097     -1.465060E-04     -5.359850E-05   1.252454E-04
1   1      -5   -3   -4  -0.000097     -1.465060E-04     -5.359850E-05   1.252454E-04
1   1      -4   -5   -3  -0.000097     -1.465060E-04     -5.359850E-05   1.252454E-04
1   1      -4   -1    1  -0.000097     -1.465060E-04     -5.359850E-05   8.344021E-03
1   1      -4    1   -1  -0.000097     -1.465060E-04     -5.359850E-05   8.344021E-03
1   1      -3   -5   -4  -0.000097     -1.465060E-04     -5.359850E-05   1.252454E-04
1   1      -3   -4   -5  -0.000097     -1.465060E-04     -5.359850E-05   1.252454E-04
1   1      -2    3   -1  -0.000097     -1.465060E-04     -5.359850E-05   1.272609E-02
1   1      -1   -4    1  -0.000097     -1.465060E-04     -5.359850E-05   8.344021E-03
1   1      -1    4    1  -0.000097     -1.465060E-04     -5.359850E-05   8.344021E-03
1   1       1   -4   -1  -0.000097     -1.465060E-04     -5.359850E-05   8.344021E-03
1   1       1    4   -1  -0.000097     -1.465060E-04     -5.359850E-05   8.344021E-03
1   1       2   -3    1  -0.000097     -1.465060E-04     -5.359850E-05   1.272609E-02
1   1       3    4    5  -0.000097     -1.465060E-04     -5.359850E-05   1.252454E-04
1   1       3    5    4  -0.000097     -1.465060E-04     -5.359850E-05   1.252454E-04
1   1       4   -1    1  -0.000097     -1.465060E-04     -5.359850E-05   8.344021E-03
1   1       4    1   -1  -0.000097     -1.465060E-04     -5.359850E-05   8.344021E-03
1   1       4    5    3  -0.000097     -1.465060E-04     -5.359850E-05   1.252454E-04
1   1       5    3    4  -0.000097     -1.465060E-04     -5.359850E-05   1.252454E-04
1   1       5    4    3  -0.000097     -1.465060E-04     -5.359850E-05   1.252454E-04
1   1      -5   -4   -4   0.008444      8.174860E-04     -1.374630E-04   2.326853E-04
1   1      -5   -4   -2  -0.000214     -1.130800E-06     -4.960410E-05   2.877179E-04
1   1      -5   -3   -1  -0.000214     -1.130800E-06     -4.960410E-05   3.845766E-03
1   1      -5   -2   -4  -0.000214     -1.130800E-06     -4.960410E-05   2.877179E-04
1   1      -5   -1   -3  -0.000214     -1.130800E-06     -4.960410E-05   3.845766E-03
1   1      -5   -1   -1   0.008444      8.174860E-04     -1.374630E-04   5.925692E-03
1   1      -4   -5   -4   0.008444      8.174860E-04     -1.374630E-04   2.326853E-04
1   1      -4   -5   -2  -0.000214     -1.130800E-06     -4.960410E-05   2.877179E-04
1   1      -4   -4   -5   0.008444      8.174860E-04     -1.374630E-04   2.326853E-04
1   1      -4   -2   -5  -0.000214     -1.130800E-06     -4.960410E-05   2.877179E-04
1   1      -4   -2    1  -0.000214     -1.130800E-06     -4.960410E-05   8.233438E-03
1   1      -4    0    1   0.008444      8.174860E-04     -1.374630E-04   1.041175E-02
1   1      -4    1   -2  -0.000214     -1.130800E-06     -4.960410E-05   8.233438E-03
1   1      -4    1    0   0.008444      8.174860E-04     -1.374630E-04   1.041175E-02
1   1      -3   -5   -1  -0.000214     -1.130800E-06     -4.960410E-05   3.845766E-03
1   1      -3   -2    2  -0.000214     -1.130800E-06     -4.960410E-05   1.076096E-02
1   1      -3   -1   -5  -0.000214     -1.130800E-06     -4.960410E-05   3.845766E-03
1   1      -3    2   -2  -0.000214     -1.130800E-06     -4.960410E-05   1.076096E-02
1   1      -2   -5   -4  -0.000214     -1.130800E-06     -4.960410E-05   2.877179E-04
1   1      -2   -4   -5  -0.000214     -1.130800E-06     -4.960410E-05   2.877179E-04
1   1      -2   -4    1  -0.000214     -1.130800E-06     -4.960410E-05   8.233438E-03
1   1      -2   -3    2  -0.000214     -1.130800E-06     -4.960410E-05   1.076096E-02
1   1      -2    1   -4  -0.000214     -1.130800E-06     -4.960410E-05   8.233438E-03
1   1      -2    2   -3  -0.000214     -1.130800E-06     -4.960410E-05   1.076096E-02
1   1      -2    2    3  -0.000214     -1.130800E-06     -4.960410E-05   1.076096E-02
1   1      -2    3    2  -0.000214     -1.130800E-06     -4.960410E-05   1.076096E-02
1   1      -1   -5   -3  -0.000214     -1.130800E-06     -4.960410E-05   3.845766E-03
1   1      -1   -5   -1   0.008444      8.174860E-04     -1.374630E-04   5.925692E-03
1   1      -1   -3   -5  -0.000214     -1.130800E-06     -4.960410E-05   3.845766E-03
1   1      -1   -1   -5   0.008444      8.174860E-04     -1.374630E-04   5.925692E-03
1   1      -1    0    4   0.008444      8.174860E-04     -1.374630E-04   1.041175E-02
1   1      -1    2    4  -0.000214     -1.130800E-06     -4.960410E-05   8.233438E-03
1   1      -1    4    0   0.008444      8.174860E-04     -1.374630E-04   1.041175E-02
1   1      -1    4    2  -0.000214     -1.130800E-06     -4.960410E-05   8.233438E-03
1   1       0   -4    1   0.008444      8.174860E-04     -1.374630E-04   1.041175E-02
1   1       0   -1    4   0.008444      8.174860E-04     -1.374630E-04   1.041175E-02
1   1       0    1   -4   0.008444      8.174860E-04     -1.374630E-04   1.041175E-02
1   1       0    4   -1   0.008444      8.174860E-04     -1.374630E-04   1.041175E-02
1   1       1   -4   -2  -0.000214     -1.130800E-06     -4.960410E-05   8.233438E-03
1   1       1   -4    0   0.008444      8.174860E-04     -1.374630E-04   1.041175E-02
1   1       1   -2   -4  -0.000214     -1.130800E-06     -4.960410E-05   8.233438E-03
1   1       1    0   -4   0.008444      8.174860E-04     -1.374630E-04   1.041175E-02
1   1       1    1    5   0.008444      8.174860E-04     -1.374630E-04   5.925692E-03
1   1       1    3    5  -0.000214     -1.130800E-06     -4.960410E-05   3.845766E-03
1   1       1    5    1   0.008444      8.174860E-04     -1.374630E-04   5.925692E-03
1   1       1    5    3  -0.000214     -1.130800E-06     -4.960410E-05   3.845766E-03
1   1       2   -3   -2  -0.000214     -1.130800E-06     -4.960410E-05   1.076096E-02
1   1       2   -2   -3  -0.000214     -1.130800E-06     -4.960410E-05   1.076096E-02
1   1       2   -2    3  -0.000214     -1.130800E-06     -4.960410E-05   1.076096E-02
1   1       2   -1    4  -0.000214     -1.130800E-06     -4.960410E-05   8.233438E-03
1   1       2    3   -2  -0.000214     -1.130800E-06     -4.960410E-05   1.076096E-02
1   1       2    4   -1  -0.000214     -1.130800E-06     -4.960410E-05   8.233438E-03
1   1       2    4    5  -0.000214     -1.130800E-06     -4.960410E-05   2.877179E-04
1   1       2    5    4  -0.000214     -1.130800E-06     -4.960410E-05   2.877179E-04
1   1       3   -2    2  -0.000214     -1.130800E-06     -4.960410E-05   1.076096E-02
1   1       3    1    5  -0.000214     -1.130800E-06     -4.960410E-05   3.845766E-03
1   1       3    2   -2  -0.000214     -1.130800E-06     -4.960410E-05   1.076096E-02
1   1       3    5    1  -0.000214     -1.130800E-06     -4.960410E-05   3.845766E-03
1   1       4   -1    0   0.008444      8.174860E-04     -1.374630E-04   1.041175E-02
1   1       4   -1    2  -0.000214     -1.130800E-06     -4.960410E-05   8.233438E-03
1   1       4    0   -1   0.008444      8.174860E-04     -1.374630E-04   1.041175E-02
1   1       4    2   -1  -0.000214     -1.130800E-06     -4.960410E-05   8.233438E-03
1   1       4    2    5  -0.000214     -1.130800E-06     -4.960410E-05   2.877179E-04
1   1       4    4    5   0.008444      8.174860E-04     -1.374630E-04   2.326853E-04
1   1       4    5    2  -0.000214     -1.130800E-06     -4.960410E-05   2.877179E-04
1   1       4    5    4   0.008444      8.174860E-04     -1.374630E-04   2.326853E-04
1   1       5    1    1   0.008444      8.174860E-04     -1.374630E-04   5.925692E-03
1   1       5    1    3  -0.000214     -1.130800E-06     -4.960410E-05   3.845766E-03
1   1       5    2    4  -0.000214     -1.130800E-06     -4.960410E-05   2.877179E-04
1   1       5    3    1  -0.000214     -1.130800E-06     -4.960410E-05   3.845766E-03
1   1       5    4    2  -0.000214     -1.130800E-06     -4.960410E-05   2.877179E-04
1   1       5    4    4   0.008444      8.174860E-04     -1.374630E-04   2.326853E-04
1   1      -4   -4    0  -0.010106     -3.290930E-03      4.992560E-04   1.740449E-03
1   1      -4    0   -4  -0.010106     -3.290930E-03      4.992560E-04   1.740449E-03
1   1       0   -4   -4  -0.010106     -3.290930E-03      4.992560E-04   1.740449E-03
1   1       0    4    4  -0.010106     -3.290930E-03      4.992560E-04   1.740449E-03
1   1       4    0    4  -0.010106     -3.290930E-03      4.992560E-04   1.740449E-03
1   1       4    4    0  -0.010106     -3.290930E-03      4.992560E-04   1.740449E-03
1   1      -2   -5    0   0.000990     -1.652490E-04      1.964010E-04   4.036213E-03
1   1      -2   -2    3   0.000990     -1.652490E-04      1.964010E-04   1.057790E-02
1   1       2    2   -3   0.000990     -1.652490E-04      1.964010E-04   1.057790E-02
1   1       2    5    0   0.000990     -1.652490E-04      1.964010E-04   4.036213E-03
1   1      -5   -5   -3   0.000990     -1.652490E-04      1.964010E-04   4.874767E-05
1   1      -5   -3   -5   0.000990     -1.652490E-04      1.964010E-04   4.874767E-05
1   1      -5   -2    0   0.000990     -1.652490E-04      1.964010E-04   4.036213E-03
1   1      -5    0   -2   0.000990     -1.652490E-04      1.964010E-04   4.036213E-03
1   1      -3   -5   -5   0.000990     -1.652490E-04      1.964010E-04   4.874767E-05
1   1      -3    2    2   0.000990     -1.652490E-04      1.964010E-04   1.057790E-02
1   1      -2    0   -5   0.000990     -1.652490E-04      1.964010E-04   4.036213E-03
1   1      -2    3   -2   0.000990     -1.652490E-04      1.964010E-04   1.057790E-02
1   1       0   -5   -2   0.000990     -1.652490E-04      1.964010E-04   4.036213E-03
1   1       0   -2   -5   0.000990     -1.652490E-04      1.964010E-04   4.036213E-03
1   1       0    2    5   0.000990     -1.652490E-04      1.964010E-04   4.036213E-03
1   1       0    5    2   0.000990     -1.652490E-04      1.964010E-04   4.036213E-03
1   1       2   -3    2   0.000990     -1.652490E-04      1.964010E-04   1.057790E-02
1   1       2    0    5   0.000990     -1.652490E-04      1.964010E-04   4.036213E-03
1   1       3   -2   -2   0.000990     -1.652490E-04      1.964010E-04   1.057790E-02
1   1       3    5    5   0.000990     -1.652490E-04      1.964010E-04   4.874767E-05
1   1       5    0    2   0.000990     -1.652490E-04      1.964010E-04   4.036213E-03
1   1       5    2    0   0.000990     -1.652490E-04      1.964010E-04   4.036213E-03
1   1       5    3    5   0.000990     -1.652490E-04      1.964010E-04   4.874767E-05
1   1       5    5    3   0.000990     -1.652490E-04      1.964010E-04   4.874767E-05
1   1      -5   -5   -4  -0.022349     -6.400790E-04     -1.400910E-05  -1.386690E-04
1   1      -5   -4   -1   0.000949     -6.443070E-05     -5.410810E-05   2.551340E-04
1   1      -5   -1   -4   0.000949     -6.443070E-05     -5.410810E-05   2.551340E-04
1   1      -5   -1    0  -0.022349     -6.400790E-04     -1.400910E-05   4.028947E-03
1   1      -4   -5   -5  -0.022349     -6.400790E-04     -1.400910E-05  -1.386690E-04
1   1      -4   -5   -1   0.000949     -6.443070E-05     -5.410810E-05   2.551340E-04
1   1      -4   -3    1   0.000949     -6.443070E-05     -5.410810E-05   5.972637E-03
1   1      -4   -1   -5   0.000949     -6.443070E-05     -5.410810E-05   2.551340E-04
1   1      -4    1   -3   0.000949     -6.443070E-05     -5.410810E-05   5.972637E-03
1   1      -4    1    1  -0.022349     -6.400790E-04     -1.400910E-05   8.374603E-03
1   1      -3   -4    1   0.000949     -6.443070E-05     -5.410810E-05   5.972637E-03
1   1      -3    1   -4   0.000949     -6.443070E-05     -5.410810E-05   5.972637E-03
1   1      -1   -5   -4   0.000949     -6.443070E-05     -5.410810E-05   2.551340E-04
1   1      -1   -5    0  -0.022349     -6.400790E-04     -1.400910E-05   4.028947E-03
1   1      -1   -4   -5   0.000949     -6.443070E-05     -5.410810E-05   2.551340E-04
1   1      -1   -1    4  -0.022349     -6.400790E-04     -1.400910E-05   8.374603E-03
1   1      -1    0   -5  -0.022349     -6.400790E-04     -1.400910E-05   4.028947E-03
1   1      -1    3    4   0.000949     -6.443070E-05     -5.410810E-05   5.972637E-03
1   1      -1    4    3   0.000949     -6.443070E-05     -5.410810E-05   5.972637E-03
1   1       0   -5   -1  -0.022349     -6.400790E-04     -1.400910E-05   4.028947E-03
1   1       0   -1   -5  -0.022349     -6.400790E-04     -1.400910E-05   4.028947E-03
1   1       0    1    5  -0.022349     -6.400790E-04     -1.400910E-05   4.028947E-03
1   1       0    5    1  -0.022349     -6.400790E-04     -1.400910E-05   4.028947E-03
1   1       1   -4   -3   0.000949     -6.443070E-05     -5.410810E-05   5.972637E-03
1   1       1   -3   -4   0.000949     -6.443070E-05     -5.410810E-05   5.972637E-03
1   1       1    0    5  -0.022349     -6.400790E-04     -1.400910E-05   4.028947E-03
1   1       1    1   -4  -0.022349     -6.400790E-04     -1.400910E-05   8.374603E-03
1   1       1    4    5   0.000949     -6.443070E-05     -5.410810E-05   2.551340E-04
1   1       1    5    0  -0.022349     -6.400790E-04     -1.400910E-05   4.028947E-03
1   1       1    5    4   0.000949     -6.443070E-05     -5.410810E-05   2.551340E-04
1   1       3   -1    4   0.000949     -6.443070E-05     -5.410810E-05   5.972637E-03
1   1       3    4   -1   0.000949     -6.443070E-05     -5.410810E-05   5.972637E-03
1   1       4   -1   -1  -0.022349     -6.400790E-04     -1.400910E-05   8.374603E-03
1   1       4   -1    3   0.000949     -6.443070E-05     -5.410810E-05   5.972637E-03
1   1       4    1    5   0.000949     -6.443070E-05     -5.410810E-05   2.551340E-04
1   1       4    3   -1   0.000949     -6.443070E-05     -5.410810E-05   5.972637E-03
1   1       4    5    1   0.000949     -6.443070E-05     -5.410810E-05   2.551340E-04
1   1       4    5    5  -0.022349     -6.400790E-04     -1.400910E-05  -1.386690E-04
1   1       5    1    0  -0.022349     -6.400790E-04     -1.400910E-05   4.028947E-03
1   1       5    1    4   0.000949     -6.443070E-05     -5.410810E-05   2.551340E-04
1   1       5    4    1   0.000949     -6.443070E-05     -5.410810E-05   2.551340E-04
1   1       5    5    4  -0.022349     -6.400790E-04     -1.400910E-05  -1.386690E-04
1   1      -5   -4   -5  -0.022349     -6.400790E-04     -1.400910E-05  -1.386690E-04
1   1      -5    0   -1  -0.022349     -6.400790E-04     -1.400910E-05   4.028947E-03
1   1      -1    4   -1  -0.022349     -6.400790E-04     -1.400910E-05   8.374603E-03
1   1       1   -4    1  -0.022349     -6.400790E-04     -1.400910E-05   8.374603E-03
1   1       5    0    1  -0.022349     -6.400790E-04     -1.400910E-05   4.028947E-03
1   1       5    4    5  -0.022349     -6.400790E-04     -1.400910E-05  -1.386690E-04
1   1      -6   -3   -3   0.008709      1.871760E-04      2.466720E-06   1.160645E-04
1   1      -5   -5   -2   0.009512     -2.231640E-04     -4.079650E-05   8.256913E-05
1   1      -5   -2   -5   0.009512     -2.231640E-04     -4.079650E-05   8.256913E-05
1   1      -3   -3    2   0.009512     -2.231640E-04     -4.079650E-05   5.848293E-03
1   1      -3    0    3   0.008709      1.871760E-04      2.466720E-06   8.557200E-03
1   1      -3    3    0   0.008709      1.871760E-04      2.466720E-06   8.557200E-03
1   1      -2   -5   -5   0.009512     -2.231640E-04     -4.079650E-05   8.256913E-05
1   1       0   -3    3   0.008709      1.871760E-04      2.466720E-06   8.557200E-03
1   1       0    3   -3   0.008709      1.871760E-04      2.466720E-06   8.557200E-03
1   1       2    5    5   0.009512     -2.231640E-04     -4.079650E-05   8.256913E-05
1   1       3   -3    0   0.008709      1.871760E-04      2.466720E-06   8.557200E-03
1   1       3    0   -3   0.008709      1.871760E-04      2.466720E-06   8.557200E-03
1   1       3    3   -2   0.009512     -2.231640E-04     -4.079650E-05   5.848293E-03
1   1       5    2    5   0.009512     -2.231640E-04     -4.079650E-05   8.256913E-05
1   1       5    5    2   0.009512     -2.231640E-04     -4.079650E-05   8.256913E-05
1   1       6    3    3   0.008709      1.871760E-04      2.466720E-06   1.160645E-04
1   1      -5   -3    0   0.009512     -2.231640E-04     -4.079650E-05   2.160228E-03
1   1      -5    0   -3   0.009512     -2.231640E-04     -4.079650E-05   2.160228E-03
1   1      -3   -6   -3   0.008709      1.871760E-04      2.466720E-06   1.160645E-04
1   1      -3   -5    0   0.009512     -2.231640E-04     -4.079650E-05   2.160228E-03
1   1      -3   -3   -6   0.008709      1.871760E-04      2.466720E-06   1.160645E-04
1   1      -3    0   -5   0.009512     -2.231640E-04     -4.079650E-05   2.160228E-03
1   1      -3    2   -3   0.009512     -2.231640E-04     -4.079650E-05   5.848293E-03
1   1      -2    3    3   0.009512     -2.231640E-04     -4.079650E-05   5.848293E-03
1   1       0   -5   -3   0.009512     -2.231640E-04     -4.079650E-05   2.160228E-03
1   1       0   -3   -5   0.009512     -2.231640E-04     -4.079650E-05   2.160228E-03
1   1       0    3    5   0.009512     -2.231640E-04     -4.079650E-05   2.160228E-03
1   1       0    5    3   0.009512     -2.231640E-04     -4.079650E-05   2.160228E-03
1   1       2   -3   -3   0.009512     -2.231640E-04     -4.079650E-05   5.848293E-03
1   1       3   -2    3   0.009512     -2.231640E-04     -4.079650E-05   5.848293E-03
1   1       3    0    5   0.009512     -2.231640E-04     -4.079650E-05   2.160228E-03
1   1       3    3    6   0.008709      1.871760E-04      2.466720E-06   1.160645E-04
1   1       3    5    0   0.009512     -2.231640E-04     -4.079650E-05   2.160228E-03
1   1       3    6    3   0.008709      1.871760E-04      2.466720E-06   1.160645E-04
1   1       5    0    3   0.009512     -2.231640E-04     -4.079650E-05   2.160228E-03
1   1       5    3    0   0.009512     -2.231640E-04     -4.079650E-05   2.160228E-03
1   1      -6   -4   -3  -0.000977      2.085320E-05     -3.942640E-05   3.882741E-05
1   1      -6   -3   -4  -0.000977      2.085320E-05     -3.942640E-05   3.882741E-05
1   1      -6   -3   -2  -0.000977      2.085320E-05     -3.942640E-05   2.523418E-04
1   1      -6   -2   -3  -0.000977      2.085320E-05     -3.942640E-05   2.523418E-04
1   1      -4   -1    2  -0.000977      2.085320E-05     -3.942640E-05   8.109528E-03
1   1      -4    2   -1  -0.000977      2.085320E-05     -3.942640E-05   8.109528E-03
1   1      -3   -6   -4  -0.000977      2.085320E-05     -3.942640E-05   3.882741E-05
1   1      -3   -4   -6  -0.000977      2.085320E-05     -3.942640E-05   3.882741E-05
1   1      -3   -1    3  -0.000977      2.085320E-05     -3.942640E-05   9.913341E-03
1   1      -3    3   -1  -0.000977      2.085320E-05     -3.942640E-05   9.913341E-03
1   1      -3    3    1  -0.000977      2.085320E-05     -3.942640E-05   9.913341E-03
1   1      -2    4    1  -0.000977      2.085320E-05     -3.942640E-05   8.109528E-03
1   1      -1   -4    2  -0.000977      2.085320E-05     -3.942640E-05   8.109528E-03
1   1       1    4   -2  -0.000977      2.085320E-05     -3.942640E-05   8.109528E-03
1   1       2   -4   -1  -0.000977      2.085320E-05     -3.942640E-05   8.109528E-03
1   1       3   -3   -1  -0.000977      2.085320E-05     -3.942640E-05   9.913341E-03
1   1       3   -3    1  -0.000977      2.085320E-05     -3.942640E-05   9.913341E-03
1   1       3    1   -3  -0.000977      2.085320E-05     -3.942640E-05   9.913341E-03
1   1       3    4    6  -0.000977      2.085320E-05     -3.942640E-05   3.882741E-05
1   1       3    6    4  -0.000977      2.085320E-05     -3.942640E-05   3.882741E-05
1   1       4   -2    1  -0.000977      2.085320E-05     -3.942640E-05   8.109528E-03
1   1       4    1   -2  -0.000977      2.085320E-05     -3.942640E-05   8.109528E-03
1   1       6    2    3  -0.000977      2.085320E-05     -3.942640E-05   2.523418E-04
1   1       6    3    2  -0.000977      2.085320E-05     -3.942640E-05   2.523418E-04
1   1       6    3    4  -0.000977      2.085320E-05     -3.942640E-05   3.882741E-05
1   1       6    4    3  -0.000977      2.085320E-05     -3.942640E-05   3.882741E-05
1   1      -5   -5   -5  -0.011656     -1.542680E-03     -2.295790E-05  -3.765518E-04
1   1      -5    0    0  -0.011656     -1.542680E-03     -2.295790E-05   3.699270E-03
1   1      -4   -3   -6  -0.000977      2.085320E-05     -3.942640E-05   3.882741E-05
1   1      -3   -6   -2  -0.000977      2.085320E-05     -3.942640E-05   2.523418E-04
1   1      -3   -2   -6  -0.000977      2.085320E-05     -3.942640E-05   2.523418E-04
1   1      -3    1    3  -0.000977      2.085320E-05     -3.942640E-05   9.913341E-03
1   1      -2   -6   -3  -0.000977      2.085320E-05     -3.942640E-05   2.523418E-04
1   1      -2   -3   -6  -0.000977      2.085320E-05     -3.942640E-05   2.523418E-04
1   1      -2    1    4  -0.000977      2.085320E-05     -3.942640E-05   8.109528E-03
1   1      -1   -3    3  -0.000977      2.085320E-05     -3.942640E-05   9.913341E-03
1   1      -1    2   -4  -0.000977      2.085320E-05     -3.942640E-05   8.109528E-03
1   1      -1    3   -3  -0.000977      2.085320E-05     -3.942640E-05   9.913341E-03
1   1       0   -5    0  -0.011656     -1.542680E-03     -2.295790E-05   3.699270E-03
1   1       0    0   -5  -0.011656     -1.542680E-03     -2.295790E-05   3.699270E-03
1   1       0    0    5  -0.011656     -1.542680E-03     -2.295790E-05   3.699270E-03
1   1       0    5    0  -0.011656     -1.542680E-03     -2.295790E-05   3.699270E-03
1   1       1   -3    3  -0.000977      2.085320E-05     -3.942640E-05   9.913341E-03
1   1       1   -2    4  -0.000977      2.085320E-05     -3.942640E-05   8.109528E-03
1   1       1    3   -3  -0.000977      2.085320E-05     -3.942640E-05   9.913341E-03
1   1       2   -1   -4  -0.000977      2.085320E-05     -3.942640E-05   8.109528E-03
1   1       2    3    6  -0.000977      2.085320E-05     -3.942640E-05   2.523418E-04
1   1       2    6    3  -0.000977      2.085320E-05     -3.942640E-05   2.523418E-04
1   1       3   -1   -3  -0.000977      2.085320E-05     -3.942640E-05   9.913341E-03
1   1       3    2    6  -0.000977      2.085320E-05     -3.942640E-05   2.523418E-04
1   1       3    6    2  -0.000977      2.085320E-05     -3.942640E-05   2.523418E-04
1   1       4    3    6  -0.000977      2.085320E-05     -3.942640E-05   3.882741E-05
1   1       5    0    0  -0.011656     -1.542680E-03     -2.295790E-05   3.699270E-03
1   1       5    5    5  -0.011656     -1.542680E-03     -2.295790E-05  -3.765518E-04
1   1      -4   -6   -3  -0.000977      2.085320E-05     -3.942640E-05   3.882741E-05
1   1       4    6    3  -0.000977      2.085320E-05     -3.942640E-05   3.882741E-05
1   1      -6   -4   -4   0.005383      8.970430E-05      1.192160E-05   4.620636E-05
1   1      -6   -2   -2   0.005383      8.970430E-05      1.192160E-05   3.122017E-04
1   1      -4   -4   -6   0.005383      8.970430E-05      1.192160E-05   4.620636E-05
1   1      -4    0    2   0.005383      8.970430E-05      1.192160E-05   6.612757E-03
1   1      -4    2    0   0.005383      8.970430E-05      1.192160E-05   6.612757E-03
1   1      -2   -6   -2   0.005383      8.970430E-05      1.192160E-05   3.122017E-04
1   1      -2   -2   -6   0.005383      8.970430E-05      1.192160E-05   3.122017E-04
1   1      -2    0    4   0.005383      8.970430E-05      1.192160E-05   6.612757E-03
1   1      -2    4    0   0.005383      8.970430E-05      1.192160E-05   6.612757E-03
1   1       0   -4    2   0.005383      8.970430E-05      1.192160E-05   6.612757E-03
1   1       0   -2    4   0.005383      8.970430E-05      1.192160E-05   6.612757E-03
1   1       0    2   -4   0.005383      8.970430E-05      1.192160E-05   6.612757E-03
1   1       0    4   -2   0.005383      8.970430E-05      1.192160E-05   6.612757E-03
1   1       2   -4    0   0.005383      8.970430E-05      1.192160E-05   6.612757E-03
1   1       2    0   -4   0.005383      8.970430E-05      1.192160E-05   6.612757E-03
1   1       2    2    6   0.005383      8.970430E-05      1.192160E-05   3.122017E-04
1   1       2    6    2   0.005383      8.970430E-05      1.192160E-05   3.122017E-04
1   1       4   -2    0   0.005383      8.970430E-05      1.192160E-05   6.612757E-03
1   1       4    0   -2   0.005383      8.970430E-05      1.192160E-05   6.612757E-03
1   1       4    4    6   0.005383      8.970430E-05      1.192160E-05   4.620636E-05
1   1       6    2    2   0.005383      8.970430E-05      1.192160E-05   3.122017E-04
1   1       6    4    4   0.005383      8.970430E-05      1.192160E-05   4.620636E-05
1   1      -4   -6   -4   0.005383      8.970430E-05      1.192160E-05   4.620636E-05
1   1       4    6    4   0.005383      8.970430E-05      1.192160E-05   4.620636E-05
1   1      -6   -4   -2  -0.000726      3.299440E-04      4.323740E-05   2.315183E-04
1   1      -6   -2   -4  -0.000726      3.299440E-04      4.323740E-05   2.315183E-04
1   1      -4   -6   -2  -0.000726      3.299440E-04      4.323740E-05   2.315183E-04
1   1      -4   -2   -6  -0.000726      3.299440E-04      4.323740E-05   2.315183E-04
1   1      -4   -2    2  -0.000726      3.299440E-04      4.323740E-05   4.414139E-03
1   1      -4    2   -2  -0.000726      3.299440E-04      4.323740E-05   4.414139E-03
1   1      -2   -6   -4  -0.000726      3.299440E-04      4.323740E-05   2.315183E-04
1   1      -2   -4   -6  -0.000726      3.299440E-04      4.323740E-05   2.315183E-04
1   1      -2   -4    2  -0.000726      3.299440E-04      4.323740E-05   4.414139E-03
1   1      -2    2   -4  -0.000726      3.299440E-04      4.323740E-05   4.414139E-03
1   1      -2    2    4  -0.000726      3.299440E-04      4.323740E-05   4.414139E-03
1   1      -2    4    2  -0.000726      3.299440E-04      4.323740E-05   4.414139E-03
1   1       2   -4   -2  -0.000726      3.299440E-04      4.323740E-05   4.414139E-03
1   1       2   -2   -4  -0.000726      3.299440E-04      4.323740E-05   4.414139E-03
1   1       2   -2    4  -0.000726      3.299440E-04      4.323740E-05   4.414139E-03
1   1       2    4   -2  -0.000726      3.299440E-04      4.323740E-05   4.414139E-03
1   1       2    4    6  -0.000726      3.299440E-04      4.323740E-05   2.315183E-04
1   1       2    6    4  -0.000726      3.299440E-04      4.323740E-05   2.315183E-04
1   1       4   -2    2  -0.000726      3.299440E-04      4.323740E-05   4.414139E-03
1   1       4    2   -2  -0.000726      3.299440E-04      4.323740E-05   4.414139E-03
1   1       4    2    6  -0.000726      3.299440E-04      4.323740E-05   2.315183E-04
1   1       4    6    2  -0.000726      3.299440E-04      4.323740E-05   2.315183E-04
1   1       6    2    4  -0.000726      3.299440E-04      4.323740E-05   2.315183E-04
1   1       6    4    2  -0.000726      3.299440E-04      4.323740E-05   2.315183E-04
1   1      -6   -5   -4   0.003452      9.437510E-05     -1.778750E-04  -7.445171E-06
1   1      -6   -2   -1   0.003452      9.437510E-05     -1.778750E-04   2.726498E-04
1   1      -6   -1   -2   0.003452      9.437510E-05     -1.778750E-04   2.726498E-04
1   1      -4    2    1   0.003452      9.437510E-05     -1.778750E-04   6.362139E-03
1   1      -2    4   -1   0.003452      9.437510E-05     -1.778750E-04   6.362139E-03
1   1      -1    5    1   0.003452      9.437510E-05     -1.778750E-04   4.006854E-03
1   1       1   -5   -1   0.003452      9.437510E-05     -1.778750E-04   4.006854E-03
1   1       2   -4    1   0.003452      9.437510E-05     -1.778750E-04   6.362139E-03
1   1       4   -2   -1   0.003452      9.437510E-05     -1.778750E-04   6.362139E-03
1   1       6    1    2   0.003452      9.437510E-05     -1.778750E-04   2.726498E-04
1   1       6    2    1   0.003452      9.437510E-05     -1.778750E-04   2.726498E-04
1   1       6    5    4   0.003452      9.437510E-05     -1.778750E-04  -7.445171E-06
1   1      -6   -4   -5   0.003452      9.437510E-05     -1.778750E-04  -7.445171E-06
1   1      -5   -5   -1   0.002039      3.336020E-04      1.667490E-05   2.319024E-04
1   1      -5   -4   -6   0.003452      9.437510E-05     -1.778750E-04  -7.445171E-06
1   1      -5   -4    0   0.002039      3.336020E-04      1.667490E-05   1.980545E-03
1   1      -4   -6   -5   0.003452      9.437510E-05     -1.778750E-04  -7.445171E-06
1   1      -4   -5   -6   0.003452      9.437510E-05     -1.778750E-04  -7.445171E-06
1   1      -4   -5    0   0.002039      3.336020E-04      1.667490E-05   1.980545E-03
1   1      -4   -4    1   0.002039      3.336020E-04      1.667490E-05   2.161319E-03
1   1      -4    1    2   0.003452      9.437510E-05     -1.778750E-04   6.362139E-03
1   1      -2   -6   -1   0.003452      9.437510E-05     -1.778750E-04   2.726498E-04
1   1      -2   -1   -6   0.003452      9.437510E-05     -1.778750E-04   2.726498E-04
1   1      -2   -1    4   0.003452      9.437510E-05     -1.778750E-04   6.362139E-03
1   1      -1   -6   -2   0.003452      9.437510E-05     -1.778750E-04   2.726498E-04
1   1      -1   -5    1   0.003452      9.437510E-05     -1.778750E-04   4.006854E-03
1   1      -1   -2   -6   0.003452      9.437510E-05     -1.778750E-04   2.726498E-04
1   1      -1   -2    4   0.003452      9.437510E-05     -1.778750E-04   6.362139E-03
1   1      -1    1   -5   0.003452      9.437510E-05     -1.778750E-04   4.006854E-03
1   1      -1    1    5   0.003452      9.437510E-05     -1.778750E-04   4.006854E-03
1   1      -1    4   -2   0.003452      9.437510E-05     -1.778750E-04   6.362139E-03
1   1       1   -4    2   0.003452      9.437510E-05     -1.778750E-04   6.362139E-03
1   1       1   -1   -5   0.003452      9.437510E-05     -1.778750E-04   4.006854E-03
1   1       1   -1    5   0.003452      9.437510E-05     -1.778750E-04   4.006854E-03
1   1       1    2   -4   0.003452      9.437510E-05     -1.778750E-04   6.362139E-03
1   1       1    2    6   0.003452      9.437510E-05     -1.778750E-04   2.726498E-04
1   1       1    5   -1   0.003452      9.437510E-05     -1.778750E-04   4.006854E-03
1   1       1    6    2   0.003452      9.437510E-05     -1.778750E-04   2.726498E-04
1   1       2    1   -4   0.003452      9.437510E-05     -1.778750E-04   6.362139E-03
1   1       2    1    6   0.003452      9.437510E-05     -1.778750E-04   2.726498E-04
1   1       2    6    1   0.003452      9.437510E-05     -1.778750E-04   2.726498E-04
1   1       4   -1   -2   0.003452      9.437510E-05     -1.778750E-04   6.362139E-03
1   1       4    4   -1   0.002039      3.336020E-04      1.667490E-05   2.161319E-03
1   1       4    5    0   0.002039      3.336020E-04      1.667490E-05   1.980545E-03
1   1       4    5    6   0.003452      9.437510E-05     -1.778750E-04  -7.445171E-06
1   1       4    6    5   0.003452      9.437510E-05     -1.778750E-04  -7.445171E-06
1   1       5    4    0   0.002039      3.336020E-04      1.667490E-05   1.980545E-03
1   1       5    4    6   0.003452      9.437510E-05     -1.778750E-04  -7.445171E-06
1   1       5    5    1   0.002039      3.336020E-04      1.667490E-05   2.319024E-04
1   1       6    4    5   0.003452      9.437510E-05     -1.778750E-04  -7.445171E-06
1   1      -5   -6   -4   0.003452      9.437510E-05     -1.778750E-04  -7.445171E-06
1   1      -5   -1   -5   0.002039      3.336020E-04      1.667490E-05   2.319024E-04
1   1      -5   -1    1   0.003452      9.437510E-05     -1.778750E-04   4.006854E-03
1   1      -5    0   -4   0.002039      3.336020E-04      1.667490E-05   1.980545E-03
1   1      -5    1   -1   0.003452      9.437510E-05     -1.778750E-04   4.006854E-03
1   1      -4    0   -5   0.002039      3.336020E-04      1.667490E-05   1.980545E-03
1   1      -4    1   -4   0.002039      3.336020E-04      1.667490E-05   2.161319E-03
1   1      -1   -5   -5   0.002039      3.336020E-04      1.667490E-05   2.319024E-04
1   1      -1    4    4   0.002039      3.336020E-04      1.667490E-05   2.161319E-03
1   1       0   -5   -4   0.002039      3.336020E-04      1.667490E-05   1.980545E-03
1   1       0   -4   -5   0.002039      3.336020E-04      1.667490E-05   1.980545E-03
1   1       0    4    5   0.002039      3.336020E-04      1.667490E-05   1.980545E-03
1   1       0    5    4   0.002039      3.336020E-04      1.667490E-05   1.980545E-03
1   1       1   -4   -4   0.002039      3.336020E-04      1.667490E-05   2.161319E-03
1   1       1    5    5   0.002039      3.336020E-04      1.667490E-05   2.319024E-04
1   1       4   -1    4   0.002039      3.336020E-04      1.667490E-05   2.161319E-03
1   1       4    0    5   0.002039      3.336020E-04      1.667490E-05   1.980545E-03
1   1       5   -1    1   0.003452      9.437510E-05     -1.778750E-04   4.006854E-03
1   1       5    0    4   0.002039      3.336020E-04      1.667490E-05   1.980545E-03
1   1       5    1   -1   0.003452      9.437510E-05     -1.778750E-04   4.006854E-03
1   1       5    1    5   0.002039      3.336020E-04      1.667490E-05   2.319024E-04
1   1       5    6    4   0.003452      9.437510E-05     -1.778750E-04  -7.445171E-06
1   1      -6   -3   -5  -0.001075      2.941200E-05     -1.557740E-06   2.431219E-05
1   1      -6   -3   -1  -0.001075      2.941200E-05     -1.557740E-06   1.952596E-04
1   1      -6   -1   -3  -0.001075      2.941200E-05     -1.557740E-06   1.952596E-04
1   1      -3    3   -2  -0.001075      2.941200E-05     -1.557740E-06   7.550759E-03
1   1      -3    3    2  -0.001075      2.941200E-05     -1.557740E-06   7.550759E-03
1   1      -1    5    2  -0.001075      2.941200E-05     -1.557740E-06   4.006538E-03
1   1       1   -5   -2  -0.001075      2.941200E-05     -1.557740E-06   4.006538E-03
1   1       3   -3   -2  -0.001075      2.941200E-05     -1.557740E-06   7.550759E-03
1   1       3   -3    2  -0.001075      2.941200E-05     -1.557740E-06   7.550759E-03
1   1       6    1    3  -0.001075      2.941200E-05     -1.557740E-06   1.952596E-04
1   1       6    3    1  -0.001075      2.941200E-05     -1.557740E-06   1.952596E-04
1   1       6    3    5  -0.001075      2.941200E-05     -1.557740E-06   2.431219E-05
1   1      -6   -5   -3  -0.001075      2.941200E-05     -1.557740E-06   2.431219E-05
1   1      -5   -3   -6  -0.001075      2.941200E-05     -1.557740E-06   2.431219E-05
1   1      -5   -2    1  -0.001075      2.941200E-05     -1.557740E-06   4.006538E-03
1   1      -5    1   -2  -0.001075      2.941200E-05     -1.557740E-06   4.006538E-03
1   1      -3   -6   -5  -0.001075      2.941200E-05     -1.557740E-06   2.431219E-05
1   1      -3   -6   -1  -0.001075      2.941200E-05     -1.557740E-06   1.952596E-04
1   1      -3   -5   -6  -0.001075      2.941200E-05     -1.557740E-06   2.431219E-05
1   1      -3   -2    3  -0.001075      2.941200E-05     -1.557740E-06   7.550759E-03
1   1      -3   -1   -6  -0.001075      2.941200E-05     -1.557740E-06   1.952596E-04
1   1      -3    2    3  -0.001075      2.941200E-05     -1.557740E-06   7.550759E-03
1   1      -2   -5    1  -0.001075      2.941200E-05     -1.557740E-06   4.006538E-03
1   1      -2   -3    3  -0.001075      2.941200E-05     -1.557740E-06   7.550759E-03
1   1      -2    1   -5  -0.001075      2.941200E-05     -1.557740E-06   4.006538E-03
1   1      -2    3   -3  -0.001075      2.941200E-05     -1.557740E-06   7.550759E-03
1   1      -1   -6   -3  -0.001075      2.941200E-05     -1.557740E-06   1.952596E-04
1   1      -1   -3   -6  -0.001075      2.941200E-05     -1.557740E-06   1.952596E-04
1   1      -1    2    5  -0.001075      2.941200E-05     -1.557740E-06   4.006538E-03
1   1       1   -2   -5  -0.001075      2.941200E-05     -1.557740E-06   4.006538E-03
1   1       1    3    6  -0.001075      2.941200E-05     -1.557740E-06   1.952596E-04
1   1       1    6    3  -0.001075      2.941200E-05     -1.557740E-06   1.952596E-04
1   1       2   -3    3  -0.001075      2.941200E-05     -1.557740E-06   7.550759E-03
1   1       2   -1    5  -0.001075      2.941200E-05     -1.557740E-06   4.006538E-03
1   1       2    3   -3  -0.001075      2.941200E-05     -1.557740E-06   7.550759E-03
1   1       2    5   -1  -0.001075      2.941200E-05     -1.557740E-06   4.006538E-03
1   1       3   -2   -3  -0.001075      2.941200E-05     -1.557740E-06   7.550759E-03
1   1       3    1    6  -0.001075      2.941200E-05     -1.557740E-06   1.952596E-04
1   1       3    2   -3  -0.001075      2.941200E-05     -1.557740E-06   7.550759E-03
1   1       3    5    6  -0.001075      2.941200E-05     -1.557740E-06   2.431219E-05
1   1       3    6    1  -0.001075      2.941200E-05     -1.557740E-06   1.952596E-04
1   1       3    6    5  -0.001075      2.941200E-05     -1.557740E-06   2.431219E-05
1   1       5   -1    2  -0.001075      2.941200E-05     -1.557740E-06   4.006538E-03
1   1       5    2   -1  -0.001075      2.941200E-05     -1.557740E-06   4.006538E-03
1   1       5    3    6  -0.001075      2.941200E-05     -1.557740E-06   2.431219E-05
1   1       6    5    3  -0.001075      2.941200E-05     -1.557740E-06   2.431219E-05
1   1      -5   -6   -3  -0.001075      2.941200E-05     -1.557740E-06   2.431219E-05
1   1       5    6    3  -0.001075      2.941200E-05     -1.557740E-06   2.431219E-05
1   1      -6   -5   -5  -0.013494     -1.304260E-04      2.526570E-04   3.489644E-05
1   1      -6   -1   -1  -0.013494     -1.304260E-04      2.526570E-04   3.697275E-04
1   1      -1   -1   -6  -0.013494     -1.304260E-04      2.526570E-04   3.697275E-04
1   1      -1    0    5  -0.013494     -1.304260E-04      2.526570E-04   4.165077E-03
1   1      -1    5    0  -0.013494     -1.304260E-04      2.526570E-04   4.165077E-03
1   1       0   -1    5  -0.013494     -1.304260E-04      2.526570E-04   4.165077E-03
1   1       0    1   -5  -0.013494     -1.304260E-04      2.526570E-04   4.165077E-03
1   1       1   -5    0  -0.013494     -1.304260E-04      2.526570E-04   4.165077E-03
1   1       1    0   -5  -0.013494     -1.304260E-04      2.526570E-04   4.165077E-03
1   1       1    1    6  -0.013494     -1.304260E-04      2.526570E-04   3.697275E-04
1   1       6    1    1  -0.013494     -1.304260E-04      2.526570E-04   3.697275E-04
1   1       6    5    5  -0.013494     -1.304260E-04      2.526570E-04   3.489644E-05
1   1      -5   -6   -5  -0.013494     -1.304260E-04      2.526570E-04   3.489644E-05
1   1      -5   -5   -6  -0.013494     -1.304260E-04      2.526570E-04   3.489644E-05
1   1      -5    0    1  -0.013494     -1.304260E-04      2.526570E-04   4.165077E-03
1   1      -5    1    0  -0.013494     -1.304260E-04      2.526570E-04   4.165077E-03
1   1      -1   -6   -1  -0.013494     -1.304260E-04      2.526570E-04   3.697275E-04
1   1       0   -5    1  -0.013494     -1.304260E-04      2.526570E-04   4.165077E-03
1   1       0    5   -1  -0.013494     -1.304260E-04      2.526570E-04   4.165077E-03
1   1       1    6    1  -0.013494     -1.304260E-04      2.526570E-04   3.697275E-04
1   1       5   -1    0  -0.013494     -1.304260E-04      2.526570E-04   4.165077E-03
1   1       5    0   -1  -0.013494     -1.304260E-04      2.526570E-04   4.165077E-03
1   1       5    5    6  -0.013494     -1.304260E-04      2.526570E-04   3.489644E-05
1   1       5    6    5  -0.013494     -1.304260E-04      2.526570E-04   3.489644E-05
1   1      -6   -4   -1  -0.000739      9.029590E-05     -1.252380E-05   1.545669E-04
1   1      -6   -2   -5  -0.000739      9.029590E-05     -1.252380E-05   4.235997E-05
1   1      -6   -1   -4  -0.000739      9.029590E-05     -1.252380E-05   1.545669E-04
1   1      -4    2   -3  -0.000739      9.029590E-05     -1.252380E-05   2.227715E-03
1   1      -2    4    3  -0.000739      9.029590E-05     -1.252380E-05   2.227715E-03
1   1      -1    5    3  -0.000739      9.029590E-05     -1.252380E-05   2.031874E-03
1   1       1   -5   -3  -0.000739      9.029590E-05     -1.252380E-05   2.031874E-03
1   1       2   -4   -3  -0.000739      9.029590E-05     -1.252380E-05   2.227715E-03
1   1       4   -2    3  -0.000739      9.029590E-05     -1.252380E-05   2.227715E-03
1   1       6    1    4  -0.000739      9.029590E-05     -1.252380E-05   1.545669E-04
1   1       6    2    5  -0.000739      9.029590E-05     -1.252380E-05   4.235997E-05
1   1       6    4    1  -0.000739      9.029590E-05     -1.252380E-05   1.545669E-04
1   1      -6   -5   -2  -0.000739      9.029590E-05     -1.252380E-05   4.235997E-05
1   1      -5   -6   -2  -0.000739      9.029590E-05     -1.252380E-05   4.235997E-05
1   1      -5   -3    1  -0.000739      9.029590E-05     -1.252380E-05   2.031874E-03
1   1      -5   -2   -6  -0.000739      9.029590E-05     -1.252380E-05   4.235997E-05
1   1      -5    1   -3  -0.000739      9.029590E-05     -1.252380E-05   2.031874E-03
1   1      -4   -6   -1  -0.000739      9.029590E-05     -1.252380E-05   1.545669E-04
1   1      -4   -3    2  -0.000739      9.029590E-05     -1.252380E-05   2.227715E-03
1   1      -4   -1   -6  -0.000739      9.029590E-05     -1.252380E-05   1.545669E-04
1   1      -3   -5    1  -0.000739      9.029590E-05     -1.252380E-05   2.031874E-03
1   1      -3   -4    2  -0.000739      9.029590E-05     -1.252380E-05   2.227715E-03
1   1      -3    1   -5  -0.000739      9.029590E-05     -1.252380E-05   2.031874E-03
1   1      -3    2   -4  -0.000739      9.029590E-05     -1.252380E-05   2.227715E-03
1   1      -2   -6   -5  -0.000739      9.029590E-05     -1.252380E-05   4.235997E-05
1   1      -2   -5   -6  -0.000739      9.029590E-05     -1.252380E-05   4.235997E-05
1   1      -2    3    4  -0.000739      9.029590E-05     -1.252380E-05   2.227715E-03
1   1      -1   -6   -4  -0.000739      9.029590E-05     -1.252380E-05   1.545669E-04
1   1      -1   -4   -6  -0.000739      9.029590E-05     -1.252380E-05   1.545669E-04
1   1      -1    3    5  -0.000739      9.029590E-05     -1.252380E-05   2.031874E-03
1   1       1   -3   -5  -0.000739      9.029590E-05     -1.252380E-05   2.031874E-03
1   1       1    4    6  -0.000739      9.029590E-05     -1.252380E-05   1.545669E-04
1   1       1    6    4  -0.000739      9.029590E-05     -1.252380E-05   1.545669E-04
1   1       2   -3   -4  -0.000739      9.029590E-05     -1.252380E-05   2.227715E-03
1   1       2    5    6  -0.000739      9.029590E-05     -1.252380E-05   4.235997E-05
1   1       2    6    5  -0.000739      9.029590E-05     -1.252380E-05   4.235997E-05
1   1       3   -2    4  -0.000739      9.029590E-05     -1.252380E-05   2.227715E-03
1   1       3   -1    5  -0.000739      9.029590E-05     -1.252380E-05   2.031874E-03
1   1       3    4   -2  -0.000739      9.029590E-05     -1.252380E-05   2.227715E-03
1   1       3    5   -1  -0.000739      9.029590E-05     -1.252380E-05   2.031874E-03
1   1       4    1    6  -0.000739      9.029590E-05     -1.252380E-05   1.545669E-04
1   1       4    3   -2  -0.000739      9.029590E-05     -1.252380E-05   2.227715E-03
1   1       4    6    1  -0.000739      9.029590E-05     -1.252380E-05   1.545669E-04
1   1       5   -1    3  -0.000739      9.029590E-05     -1.252380E-05   2.031874E-03
1   1       5    2    6  -0.000739      9.029590E-05     -1.252380E-05   4.235997E-05
1   1       5    3   -1  -0.000739      9.029590E-05     -1.252380E-05   2.031874E-03
1   1       5    6    2  -0.000739      9.029590E-05     -1.252380E-05   4.235997E-05
1   1       6    5    2  -0.000739      9.029590E-05     -1.252380E-05   4.235997E-05
1   1      -6   -6   -4  -0.000570      4.238420E-04     -2.594630E-05   1.048010E-04
1   1      -6   -2    0  -0.000570      4.238420E-04     -2.594630E-05   3.964579E-04
1   1      -6    0   -2  -0.000570      4.238420E-04     -2.594630E-05   3.964579E-04
1   1      -4    2    2  -0.000570      4.238420E-04     -2.594630E-05   6.084679E-03
1   1      -2    4   -2  -0.000570      4.238420E-04     -2.594630E-05   6.084679E-03
1   1       0   -6   -2  -0.000570      4.238420E-04     -2.594630E-05   3.964579E-04
1   1       0    6    2  -0.000570      4.238420E-04     -2.594630E-05   3.964579E-04
1   1       2   -4    2  -0.000570      4.238420E-04     -2.594630E-05   6.084679E-03
1   1       4   -2   -2  -0.000570      4.238420E-04     -2.594630E-05   6.084679E-03
1   1       6    0    2  -0.000570      4.238420E-04     -2.594630E-05   3.964579E-04
1   1       6    2    0  -0.000570      4.238420E-04     -2.594630E-05   3.964579E-04
1   1       6    6    4  -0.000570      4.238420E-04     -2.594630E-05   1.048010E-04
1   1      -6   -4   -6  -0.000570      4.238420E-04     -2.594630E-05   1.048010E-04
1   1      -2   -6    0  -0.000570      4.238420E-04     -2.594630E-05   3.964579E-04
1   1      -2   -2    4  -0.000570      4.238420E-04     -2.594630E-05   6.084679E-03
1   1      -2    0   -6  -0.000570      4.238420E-04     -2.594630E-05   3.964579E-04
1   1       0   -2   -6  -0.000570      4.238420E-04     -2.594630E-05   3.964579E-04
1   1       0    2    6  -0.000570      4.238420E-04     -2.594630E-05   3.964579E-04
1   1       2    0    6  -0.000570      4.238420E-04     -2.594630E-05   3.964579E-04
1   1       2    2   -4  -0.000570      4.238420E-04     -2.594630E-05   6.084679E-03
1   1       2    6    0  -0.000570      4.238420E-04     -2.594630E-05   3.964579E-04
1   1       6    4    6  -0.000570      4.238420E-04     -2.594630E-05   1.048010E-04
1   1      -4   -6   -6  -0.000570      4.238420E-04     -2.594630E-05   1.048010E-04
1   1       4    6    6  -0.000570      4.238420E-04     -2.594630E-05   1.048010E-04
1   1      -6   -6   -5   0.010735     -3.718670E-04      3.877520E-05   0.000000E+00
1   1      -6   -3    0  -0.004643      4.947200E-04     -1.488370E-05   2.953038E-04
1   1      -6   -1    0   0.010735     -3.718670E-04      3.877520E-05   1.877392E-03
1   1      -6    0   -3  -0.004643      4.947200E-04     -1.488370E-05   2.953038E-04
1   1      -6    0   -1   0.010735     -3.718670E-04      3.877520E-05   1.877392E-03
1   1      -3   -3    3  -0.004643      4.947200E-04     -1.488370E-05   2.428071E-03
1   1      -3    3   -3  -0.004643      4.947200E-04     -1.488370E-05   2.428071E-03
1   1      -3    3    3  -0.004643      4.947200E-04     -1.488370E-05   2.428071E-03
1   1      -1    5   -1   0.010735     -3.718670E-04      3.877520E-05   5.535655E-03
1   1       0   -6   -3  -0.004643      4.947200E-04     -1.488370E-05   2.953038E-04
1   1       0   -6   -1   0.010735     -3.718670E-04      3.877520E-05   1.877392E-03
1   1       0    6    1   0.010735     -3.718670E-04      3.877520E-05   1.877392E-03
1   1       0    6    3  -0.004643      4.947200E-04     -1.488370E-05   2.953038E-04
1   1       1   -5    1   0.010735     -3.718670E-04      3.877520E-05   5.535655E-03
1   1       3   -3   -3  -0.004643      4.947200E-04     -1.488370E-05   2.428071E-03
1   1       3   -3    3  -0.004643      4.947200E-04     -1.488370E-05   2.428071E-03
1   1       3    3   -3  -0.004643      4.947200E-04     -1.488370E-05   2.428071E-03
1   1       6    0    1   0.010735     -3.718670E-04      3.877520E-05   1.877392E-03
1   1       6    0    3  -0.004643      4.947200E-04     -1.488370E-05   2.953038E-04
1   1       6    1    0   0.010735     -3.718670E-04      3.877520E-05   1.877392E-03
1   1       6    3    0  -0.004643      4.947200E-04     -1.488370E-05   2.953038E-04
1   1       6    6    5   0.010735     -3.718670E-04      3.877520E-05   0.000000E+00
1   1      -7   -4   -4   0.001128     -1.489630E-04      1.637450E-05  -2.717011E-05
1   1      -7   -3   -3   0.001128     -1.489630E-04      1.637450E-05  -1.122330E-05
1   1      -6   -6   -3  -0.004643      4.947200E-04     -1.488370E-05   1.281953E-04
1   1      -6   -5   -6   0.010735     -3.718670E-04      3.877520E-05   0.000000E+00
1   1      -4   -7   -4   0.001128     -1.489630E-04      1.637450E-05  -2.717011E-05
1   1      -4   -4   -7   0.001128     -1.489630E-04      1.637450E-05  -2.717011E-05
1   1      -4    0    3   0.001128     -1.489630E-04      1.637450E-05   5.638237E-03
1   1      -4    3    0   0.001128     -1.489630E-04      1.637450E-05   5.638237E-03
1   1      -3   -7   -3   0.001128     -1.489630E-04      1.637450E-05  -1.122330E-05
1   1      -3   -3   -7   0.001128     -1.489630E-04      1.637450E-05  -1.122330E-05
1   1      -3    0    4   0.001128     -1.489630E-04      1.637450E-05   5.638237E-03
1   1      -3    4    0   0.001128     -1.489630E-04      1.637450E-05   5.638237E-03
1   1      -1   -6    0   0.010735     -3.718670E-04      3.877520E-05   1.877392E-03
1   1      -1   -1    5   0.010735     -3.718670E-04      3.877520E-05   5.535655E-03
1   1      -1    0   -6   0.010735     -3.718670E-04      3.877520E-05   1.877392E-03
1   1       0   -4    3   0.001128     -1.489630E-04      1.637450E-05   5.638237E-03
1   1       0   -3    4   0.001128     -1.489630E-04      1.637450E-05   5.638237E-03
1   1       0   -1   -6   0.010735     -3.718670E-04      3.877520E-05   1.877392E-03
1   1       0    1    6   0.010735     -3.718670E-04      3.877520E-05   1.877392E-03
1   1       0    3   -4   0.001128     -1.489630E-04      1.637450E-05   5.638237E-03
1   1       0    4   -3   0.001128     -1.489630E-04      1.637450E-05   5.638237E-03
1   1       1    0    6   0.010735     -3.718670E-04      3.877520E-05   1.877392E-03
1   1       1    1   -5   0.010735     -3.718670E-04      3.877520E-05   5.535655E-03
1   1       1    6    0   0.010735     -3.718670E-04      3.877520E-05   1.877392E-03
1   1       3   -4    0   0.001128     -1.489630E-04      1.637450E-05   5.638237E-03
1   1       3    0   -4   0.001128     -1.489630E-04      1.637450E-05   5.638237E-03
1   1       3    3    7   0.001128     -1.489630E-04      1.637450E-05  -1.122330E-05
1   1       3    7    3   0.001128     -1.489630E-04      1.637450E-05  -1.122330E-05
1   1       4   -3    0   0.001128     -1.489630E-04      1.637450E-05   5.638237E-03
1   1       4    0   -3   0.001128     -1.489630E-04      1.637450E-05   5.638237E-03
1   1       4    4    7   0.001128     -1.489630E-04      1.637450E-05  -2.717011E-05
1   1       4    7    4   0.001128     -1.489630E-04      1.637450E-05  -2.717011E-05
1   1       6    5    6   0.010735     -3.718670E-04      3.877520E-05   0.000000E+00
1   1       6    6    3  -0.004643      4.947200E-04     -1.488370E-05   1.281953E-04
1   1       7    3    3   0.001128     -1.489630E-04      1.637450E-05  -1.122330E-05
1   1       7    4    4   0.001128     -1.489630E-04      1.637450E-05  -2.717011E-05
1   1      -6   -3   -6  -0.004643      4.947200E-04     -1.488370E-05   1.281953E-04
1   1      -5   -6   -6   0.010735     -3.718670E-04      3.877520E-05   0.000000E+00
1   1      -5    1    1   0.010735     -3.718670E-04      3.877520E-05   5.535655E-03
1   1      -3   -6   -6  -0.004643      4.947200E-04     -1.488370E-05   1.281953E-04
1   1      -3   -6    0  -0.004643      4.947200E-04     -1.488370E-05   2.953038E-04
1   1      -3    0   -6  -0.004643      4.947200E-04     -1.488370E-05   2.953038E-04
1   1       0   -3   -6  -0.004643      4.947200E-04     -1.488370E-05   2.953038E-04
1   1       0    3    6  -0.004643      4.947200E-04     -1.488370E-05   2.953038E-04
1   1       3    0    6  -0.004643      4.947200E-04     -1.488370E-05   2.953038E-04
1   1       3    6    0  -0.004643      4.947200E-04     -1.488370E-05   2.953038E-04
1   1       3    6    6  -0.004643      4.947200E-04     -1.488370E-05   1.281953E-04
1   1       5   -1   -1   0.010735     -3.718670E-04      3.877520E-05   5.535655E-03
1   1       5    6    6   0.010735     -3.718670E-04      3.877520E-05   0.000000E+00
1   1       6    3    6  -0.004643      4.947200E-04     -1.488370E-05   1.281953E-04
1   1      -7   -4   -3  -0.000018     -1.278440E-04     -5.329740E-06  -2.550158E-05
1   1      -7   -3   -4  -0.000018     -1.278440E-04     -5.329740E-06  -2.550158E-05
1   1      -4   -7   -3  -0.000018     -1.278440E-04     -5.329740E-06  -2.550158E-05
1   1      -4   -3   -7  -0.000018     -1.278440E-04     -5.329740E-06  -2.550158E-05
1   1      -4   -1    3  -0.000018     -1.278440E-04     -5.329740E-06   3.958266E-03
1   1      -4    3   -1  -0.000018     -1.278440E-04     -5.329740E-06   3.958266E-03
1   1      -3   -7   -4  -0.000018     -1.278440E-04     -5.329740E-06  -2.550158E-05
1   1      -3   -4   -7  -0.000018     -1.278440E-04     -5.329740E-06  -2.550158E-05
1   1      -3    1    4  -0.000018     -1.278440E-04     -5.329740E-06   3.958266E-03
1   1      -3    4    1  -0.000018     -1.278440E-04     -5.329740E-06   3.958266E-03
1   1      -1   -4    3  -0.000018     -1.278440E-04     -5.329740E-06   3.958266E-03
1   1      -1    3   -4  -0.000018     -1.278440E-04     -5.329740E-06   3.958266E-03
1   1       1   -3    4  -0.000018     -1.278440E-04     -5.329740E-06   3.958266E-03
1   1       1    4   -3  -0.000018     -1.278440E-04     -5.329740E-06   3.958266E-03
1   1       3   -4   -1  -0.000018     -1.278440E-04     -5.329740E-06   3.958266E-03
1   1       3   -1   -4  -0.000018     -1.278440E-04     -5.329740E-06   3.958266E-03
1   1       3    4    7  -0.000018     -1.278440E-04     -5.329740E-06  -2.550158E-05
1   1       3    7    4  -0.000018     -1.278440E-04     -5.329740E-06  -2.550158E-05
1   1       4   -3    1  -0.000018     -1.278440E-04     -5.329740E-06   3.958266E-03
1   1       4    1   -3  -0.000018     -1.278440E-04     -5.329740E-06   3.958266E-03
1   1       4    3    7  -0.000018     -1.278440E-04     -5.329740E-06  -2.550158E-05
1   1       4    7    3  -0.000018     -1.278440E-04     -5.329740E-06  -2.550158E-05
1   1       7    3    4  -0.000018     -1.278440E-04     -5.329740E-06  -2.550158E-05
1   1       7    4    3  -0.000018     -1.278440E-04     -5.329740E-06  -2.550158E-05
1   1      -5   -5    0  -0.003727      1.672770E-03      3.118880E-05   5.823758E-04
1   1      -5    0   -5  -0.003727      1.672770E-03      3.118880E-05   5.823758E-04
1   1       0   -5   -5  -0.003727      1.672770E-03      3.118880E-05   5.823758E-04
1   1       0    5    5  -0.003727      1.672770E-03      3.118880E-05   5.823758E-04
1   1       5    0    5  -0.003727      1.672770E-03      3.118880E-05   5.823758E-04
1   1       5    5    0  -0.003727      1.672770E-03      3.118880E-05   5.823758E-04
