i   j        dx     dy     dz         Jij            χ⁰↑            χ⁰↓            Xzz
1   1    -1.000 -1.000 -1.000    0.000000   3.701760E-02   3.701760E-02   1.850880E-02
1   1     1.000  1.000  1.000    0.000000   3.701760E-02   3.701760E-02   1.850880E-02
1   1     0.000 -1.000  0.000    0.000000   1.786030E-02   1.786030E-02   8.930150E-03
1   1     0.000  0.000 -1.000    0.000000   1.786030E-02   1.786030E-02   8.930150E-03
1   1     0.000  0.000  1.000    0.000000   1.786030E-02   1.786030E-02   8.930150E-03
1   1     0.000  1.000  0.000    0.000000   1.786030E-02   1.786030E-02   8.930150E-03
1   1    -1.000  0.000  0.000    0.000000  -1.117030E-01  -1.117030E-01  -5.585150E-02
1   1     1.000  0.000  0.000    0.000000  -1.117030E-01  -1.117030E-01  -5.585150E-02
1   1     0.000 -1.000 -1.000    0.000000   3.613130E-02   3.613130E-02   1.806565E-02
1   1     0.000  1.000  1.000    0.000000   3.613130E-02   3.613130E-02   1.806565E-02
1   1    -1.000 -1.000  0.000    0.000000   4.946780E-02   4.946780E-02   2.473390E-02
1   1    -1.000  0.000 -1.000    0.000000   4.946780E-02   4.946780E-02   2.473390E-02
1   1     1.000  0.000  1.000    0.000000   4.946780E-02   4.946780E-02   2.473390E-02
1   1     1.000  1.000  0.000    0.000000   4.946780E-02   4.946780E-02   2.473390E-02
1   1    -1.000 -2.000 -1.000    0.000000   1.886230E-03   1.886230E-03   9.431150E-04
1   1    -1.000 -1.000 -2.000    0.000000   1.886230E-03   1.886230E-03   9.431150E-04
1   1     1.000  1.000  2.000    0.000000   1.886230E-03   1.886230E-03   9.431150E-04
1   1     1.000  2.000  1.000    0.000000   1.886230E-03   1.886230E-03   9.431150E-04
1   1    -2.000 -1.000 -1.000    0.000000  -2.101870E-03  -2.101870E-03  -1.050935E-03
1   1     2.000  1.000  1.000    0.000000  -2.101870E-03  -2.101870E-03  -1.050935E-03
1   1    -1.000  0.000  1.000    0.000000  -2.894450E-04  -2.894450E-04  -1.447225E-04
1   1    -1.000  1.000  0.000    0.000000  -2.894450E-04  -2.894450E-04  -1.447225E-04
1   1     1.000 -1.000  0.000    0.000000  -2.894450E-04  -2.894450E-04  -1.447225E-04
1   1     1.000  0.000 -1.000    0.000000  -2.894450E-04  -2.894450E-04  -1.447225E-04
1   1     0.000 -1.000  1.000    0.000000  -4.514040E-03  -4.514040E-03  -2.257020E-03
1   1     0.000  1.000 -1.000    0.000000  -4.514040E-03  -4.514040E-03  -2.257020E-03
1   1    -1.000 -2.000 -2.000    0.000000   6.531660E-03   6.531660E-03   3.265830E-03
1   1     1.000  2.000  2.000    0.000000   6.531660E-03   6.531660E-03   3.265830E-03
1   1     0.000 -2.000 -1.000    0.000000   1.553220E-03   1.553220E-03   7.766100E-04
1   1     0.000 -1.000 -2.000    0.000000   1.553220E-03   1.553220E-03   7.766100E-04
1   1     0.000  1.000  2.000    0.000000   1.553220E-03   1.553220E-03   7.766100E-04
1   1     0.000  2.000  1.000    0.000000   1.553220E-03   1.553220E-03   7.766100E-04
1   1    -2.000 -2.000 -1.000    0.000000  -1.360080E-02  -1.360080E-02  -6.800400E-03
1   1    -2.000 -1.000 -2.000    0.000000  -1.360080E-02  -1.360080E-02  -6.800400E-03
1   1     2.000  1.000  2.000    0.000000  -1.360080E-02  -1.360080E-02  -6.800400E-03
1   1     2.000  2.000  1.000    0.000000  -1.360080E-02  -1.360080E-02  -6.800400E-03
1   1    -1.000  1.000  1.000    0.000000  -2.584270E-03  -2.584270E-03  -1.292135E-03
1   1     1.000 -1.000 -1.000    0.000000  -2.584270E-03  -2.584270E-03  -1.292135E-03
1   1    -1.000 -2.000  0.000    0.000000  -8.792100E-04  -8.792100E-04  -4.396050E-04
1   1    -1.000  0.000 -2.000    0.000000  -8.792100E-04  -8.792100E-04  -4.396050E-04
1   1     1.000  0.000  2.000    0.000000  -8.792100E-04  -8.792100E-04  -4.396050E-04
1   1     1.000  2.000  0.000    0.000000  -8.792100E-04  -8.792100E-04  -4.396050E-04
1   1    -2.000 -1.000  0.000    0.000000  -2.342010E-03  -2.342010E-03  -1.171005E-03
1   1    -2.000  0.000 -1.000    0.000000  -2.342010E-03  -2.342010E-03  -1.171005E-03
1   1     2.000  0.000  1.000    0.000000  -2.342010E-03  -2.342010E-03  -1.171005E-03
1   1     2.000  1.000  0.000    0.000000  -2.342010E-03  -2.342010E-03  -1.171005E-03
1   1    -1.000 -1.000  1.000    0.000000  -2.003100E-03  -2.003100E-03  -1.001550E-03
1   1    -1.000  1.000 -1.000    0.000000  -2.003100E-03  -2.003100E-03  -1.001550E-03
1   1     1.000 -1.000  1.000    0.000000  -2.003100E-03  -2.003100E-03  -1.001550E-03
1   1     1.000  1.000 -1.000    0.000000  -2.003100E-03  -2.003100E-03  -1.001550E-03
1   1    -2.000 -2.000 -2.000    0.000000   3.331400E-02   3.331400E-02   1.665700E-02
1   1     2.000  2.000  2.000    0.000000   3.331400E-02   3.331400E-02   1.665700E-02
1   1     0.000 -2.000  0.000    0.000000   6.654350E-03   6.654350E-03   3.327175E-03
1   1     0.000  0.000 -2.000    0.000000   6.654350E-03   6.654350E-03   3.327175E-03
1   1     0.000  0.000  2.000    0.000000   6.654350E-03   6.654350E-03   3.327175E-03
1   1     0.000  2.000  0.000    0.000000   6.654350E-03   6.654350E-03   3.327175E-03
1   1    -2.000  0.000  0.000    0.000000   1.728440E-03   1.728440E-03   8.642200E-04
1   1     2.000  0.000  0.000    0.000000   1.728440E-03   1.728440E-03   8.642200E-04
1   1     0.000 -2.000 -2.000    0.000000   6.331490E-03   6.331490E-03   3.165745E-03
1   1     0.000  2.000  2.000    0.000000   6.331490E-03   6.331490E-03   3.165745E-03
1   1    -2.000 -2.000  0.000    0.000000   7.635200E-03   7.635200E-03   3.817600E-03
1   1    -2.000  0.000 -2.000    0.000000   7.635200E-03   7.635200E-03   3.817600E-03
1   1     2.000  0.000  2.000    0.000000   7.635200E-03   7.635200E-03   3.817600E-03
1   1     2.000  2.000  0.000    0.000000   7.635200E-03   7.635200E-03   3.817600E-03
1   1    -2.000 -3.000 -2.000    0.000000   6.534930E-04   6.534930E-04   3.267465E-04
1   1    -2.000 -2.000 -3.000    0.000000   6.534930E-04   6.534930E-04   3.267465E-04
1   1     2.000  2.000  3.000    0.000000   6.534930E-04   6.534930E-04   3.267465E-04
1   1     2.000  3.000  2.000    0.000000   6.534930E-04   6.534930E-04   3.267465E-04
1   1    -3.000 -2.000 -2.000    0.000000   1.252190E-03   1.252190E-03   6.260950E-04
1   1     3.000  2.000  2.000    0.000000   1.252190E-03   1.252190E-03   6.260950E-04
1   1    -1.000 -1.000 -3.000    0.000000   1.595170E-03   1.595170E-03   7.975850E-04
1   1     1.000  1.000  3.000    0.000000   1.595170E-03   1.595170E-03   7.975850E-04
1   1    -1.000 -3.000 -1.000    0.000000   1.595170E-03   1.595170E-03   7.975850E-04
1   1     1.000  3.000  1.000    0.000000   1.595170E-03   1.595170E-03   7.975850E-04
1   1    -3.000 -1.000 -1.000    0.000000   4.361810E-04   4.361810E-04   2.180905E-04
1   1     3.000  1.000  1.000    0.000000   4.361810E-04   4.361810E-04   2.180905E-04
1   1    -1.000  0.000  2.000    0.000000   5.237810E-03   5.237810E-03   2.618905E-03
1   1    -1.000  2.000  0.000    0.000000   5.237810E-03   5.237810E-03   2.618905E-03
1   1     1.000 -2.000  0.000    0.000000   5.237810E-03   5.237810E-03   2.618905E-03
1   1     1.000  0.000 -2.000    0.000000   5.237810E-03   5.237810E-03   2.618905E-03
1   1    -2.000  0.000  1.000    0.000000   5.201950E-04   5.201950E-04   2.600975E-04
1   1    -2.000  1.000  0.000    0.000000   5.201950E-04   5.201950E-04   2.600975E-04
1   1     2.000 -1.000  0.000    0.000000   5.201950E-04   5.201950E-04   2.600975E-04
1   1     2.000  0.000 -1.000    0.000000   5.201950E-04   5.201950E-04   2.600975E-04
1   1     0.000 -1.000  2.000    0.000000   6.737960E-04   6.737960E-04   3.368980E-04
1   1     0.000  1.000 -2.000    0.000000   6.737960E-04   6.737960E-04   3.368980E-04
1   1     0.000 -2.000  1.000    0.000000   6.737960E-04   6.737960E-04   3.368980E-04
1   1     0.000  2.000 -1.000    0.000000   6.737960E-04   6.737960E-04   3.368980E-04
1   1    -1.000 -3.000 -2.000    0.000000  -3.128590E-04  -3.128590E-04  -1.564295E-04
1   1    -1.000 -2.000 -3.000    0.000000  -3.128590E-04  -3.128590E-04  -1.564295E-04
1   1     1.000  2.000  3.000    0.000000  -3.128590E-04  -3.128590E-04  -1.564295E-04
1   1     1.000  3.000  2.000    0.000000  -3.128590E-04  -3.128590E-04  -1.564295E-04
1   1    -2.000 -3.000 -1.000    0.000000   4.814080E-04   4.814080E-04   2.407040E-04
1   1    -2.000 -1.000 -3.000    0.000000   4.814080E-04   4.814080E-04   2.407040E-04
1   1     2.000  1.000  3.000    0.000000   4.814080E-04   4.814080E-04   2.407040E-04
1   1     2.000  3.000  1.000    0.000000   4.814080E-04   4.814080E-04   2.407040E-04
1   1    -1.000  1.000  2.000    0.000000  -1.874690E-03  -1.874690E-03  -9.373450E-04
1   1    -1.000  2.000  1.000    0.000000  -1.874690E-03  -1.874690E-03  -9.373450E-04
1   1     1.000 -2.000 -1.000    0.000000  -1.874690E-03  -1.874690E-03  -9.373450E-04
1   1     1.000 -1.000 -2.000    0.000000  -1.874690E-03  -1.874690E-03  -9.373450E-04
1   1    -3.000 -2.000 -1.000    0.000000  -5.543860E-04  -5.543860E-04  -2.771930E-04
1   1    -3.000 -1.000 -2.000    0.000000  -5.543860E-04  -5.543860E-04  -2.771930E-04
1   1     3.000  1.000  2.000    0.000000  -5.543860E-04  -5.543860E-04  -2.771930E-04
1   1     3.000  2.000  1.000    0.000000  -5.543860E-04  -5.543860E-04  -2.771930E-04
1   1    -2.000 -1.000  1.000    0.000000  -4.824860E-05  -4.824860E-05  -2.412430E-05
1   1    -2.000  1.000 -1.000    0.000000  -4.824860E-05  -4.824860E-05  -2.412430E-05
1   1     2.000 -1.000  1.000    0.000000  -4.824860E-05  -4.824860E-05  -2.412430E-05
1   1     2.000  1.000 -1.000    0.000000  -4.824860E-05  -4.824860E-05  -2.412430E-05
1   1    -1.000  1.000 -2.000    0.000000  -1.365200E-03  -1.365200E-03  -6.826000E-04
1   1     1.000 -1.000  2.000    0.000000  -1.365200E-03  -1.365200E-03  -6.826000E-04
1   1    -1.000 -2.000  1.000    0.000000  -1.365200E-03  -1.365200E-03  -6.826000E-04
1   1     1.000  2.000 -1.000    0.000000  -1.365200E-03  -1.365200E-03  -6.826000E-04
1   1    -2.000 -3.000 -3.000    0.000000   2.624820E-03   2.624820E-03   1.312410E-03
1   1     2.000  3.000  3.000    0.000000   2.624820E-03   2.624820E-03   1.312410E-03
1   1    -3.000 -3.000 -2.000    0.000000   9.778390E-03   9.778390E-03   4.889195E-03
1   1    -3.000 -2.000 -3.000    0.000000   9.778390E-03   9.778390E-03   4.889195E-03
1   1     3.000  2.000  3.000    0.000000   9.778390E-03   9.778390E-03   4.889195E-03
1   1     3.000  3.000  2.000    0.000000   9.778390E-03   9.778390E-03   4.889195E-03
1   1     0.000 -3.000 -1.000    0.000000   9.846690E-04   9.846690E-04   4.923345E-04
1   1     0.000 -1.000 -3.000    0.000000   9.846690E-04   9.846690E-04   4.923345E-04
1   1     0.000  1.000  3.000    0.000000   9.846690E-04   9.846690E-04   4.923345E-04
1   1     0.000  3.000  1.000    0.000000   9.846690E-04   9.846690E-04   4.923345E-04
1   1    -1.000 -3.000  0.000    0.000000   2.574720E-03   2.574720E-03   1.287360E-03
1   1    -1.000  0.000 -3.000    0.000000   2.574720E-03   2.574720E-03   1.287360E-03
1   1     1.000  0.000  3.000    0.000000   2.574720E-03   2.574720E-03   1.287360E-03
1   1     1.000  3.000  0.000    0.000000   2.574720E-03   2.574720E-03   1.287360E-03
1   1    -2.000  1.000  1.000    0.000000   2.350850E-04   2.350850E-04   1.175425E-04
1   1     2.000 -1.000 -1.000    0.000000   2.350850E-04   2.350850E-04   1.175425E-04
1   1    -3.000 -1.000  0.000    0.000000   1.619790E-03   1.619790E-03   8.098950E-04
1   1    -3.000  0.000 -1.000    0.000000   1.619790E-03   1.619790E-03   8.098950E-04
1   1     3.000  0.000  1.000    0.000000   1.619790E-03   1.619790E-03   8.098950E-04
1   1     3.000  1.000  0.000    0.000000   1.619790E-03   1.619790E-03   8.098950E-04
1   1    -1.000 -1.000  2.000    0.000000   1.880650E-03   1.880650E-03   9.403250E-04
1   1     1.000  1.000 -2.000    0.000000   1.880650E-03   1.880650E-03   9.403250E-04
1   1    -1.000  2.000 -1.000    0.000000   1.880650E-03   1.880650E-03   9.403250E-04
1   1     1.000 -2.000  1.000    0.000000   1.880650E-03   1.880650E-03   9.403250E-04
1   1    -1.000 -3.000 -3.000    0.000000  -8.660800E-04  -8.660800E-04  -4.330400E-04
1   1     1.000  3.000  3.000    0.000000  -8.660800E-04  -8.660800E-04  -4.330400E-04
1   1    -3.000 -3.000 -3.000    0.000000  -5.325870E-03  -5.325870E-03  -2.662935E-03
1   1     3.000  3.000  3.000    0.000000  -5.325870E-03  -5.325870E-03  -2.662935E-03
1   1     0.000 -3.000 -2.000    0.000000  -2.902170E-04  -2.902170E-04  -1.451085E-04
1   1     0.000  3.000  2.000    0.000000  -2.902170E-04  -2.902170E-04  -1.451085E-04
1   1     0.000 -2.000 -3.000    0.000000  -2.902170E-04  -2.902170E-04  -1.451085E-04
1   1     0.000  2.000  3.000    0.000000  -2.902170E-04  -2.902170E-04  -1.451085E-04
1   1    -1.000  2.000  2.000    0.000000   1.110610E-03   1.110610E-03   5.553050E-04
1   1     1.000 -2.000 -2.000    0.000000   1.110610E-03   1.110610E-03   5.553050E-04
1   1    -3.000 -3.000 -1.000    0.000000  -1.226020E-03  -1.226020E-03  -6.130100E-04
1   1    -3.000 -1.000 -3.000    0.000000  -1.226020E-03  -1.226020E-03  -6.130100E-04
1   1     3.000  1.000  3.000    0.000000  -1.226020E-03  -1.226020E-03  -6.130100E-04
1   1     3.000  3.000  1.000    0.000000  -1.226020E-03  -1.226020E-03  -6.130100E-04
1   1     0.000 -3.000  0.000    0.000000  -6.641440E-04  -6.641440E-04  -3.320720E-04
1   1     0.000  0.000 -3.000    0.000000  -6.641440E-04  -6.641440E-04  -3.320720E-04
1   1     0.000  0.000  3.000    0.000000  -6.641440E-04  -6.641440E-04  -3.320720E-04
1   1     0.000  3.000  0.000    0.000000  -6.641440E-04  -6.641440E-04  -3.320720E-04
1   1    -2.000  0.000 -3.000    0.000000  -1.765770E-03  -1.765770E-03  -8.828850E-04
1   1     2.000  0.000  3.000    0.000000  -1.765770E-03  -1.765770E-03  -8.828850E-04
1   1    -2.000 -3.000  0.000    0.000000  -1.765770E-03  -1.765770E-03  -8.828850E-04
1   1     2.000  3.000  0.000    0.000000  -1.765770E-03  -1.765770E-03  -8.828850E-04
1   1    -3.000  0.000 -2.000    0.000000   4.806970E-04   4.806970E-04   2.403485E-04
1   1     3.000  0.000  2.000    0.000000   4.806970E-04   4.806970E-04   2.403485E-04
1   1    -3.000 -2.000  0.000    0.000000   4.806970E-04   4.806970E-04   2.403485E-04
1   1     3.000  2.000  0.000    0.000000   4.806970E-04   4.806970E-04   2.403485E-04
1   1    -3.000  0.000  0.000    0.000000   1.473430E-03   1.473430E-03   7.367150E-04
1   1     3.000  0.000  0.000    0.000000   1.473430E-03   1.473430E-03   7.367150E-04
1   1    -2.000  1.000 -2.000    0.000000  -1.258450E-04  -1.258450E-04  -6.292250E-05
1   1     2.000 -1.000  2.000    0.000000  -1.258450E-04  -1.258450E-04  -6.292250E-05
1   1    -2.000 -2.000  1.000    0.000000  -1.258450E-04  -1.258450E-04  -6.292250E-05
1   1     2.000  2.000 -1.000    0.000000  -1.258450E-04  -1.258450E-04  -6.292250E-05
1   1    -2.000 -4.000 -2.000    0.000000  -5.649590E-04  -5.649590E-04  -2.824795E-04
1   1    -2.000 -2.000 -4.000    0.000000  -5.649590E-04  -5.649590E-04  -2.824795E-04
1   1     2.000  2.000  4.000    0.000000  -5.649590E-04  -5.649590E-04  -2.824795E-04
1   1     2.000  4.000  2.000    0.000000  -5.649590E-04  -5.649590E-04  -2.824795E-04
1   1    -4.000 -2.000 -2.000    0.000000  -6.687350E-04  -6.687350E-04  -3.343675E-04
1   1     4.000  2.000  2.000    0.000000  -6.687350E-04  -6.687350E-04  -3.343675E-04
1   1    -2.000  0.000  2.000    0.000000  -1.714780E-03  -1.714780E-03  -8.573900E-04
1   1    -2.000  2.000  0.000    0.000000  -1.714780E-03  -1.714780E-03  -8.573900E-04
1   1     2.000 -2.000  0.000    0.000000  -1.714780E-03  -1.714780E-03  -8.573900E-04
1   1     2.000  0.000 -2.000    0.000000  -1.714780E-03  -1.714780E-03  -8.573900E-04
1   1     0.000 -2.000  2.000    0.000000  -1.267530E-03  -1.267530E-03  -6.337650E-04
1   1     0.000  2.000 -2.000    0.000000  -1.267530E-03  -1.267530E-03  -6.337650E-04
1   1    -2.000 -3.000 -4.000    0.000000   1.936060E-04   1.936060E-04   9.680300E-05
1   1     2.000  3.000  4.000    0.000000   1.936060E-04   1.936060E-04   9.680300E-05
1   1    -2.000 -4.000 -3.000    0.000000   1.936060E-04   1.936060E-04   9.680300E-05
1   1     2.000  4.000  3.000    0.000000   1.936060E-04   1.936060E-04   9.680300E-05
1   1    -1.000 -2.000 -4.000    0.000000   6.456550E-04   6.456550E-04   3.228275E-04
1   1     1.000  2.000  4.000    0.000000   6.456550E-04   6.456550E-04   3.228275E-04
1   1    -1.000 -4.000 -2.000    0.000000   6.456550E-04   6.456550E-04   3.228275E-04
1   1     1.000  4.000  2.000    0.000000   6.456550E-04   6.456550E-04   3.228275E-04
1   1    -3.000 -4.000 -2.000    0.000000  -4.906730E-04  -4.906730E-04  -2.453365E-04
1   1    -3.000 -2.000 -4.000    0.000000  -4.906730E-04  -4.906730E-04  -2.453365E-04
1   1     3.000  2.000  4.000    0.000000  -4.906730E-04  -4.906730E-04  -2.453365E-04
1   1     3.000  4.000  2.000    0.000000  -4.906730E-04  -4.906730E-04  -2.453365E-04
1   1    -4.000 -3.000 -2.000    0.000000  -2.613150E-04  -2.613150E-04  -1.306575E-04
1   1    -4.000 -2.000 -3.000    0.000000  -2.613150E-04  -2.613150E-04  -1.306575E-04
1   1     4.000  2.000  3.000    0.000000  -2.613150E-04  -2.613150E-04  -1.306575E-04
1   1     4.000  3.000  2.000    0.000000  -2.613150E-04  -2.613150E-04  -1.306575E-04
1   1    -2.000 -1.000 -4.000    0.000000  -7.850280E-05  -7.850280E-05  -3.925140E-05
1   1     2.000  1.000  4.000    0.000000  -7.850280E-05  -7.850280E-05  -3.925140E-05
1   1    -2.000 -4.000 -1.000    0.000000  -7.850280E-05  -7.850280E-05  -3.925140E-05
1   1     2.000  4.000  1.000    0.000000  -7.850280E-05  -7.850280E-05  -3.925140E-05
1   1    -1.000  1.000  3.000    0.000000  -5.438430E-05  -5.438430E-05  -2.719215E-05
1   1    -1.000  3.000  1.000    0.000000  -5.438430E-05  -5.438430E-05  -2.719215E-05
1   1     1.000 -3.000 -1.000    0.000000  -5.438430E-05  -5.438430E-05  -2.719215E-05
1   1     1.000 -1.000 -3.000    0.000000  -5.438430E-05  -5.438430E-05  -2.719215E-05
1   1    -2.000  1.000  2.000    0.000000   1.481370E-04   1.481370E-04   7.406850E-05
1   1    -2.000  2.000  1.000    0.000000   1.481370E-04   1.481370E-04   7.406850E-05
1   1     2.000 -2.000 -1.000    0.000000   1.481370E-04   1.481370E-04   7.406850E-05
1   1     2.000 -1.000 -2.000    0.000000   1.481370E-04   1.481370E-04   7.406850E-05
1   1    -4.000 -2.000 -1.000    0.000000   2.933160E-04   2.933160E-04   1.466580E-04
1   1    -4.000 -1.000 -2.000    0.000000   2.933160E-04   2.933160E-04   1.466580E-04
1   1     4.000  1.000  2.000    0.000000   2.933160E-04   2.933160E-04   1.466580E-04
1   1     4.000  2.000  1.000    0.000000   2.933160E-04   2.933160E-04   1.466580E-04
1   1    -3.000 -1.000  1.000    0.000000   1.478030E-05   1.478030E-05   7.390150E-06
1   1    -3.000  1.000 -1.000    0.000000   1.478030E-05   1.478030E-05   7.390150E-06
1   1     3.000 -1.000  1.000    0.000000   1.478030E-05   1.478030E-05   7.390150E-06
1   1     3.000  1.000 -1.000    0.000000   1.478030E-05   1.478030E-05   7.390150E-06
1   1    -2.000 -1.000  2.000    0.000000   3.475840E-04   3.475840E-04   1.737920E-04
1   1    -2.000  2.000 -1.000    0.000000   3.475840E-04   3.475840E-04   1.737920E-04
1   1    -1.000  1.000 -3.000    0.000000   6.334710E-05   6.334710E-05   3.167355E-05
1   1     1.000 -1.000  3.000    0.000000   6.334710E-05   6.334710E-05   3.167355E-05
1   1     2.000 -2.000  1.000    0.000000   3.475840E-04   3.475840E-04   1.737920E-04
1   1     2.000  1.000 -2.000    0.000000   3.475840E-04   3.475840E-04   1.737920E-04
1   1    -1.000 -3.000  1.000    0.000000   6.334710E-05   6.334710E-05   3.167355E-05
1   1     1.000  3.000 -1.000    0.000000   6.334710E-05   6.334710E-05   3.167355E-05
1   1    -1.000 -2.000  2.000    0.000000  -4.044320E-04  -4.044320E-04  -2.022160E-04
1   1    -1.000  2.000 -2.000    0.000000  -4.044320E-04  -4.044320E-04  -2.022160E-04
1   1     1.000 -2.000  2.000    0.000000  -4.044320E-04  -4.044320E-04  -2.022160E-04
1   1     1.000  2.000 -2.000    0.000000  -4.044320E-04  -4.044320E-04  -2.022160E-04
1   1    -3.000 -4.000 -3.000    0.000000   3.735410E-04   3.735410E-04   1.867705E-04
1   1    -3.000 -3.000 -4.000    0.000000   3.735410E-04   3.735410E-04   1.867705E-04
1   1     3.000  3.000  4.000    0.000000   3.735410E-04   3.735410E-04   1.867705E-04
1   1     3.000  4.000  3.000    0.000000   3.735410E-04   3.735410E-04   1.867705E-04
1   1     0.000 -3.000 -3.000    0.000000  -5.042940E-04  -5.042940E-04  -2.521470E-04
1   1     0.000  3.000  3.000    0.000000  -5.042940E-04  -5.042940E-04  -2.521470E-04
1   1    -4.000 -3.000 -3.000    0.000000  -1.352830E-04  -1.352830E-04  -6.764150E-05
1   1     4.000  3.000  3.000    0.000000  -1.352830E-04  -1.352830E-04  -6.764150E-05
1   1    -1.000 -1.000 -4.000    0.000000   2.166600E-04   2.166600E-04   1.083300E-04
1   1     1.000  1.000  4.000    0.000000   2.166600E-04   2.166600E-04   1.083300E-04
1   1    -1.000 -4.000 -1.000    0.000000   2.166600E-04   2.166600E-04   1.083300E-04
1   1     1.000  4.000  1.000    0.000000   2.166600E-04   2.166600E-04   1.083300E-04
1   1    -1.000  0.000  3.000    0.000000  -6.053110E-05  -6.053110E-05  -3.026555E-05
1   1    -1.000  3.000  0.000    0.000000  -6.053110E-05  -6.053110E-05  -3.026555E-05
1   1     1.000 -3.000  0.000    0.000000  -6.053110E-05  -6.053110E-05  -3.026555E-05
1   1     1.000  0.000 -3.000    0.000000  -6.053110E-05  -6.053110E-05  -3.026555E-05
1   1    -3.000  0.000 -3.000    0.000000   7.368770E-06   7.368770E-06   3.684385E-06
1   1     3.000  0.000  3.000    0.000000   7.368770E-06   7.368770E-06   3.684385E-06
1   1    -3.000 -3.000  0.000    0.000000   7.368770E-06   7.368770E-06   3.684385E-06
1   1     3.000  3.000  0.000    0.000000   7.368770E-06   7.368770E-06   3.684385E-06
1   1    -4.000 -1.000 -1.000    0.000000  -8.525940E-07  -8.525940E-07  -4.262970E-07
1   1     4.000  1.000  1.000    0.000000  -8.525940E-07  -8.525940E-07  -4.262970E-07
1   1    -3.000  0.000  1.000    0.000000  -4.085230E-04  -4.085230E-04  -2.042615E-04
1   1    -3.000  1.000  0.000    0.000000  -4.085230E-04  -4.085230E-04  -2.042615E-04
1   1     3.000 -1.000  0.000    0.000000  -4.085230E-04  -4.085230E-04  -2.042615E-04
1   1     3.000  0.000 -1.000    0.000000  -4.085230E-04  -4.085230E-04  -2.042615E-04
1   1     0.000 -1.000  3.000    0.000000   1.559190E-04   1.559190E-04   7.795950E-05
1   1     0.000  1.000 -3.000    0.000000   1.559190E-04   1.559190E-04   7.795950E-05
1   1     0.000 -3.000  1.000    0.000000   1.559190E-04   1.559190E-04   7.795950E-05
1   1     0.000  3.000 -1.000    0.000000   1.559190E-04   1.559190E-04   7.795950E-05
1   1    -1.000 -3.000 -4.000    0.000000   2.311970E-05   2.311970E-05   1.155985E-05
1   1     1.000  3.000  4.000    0.000000   2.311970E-05   2.311970E-05   1.155985E-05
1   1    -1.000 -4.000 -3.000    0.000000   2.311970E-05   2.311970E-05   1.155985E-05
1   1     1.000  4.000  3.000    0.000000   2.311970E-05   2.311970E-05   1.155985E-05
1   1    -1.000  2.000  3.000    0.000000   4.613950E-05   4.613950E-05   2.306975E-05
1   1    -1.000  3.000  2.000    0.000000   4.613950E-05   4.613950E-05   2.306975E-05
1   1     1.000 -3.000 -2.000    0.000000   4.613950E-05   4.613950E-05   2.306975E-05
1   1     1.000 -2.000 -3.000    0.000000   4.613950E-05   4.613950E-05   2.306975E-05
1   1    -3.000 -4.000 -1.000    0.000000  -1.516440E-04  -1.516440E-04  -7.582200E-05
1   1    -3.000 -1.000 -4.000    0.000000  -1.516440E-04  -1.516440E-04  -7.582200E-05
1   1     3.000  1.000  4.000    0.000000  -1.516440E-04  -1.516440E-04  -7.582200E-05
1   1     3.000  4.000  1.000    0.000000  -1.516440E-04  -1.516440E-04  -7.582200E-05
1   1    -4.000 -3.000 -1.000    0.000000   2.176040E-04   2.176040E-04   1.088020E-04
1   1    -4.000 -1.000 -3.000    0.000000   2.176040E-04   2.176040E-04   1.088020E-04
1   1     4.000  1.000  3.000    0.000000   2.176040E-04   2.176040E-04   1.088020E-04
1   1     4.000  3.000  1.000    0.000000   2.176040E-04   2.176040E-04   1.088020E-04
1   1    -3.000  1.000 -2.000    0.000000  -9.558860E-05  -9.558860E-05  -4.779430E-05
1   1    -2.000  1.000 -3.000    0.000000  -6.924590E-05  -6.924590E-05  -3.462295E-05
1   1     2.000 -1.000  3.000    0.000000  -6.924590E-05  -6.924590E-05  -3.462295E-05
1   1     3.000 -1.000  2.000    0.000000  -9.558860E-05  -9.558860E-05  -4.779430E-05
1   1    -3.000 -2.000  1.000    0.000000  -9.558860E-05  -9.558860E-05  -4.779430E-05
1   1    -2.000 -3.000  1.000    0.000000  -6.924590E-05  -6.924590E-05  -3.462295E-05
1   1     2.000  3.000 -1.000    0.000000  -6.924590E-05  -6.924590E-05  -3.462295E-05
1   1     3.000  2.000 -1.000    0.000000  -9.558860E-05  -9.558860E-05  -4.779430E-05
1   1    -3.000 -4.000 -4.000    0.000000  -1.306870E-03  -1.306870E-03  -6.534350E-04
1   1     3.000  4.000  4.000    0.000000  -1.306870E-03  -1.306870E-03  -6.534350E-04
1   1    -4.000 -4.000 -3.000    0.000000  -2.757780E-03  -2.757780E-03  -1.378890E-03
1   1    -4.000 -3.000 -4.000    0.000000  -2.757780E-03  -2.757780E-03  -1.378890E-03
1   1     4.000  3.000  4.000    0.000000  -2.757780E-03  -2.757780E-03  -1.378890E-03
1   1     4.000  4.000  3.000    0.000000  -2.757780E-03  -2.757780E-03  -1.378890E-03
1   1     0.000 -1.000 -4.000    0.000000   2.078900E-05   2.078900E-05   1.039450E-05
1   1     0.000  1.000  4.000    0.000000   2.078900E-05   2.078900E-05   1.039450E-05
1   1     0.000 -4.000 -1.000    0.000000   2.078900E-05   2.078900E-05   1.039450E-05
1   1     0.000  4.000  1.000    0.000000   2.078900E-05   2.078900E-05   1.039450E-05
1   1    -1.000 -4.000  0.000    0.000000  -1.029990E-03  -1.029990E-03  -5.149950E-04
1   1    -1.000  0.000 -4.000    0.000000  -1.029990E-03  -1.029990E-03  -5.149950E-04
1   1     1.000  0.000  4.000    0.000000  -1.029990E-03  -1.029990E-03  -5.149950E-04
1   1     1.000  4.000  0.000    0.000000  -1.029990E-03  -1.029990E-03  -5.149950E-04
1   1    -3.000  1.000  1.000    0.000000  -1.228520E-05  -1.228520E-05  -6.142600E-06
1   1     3.000 -1.000 -1.000    0.000000  -1.228520E-05  -1.228520E-05  -6.142600E-06
1   1    -4.000 -1.000  0.000    0.000000  -2.293250E-04  -2.293250E-04  -1.146625E-04
1   1    -4.000  0.000 -1.000    0.000000  -2.293250E-04  -2.293250E-04  -1.146625E-04
1   1     4.000  0.000  1.000    0.000000  -2.293250E-04  -2.293250E-04  -1.146625E-04
1   1     4.000  1.000  0.000    0.000000  -2.293250E-04  -2.293250E-04  -1.146625E-04
1   1    -1.000 -1.000  3.000    0.000000  -1.542270E-04  -1.542270E-04  -7.711350E-05
1   1     1.000  1.000 -3.000    0.000000  -1.542270E-04  -1.542270E-04  -7.711350E-05
1   1    -1.000  3.000 -1.000    0.000000  -1.542270E-04  -1.542270E-04  -7.711350E-05
1   1     1.000 -3.000  1.000    0.000000  -1.542270E-04  -1.542270E-04  -7.711350E-05
1   1    -2.000 -4.000 -4.000    0.000000  -9.717830E-04  -9.717830E-04  -4.858915E-04
1   1     2.000  4.000  4.000    0.000000  -9.717830E-04  -9.717830E-04  -4.858915E-04
1   1     0.000 -4.000 -2.000    0.000000  -1.166770E-03  -1.166770E-03  -5.833850E-04
1   1     0.000 -2.000 -4.000    0.000000  -1.166770E-03  -1.166770E-03  -5.833850E-04
1   1     0.000  2.000  4.000    0.000000  -1.166770E-03  -1.166770E-03  -5.833850E-04
1   1     0.000  4.000  2.000    0.000000  -1.166770E-03  -1.166770E-03  -5.833850E-04
1   1    -4.000 -4.000 -2.000    0.000000  -1.673010E-04  -1.673010E-04  -8.365050E-05
1   1    -4.000 -2.000 -4.000    0.000000  -1.673010E-04  -1.673010E-04  -8.365050E-05
1   1     4.000  2.000  4.000    0.000000  -1.673010E-04  -1.673010E-04  -8.365050E-05
1   1     4.000  4.000  2.000    0.000000  -1.673010E-04  -1.673010E-04  -8.365050E-05
1   1    -2.000  2.000  2.000    0.000000  -1.597840E-03  -1.597840E-03  -7.989200E-04
1   1     2.000 -2.000 -2.000    0.000000  -1.597840E-03  -1.597840E-03  -7.989200E-04
1   1    -2.000 -4.000  0.000    0.000000  -1.140410E-03  -1.140410E-03  -5.702050E-04
1   1    -2.000  0.000 -4.000    0.000000  -1.140410E-03  -1.140410E-03  -5.702050E-04
1   1     2.000  0.000  4.000    0.000000  -1.140410E-03  -1.140410E-03  -5.702050E-04
1   1     2.000  4.000  0.000    0.000000  -1.140410E-03  -1.140410E-03  -5.702050E-04
1   1    -4.000 -2.000  0.000    0.000000  -9.564230E-04  -9.564230E-04  -4.782115E-04
1   1    -4.000  0.000 -2.000    0.000000  -9.564230E-04  -9.564230E-04  -4.782115E-04
1   1     4.000  0.000  2.000    0.000000  -9.564230E-04  -9.564230E-04  -4.782115E-04
1   1     4.000  2.000  0.000    0.000000  -9.564230E-04  -9.564230E-04  -4.782115E-04
1   1    -2.000 -2.000  2.000    0.000000  -8.014070E-04  -8.014070E-04  -4.007035E-04
1   1    -2.000  2.000 -2.000    0.000000  -8.014070E-04  -8.014070E-04  -4.007035E-04
1   1     2.000 -2.000  2.000    0.000000  -8.014070E-04  -8.014070E-04  -4.007035E-04
1   1     2.000  2.000 -2.000    0.000000  -8.014070E-04  -8.014070E-04  -4.007035E-04
1   1    -4.000 -4.000 -4.000    0.000000   8.222170E-04   8.222170E-04   4.111085E-04
1   1     4.000  4.000  4.000    0.000000   8.222170E-04   8.222170E-04   4.111085E-04
1   1     0.000 -4.000  0.000    0.000000   2.042800E-05   2.042800E-05   1.021400E-05
1   1     0.000  0.000 -4.000    0.000000   2.042800E-05   2.042800E-05   1.021400E-05
1   1     0.000  0.000  4.000    0.000000   2.042800E-05   2.042800E-05   1.021400E-05
1   1     0.000  4.000  0.000    0.000000   2.042800E-05   2.042800E-05   1.021400E-05
1   1    -4.000  0.000  0.000    0.000000  -5.554630E-04  -5.554630E-04  -2.777315E-04
1   1     4.000  0.000  0.000    0.000000  -5.554630E-04  -5.554630E-04  -2.777315E-04
1   1    -1.000 -4.000 -4.000    0.000000  -7.028390E-05  -7.028390E-05  -3.514195E-05
1   1     1.000  4.000  4.000    0.000000  -7.028390E-05  -7.028390E-05  -3.514195E-05
1   1    -3.000 -3.000 -5.000    0.000000   2.625850E-05   2.625850E-05   1.312925E-05
1   1     3.000  3.000  5.000    0.000000   2.625850E-05   2.625850E-05   1.312925E-05
1   1    -3.000 -5.000 -3.000    0.000000   2.625850E-05   2.625850E-05   1.312925E-05
1   1     3.000  5.000  3.000    0.000000   2.625850E-05   2.625850E-05   1.312925E-05
1   1     0.000 -3.000 -4.000    0.000000   5.286530E-06   5.286530E-06   2.643265E-06
1   1     0.000  3.000  4.000    0.000000   5.286530E-06   5.286530E-06   2.643265E-06
1   1     0.000 -4.000 -3.000    0.000000   5.286530E-06   5.286530E-06   2.643265E-06
1   1     0.000  4.000  3.000    0.000000   5.286530E-06   5.286530E-06   2.643265E-06
1   1    -2.000 -5.000 -2.000    0.000000  -5.690480E-06  -5.690480E-06  -2.845240E-06
1   1    -2.000 -2.000 -5.000    0.000000  -5.690480E-06  -5.690480E-06  -2.845240E-06
1   1     2.000  2.000  5.000    0.000000  -5.690480E-06  -5.690480E-06  -2.845240E-06
1   1     2.000  5.000  2.000    0.000000  -5.690480E-06  -5.690480E-06  -2.845240E-06
1   1    -1.000  3.000  3.000    0.000000   8.358570E-05   8.358570E-05   4.179285E-05
1   1     1.000 -3.000 -3.000    0.000000   8.358570E-05   8.358570E-05   4.179285E-05
1   1    -5.000 -3.000 -3.000    0.000000   6.325430E-05   6.325430E-05   3.162715E-05
1   1     5.000  3.000  3.000    0.000000   6.325430E-05   6.325430E-05   3.162715E-05
1   1    -4.000 -4.000 -1.000    0.000000  -1.726610E-04  -1.726610E-04  -8.633050E-05
1   1    -4.000 -1.000 -4.000    0.000000  -1.726610E-04  -1.726610E-04  -8.633050E-05
1   1     4.000  1.000  4.000    0.000000  -1.726610E-04  -1.726610E-04  -8.633050E-05
1   1     4.000  4.000  1.000    0.000000  -1.726610E-04  -1.726610E-04  -8.633050E-05
1   1    -5.000 -2.000 -2.000    0.000000  -5.074580E-05  -5.074580E-05  -2.537290E-05
1   1     5.000  2.000  2.000    0.000000  -5.074580E-05  -5.074580E-05  -2.537290E-05
1   1    -3.000 -4.000  0.000    0.000000  -2.147700E-04  -2.147700E-04  -1.073850E-04
1   1    -3.000  0.000 -4.000    0.000000  -2.147700E-04  -2.147700E-04  -1.073850E-04
1   1     3.000  0.000  4.000    0.000000  -2.147700E-04  -2.147700E-04  -1.073850E-04
1   1     3.000  4.000  0.000    0.000000  -2.147700E-04  -2.147700E-04  -1.073850E-04
1   1    -2.000  0.000  3.000    0.000000   1.151160E-04   1.151160E-04   5.755800E-05
1   1    -2.000  3.000  0.000    0.000000   1.151160E-04   1.151160E-04   5.755800E-05
1   1     2.000 -3.000  0.000    0.000000   1.151160E-04   1.151160E-04   5.755800E-05
1   1     2.000  0.000 -3.000    0.000000   1.151160E-04   1.151160E-04   5.755800E-05
1   1    -4.000  0.000 -3.000    0.000000   1.014340E-04   1.014340E-04   5.071700E-05
1   1     4.000  0.000  3.000    0.000000   1.014340E-04   1.014340E-04   5.071700E-05
1   1    -4.000 -3.000  0.000    0.000000   1.014340E-04   1.014340E-04   5.071700E-05
1   1     4.000  3.000  0.000    0.000000   1.014340E-04   1.014340E-04   5.071700E-05
1   1    -3.000  0.000  2.000    0.000000   2.444270E-04   2.444270E-04   1.222135E-04
1   1    -3.000  2.000  0.000    0.000000   2.444270E-04   2.444270E-04   1.222135E-04
1   1     3.000 -2.000  0.000    0.000000   2.444270E-04   2.444270E-04   1.222135E-04
1   1     3.000  0.000 -2.000    0.000000   2.444270E-04   2.444270E-04   1.222135E-04
1   1    -3.000  1.000 -3.000    0.000000   1.370730E-07   1.370730E-07   6.853650E-08
1   1     3.000 -1.000  3.000    0.000000   1.370730E-07   1.370730E-07   6.853650E-08
1   1    -3.000 -3.000  1.000    0.000000   1.370730E-07   1.370730E-07   6.853650E-08
1   1     3.000  3.000 -1.000    0.000000   1.370730E-07   1.370730E-07   6.853650E-08
1   1     0.000 -3.000  2.000    0.000000   3.591160E-05   3.591160E-05   1.795580E-05
1   1     0.000 -2.000  3.000    0.000000   3.591160E-05   3.591160E-05   1.795580E-05
1   1     0.000  2.000 -3.000    0.000000   3.591160E-05   3.591160E-05   1.795580E-05
1   1     0.000  3.000 -2.000    0.000000   3.591160E-05   3.591160E-05   1.795580E-05
1   1    -2.000 -5.000 -3.000    0.000000   5.977110E-05   5.977110E-05   2.988555E-05
1   1    -2.000 -3.000 -5.000    0.000000   5.977110E-05   5.977110E-05   2.988555E-05
1   1     2.000  3.000  5.000    0.000000   5.977110E-05   5.977110E-05   2.988555E-05
1   1     2.000  5.000  3.000    0.000000   5.977110E-05   5.977110E-05   2.988555E-05
1   1    -3.000 -5.000 -2.000    0.000000  -3.455590E-04  -3.455590E-04  -1.727795E-04
1   1    -3.000 -2.000 -5.000    0.000000  -3.455590E-04  -3.455590E-04  -1.727795E-04
1   1     3.000  2.000  5.000    0.000000  -3.455590E-04  -3.455590E-04  -1.727795E-04
1   1     3.000  5.000  2.000    0.000000  -3.455590E-04  -3.455590E-04  -1.727795E-04
1   1    -5.000 -3.000 -2.000    0.000000  -1.170120E-05  -1.170120E-05  -5.850600E-06
1   1    -5.000 -2.000 -3.000    0.000000  -1.170120E-05  -1.170120E-05  -5.850600E-06
1   1     5.000  2.000  3.000    0.000000  -1.170120E-05  -1.170120E-05  -5.850600E-06
1   1     5.000  3.000  2.000    0.000000  -1.170120E-05  -1.170120E-05  -5.850600E-06
1   1    -2.000  1.000  3.000    0.000000   3.692840E-04   3.692840E-04   1.846420E-04
1   1     2.000 -1.000 -3.000    0.000000   3.692840E-04   3.692840E-04   1.846420E-04
1   1    -2.000  3.000  1.000    0.000000   3.692840E-04   3.692840E-04   1.846420E-04
1   1     2.000 -3.000 -1.000    0.000000   3.692840E-04   3.692840E-04   1.846420E-04
1   1    -3.000 -1.000  2.000    0.000000  -1.180560E-04  -1.180560E-04  -5.902800E-05
1   1    -3.000  2.000 -1.000    0.000000  -1.180560E-04  -1.180560E-04  -5.902800E-05
1   1     3.000 -2.000  1.000    0.000000  -1.180560E-04  -1.180560E-04  -5.902800E-05
1   1     3.000  1.000 -2.000    0.000000  -1.180560E-04  -1.180560E-04  -5.902800E-05
1   1    -1.000 -3.000  2.000    0.000000  -1.107880E-04  -1.107880E-04  -5.539400E-05
1   1    -1.000  2.000 -3.000    0.000000  -1.107880E-04  -1.107880E-04  -5.539400E-05
1   1     1.000 -2.000  3.000    0.000000  -1.107880E-04  -1.107880E-04  -5.539400E-05
1   1     1.000  3.000 -2.000    0.000000  -1.107880E-04  -1.107880E-04  -5.539400E-05
1   1    -3.000 -5.000 -4.000    0.000000  -7.958070E-05  -7.958070E-05  -3.979035E-05
1   1    -3.000 -4.000 -5.000    0.000000  -7.958070E-05  -7.958070E-05  -3.979035E-05
1   1     3.000  4.000  5.000    0.000000  -7.958070E-05  -7.958070E-05  -3.979035E-05
1   1     3.000  5.000  4.000    0.000000  -7.958070E-05  -7.958070E-05  -3.979035E-05
1   1    -4.000 -5.000 -3.000    0.000000   6.101320E-05   6.101320E-05   3.050660E-05
1   1    -4.000 -3.000 -5.000    0.000000   6.101320E-05   6.101320E-05   3.050660E-05
1   1     4.000  3.000  5.000    0.000000   6.101320E-05   6.101320E-05   3.050660E-05
1   1     4.000  5.000  3.000    0.000000   6.101320E-05   6.101320E-05   3.050660E-05
1   1    -5.000 -4.000 -3.000    0.000000   3.484020E-04   3.484020E-04   1.742010E-04
1   1    -5.000 -3.000 -4.000    0.000000   3.484020E-04   3.484020E-04   1.742010E-04
1   1     5.000  3.000  4.000    0.000000   3.484020E-04   3.484020E-04   1.742010E-04
1   1     5.000  4.000  3.000    0.000000   3.484020E-04   3.484020E-04   1.742010E-04
1   1    -1.000 -2.000 -5.000    0.000000  -1.651640E-04  -1.651640E-04  -8.258200E-05
1   1     1.000  2.000  5.000    0.000000  -1.651640E-04  -1.651640E-04  -8.258200E-05
1   1    -1.000 -5.000 -2.000    0.000000  -1.651640E-04  -1.651640E-04  -8.258200E-05
1   1     1.000  5.000  2.000    0.000000  -1.651640E-04  -1.651640E-04  -8.258200E-05
1   1    -2.000 -1.000 -5.000    0.000000   2.497320E-05   2.497320E-05   1.248660E-05
1   1     2.000  1.000  5.000    0.000000   2.497320E-05   2.497320E-05   1.248660E-05
1   1    -2.000 -5.000 -1.000    0.000000   2.497320E-05   2.497320E-05   1.248660E-05
1   1     2.000  5.000  1.000    0.000000   2.497320E-05   2.497320E-05   1.248660E-05
1   1    -1.000  1.000  4.000    0.000000   2.007390E-04   2.007390E-04   1.003695E-04
1   1     1.000 -1.000 -4.000    0.000000   2.007390E-04   2.007390E-04   1.003695E-04
1   1    -1.000  4.000  1.000    0.000000   2.007390E-04   2.007390E-04   1.003695E-04
1   1     1.000 -4.000 -1.000    0.000000   2.007390E-04   2.007390E-04   1.003695E-04
1   1    -3.000  1.000  2.000    0.000000  -9.966990E-05  -9.966990E-05  -4.983495E-05
1   1    -3.000  2.000  1.000    0.000000  -9.966990E-05  -9.966990E-05  -4.983495E-05
1   1     3.000 -2.000 -1.000    0.000000  -9.966990E-05  -9.966990E-05  -4.983495E-05
1   1     3.000 -1.000 -2.000    0.000000  -9.966990E-05  -9.966990E-05  -4.983495E-05
1   1    -5.000 -1.000 -2.000    0.000000  -1.528670E-04  -1.528670E-04  -7.643350E-05
1   1     5.000  1.000  2.000    0.000000  -1.528670E-04  -1.528670E-04  -7.643350E-05
1   1    -5.000 -2.000 -1.000    0.000000  -1.528670E-04  -1.528670E-04  -7.643350E-05
1   1     5.000  2.000  1.000    0.000000  -1.528670E-04  -1.528670E-04  -7.643350E-05
1   1    -1.000  1.000 -4.000    0.000000   3.310430E-04   3.310430E-04   1.655215E-04
1   1     1.000 -1.000  4.000    0.000000   3.310430E-04   3.310430E-04   1.655215E-04
1   1    -1.000 -4.000  1.000    0.000000   3.310430E-04   3.310430E-04   1.655215E-04
1   1     1.000  4.000 -1.000    0.000000   3.310430E-04   3.310430E-04   1.655215E-04
1   1    -4.000 -1.000  1.000    0.000000   1.378340E-05   1.378340E-05   6.891700E-06
1   1    -4.000  1.000 -1.000    0.000000   1.378340E-05   1.378340E-05   6.891700E-06
1   1     4.000 -1.000  1.000    0.000000   1.378340E-05   1.378340E-05   6.891700E-06
1   1     4.000  1.000 -1.000    0.000000   1.378340E-05   1.378340E-05   6.891700E-06
1   1    -2.000 -1.000  3.000    0.000000   4.068030E-05   4.068030E-05   2.034015E-05
1   1     2.000  1.000 -3.000    0.000000   4.068030E-05   4.068030E-05   2.034015E-05
1   1    -2.000  3.000 -1.000    0.000000   4.068030E-05   4.068030E-05   2.034015E-05
1   1     2.000 -3.000  1.000    0.000000   4.068030E-05   4.068030E-05   2.034015E-05
1   1    -1.000 -2.000  3.000    0.000000  -3.123040E-04  -3.123040E-04  -1.561520E-04
1   1    -1.000  3.000 -2.000    0.000000  -3.123040E-04  -3.123040E-04  -1.561520E-04
1   1     1.000 -3.000  2.000    0.000000  -3.123040E-04  -3.123040E-04  -1.561520E-04
1   1     1.000  2.000 -3.000    0.000000  -3.123040E-04  -3.123040E-04  -1.561520E-04
1   1    -2.000 -5.000 -4.000    0.000000  -1.752850E-04  -1.752850E-04  -8.764250E-05
1   1    -2.000 -4.000 -5.000    0.000000  -1.752850E-04  -1.752850E-04  -8.764250E-05
1   1     2.000  4.000  5.000    0.000000  -1.752850E-04  -1.752850E-04  -8.764250E-05
1   1     2.000  5.000  4.000    0.000000  -1.752850E-04  -1.752850E-04  -8.764250E-05
1   1    -4.000 -5.000 -4.000    0.000000  -1.149960E-04  -1.149960E-04  -5.749800E-05
1   1    -4.000 -4.000 -5.000    0.000000  -1.149960E-04  -1.149960E-04  -5.749800E-05
1   1     4.000  4.000  5.000    0.000000  -1.149960E-04  -1.149960E-04  -5.749800E-05
1   1     4.000  5.000  4.000    0.000000  -1.149960E-04  -1.149960E-04  -5.749800E-05
1   1    -5.000 -4.000 -4.000    0.000000   2.819690E-04   2.819690E-04   1.409845E-04
1   1     5.000  4.000  4.000    0.000000   2.819690E-04   2.819690E-04   1.409845E-04
1   1    -1.000 -3.000 -5.000    0.000000  -6.016880E-04  -6.016880E-04  -3.008440E-04
1   1     1.000  3.000  5.000    0.000000  -6.016880E-04  -6.016880E-04  -3.008440E-04
1   1    -1.000 -5.000 -3.000    0.000000  -6.016880E-04  -6.016880E-04  -3.008440E-04
1   1     1.000  5.000  3.000    0.000000  -6.016880E-04  -6.016880E-04  -3.008440E-04
1   1    -4.000 -2.000 -5.000    0.000000  -7.009880E-04  -7.009880E-04  -3.504940E-04
1   1     4.000  2.000  5.000    0.000000  -7.009880E-04  -7.009880E-04  -3.504940E-04
1   1    -4.000 -5.000 -2.000    0.000000  -7.009880E-04  -7.009880E-04  -3.504940E-04
1   1     4.000  5.000  2.000    0.000000  -7.009880E-04  -7.009880E-04  -3.504940E-04
1   1    -1.000  2.000  4.000    0.000000   3.129390E-04   3.129390E-04   1.564695E-04
1   1    -1.000  4.000  2.000    0.000000   3.129390E-04   3.129390E-04   1.564695E-04
1   1     1.000 -4.000 -2.000    0.000000   3.129390E-04   3.129390E-04   1.564695E-04
1   1     1.000 -2.000 -4.000    0.000000   3.129390E-04   3.129390E-04   1.564695E-04
1   1    -5.000 -4.000 -2.000    0.000000   8.232390E-05   8.232390E-05   4.116195E-05
1   1    -5.000 -2.000 -4.000    0.000000   8.232390E-05   8.232390E-05   4.116195E-05
1   1     5.000  2.000  4.000    0.000000   8.232390E-05   8.232390E-05   4.116195E-05
1   1     5.000  4.000  2.000    0.000000   8.232390E-05   8.232390E-05   4.116195E-05
1   1    -1.000 -5.000 -1.000    0.000000   1.126460E-05   1.126460E-05   5.632300E-06
1   1    -1.000 -1.000 -5.000    0.000000   1.126460E-05   1.126460E-05   5.632300E-06
1   1     1.000  1.000  5.000    0.000000   1.126460E-05   1.126460E-05   5.632300E-06
1   1     1.000  5.000  1.000    0.000000   1.126460E-05   1.126460E-05   5.632300E-06
1   1    -3.000 -5.000 -1.000    0.000000  -2.499870E-04  -2.499870E-04  -1.249935E-04
1   1    -3.000 -1.000 -5.000    0.000000  -2.499870E-04  -2.499870E-04  -1.249935E-04
1   1     3.000  1.000  5.000    0.000000  -2.499870E-04  -2.499870E-04  -1.249935E-04
1   1     3.000  5.000  1.000    0.000000  -2.499870E-04  -2.499870E-04  -1.249935E-04
1   1    -2.000  2.000  3.000    0.000000   2.800300E-05   2.800300E-05   1.400150E-05
1   1    -2.000  3.000  2.000    0.000000   2.800300E-05   2.800300E-05   1.400150E-05
1   1     2.000 -3.000 -2.000    0.000000   2.800300E-05   2.800300E-05   1.400150E-05
1   1     2.000 -2.000 -3.000    0.000000   2.800300E-05   2.800300E-05   1.400150E-05
1   1    -5.000 -3.000 -1.000    0.000000  -8.869950E-05  -8.869950E-05  -4.434975E-05
1   1    -5.000 -1.000 -3.000    0.000000  -8.869950E-05  -8.869950E-05  -4.434975E-05
1   1     5.000  1.000  3.000    0.000000  -8.869950E-05  -8.869950E-05  -4.434975E-05
1   1     5.000  3.000  1.000    0.000000  -8.869950E-05  -8.869950E-05  -4.434975E-05
1   1    -1.000  0.000  4.000    0.000000   1.214700E-04   1.214700E-04   6.073500E-05
1   1     1.000  0.000 -4.000    0.000000   1.214700E-04   1.214700E-04   6.073500E-05
1   1    -1.000  4.000  0.000    0.000000   1.214700E-04   1.214700E-04   6.073500E-05
1   1     1.000 -4.000  0.000    0.000000   1.214700E-04   1.214700E-04   6.073500E-05
1   1    -5.000 -1.000 -1.000    0.000000  -9.543950E-05  -9.543950E-05  -4.771975E-05
1   1     5.000  1.000  1.000    0.000000  -9.543950E-05  -9.543950E-05  -4.771975E-05
1   1    -4.000  0.000  1.000    0.000000   1.911020E-04   1.911020E-04   9.555100E-05
1   1    -4.000  1.000  0.000    0.000000   1.911020E-04   1.911020E-04   9.555100E-05
1   1     4.000 -1.000  0.000    0.000000   1.911020E-04   1.911020E-04   9.555100E-05
1   1     4.000  0.000 -1.000    0.000000   1.911020E-04   1.911020E-04   9.555100E-05
1   1     0.000 -1.000  4.000    0.000000  -3.843550E-05  -3.843550E-05  -1.921775E-05
1   1     0.000  1.000 -4.000    0.000000  -3.843550E-05  -3.843550E-05  -1.921775E-05
1   1    -2.000  1.000 -4.000    0.000000  -1.170940E-04  -1.170940E-04  -5.854700E-05
1   1     0.000 -4.000  1.000    0.000000  -3.843550E-05  -3.843550E-05  -1.921775E-05
1   1     0.000  4.000 -1.000    0.000000  -3.843550E-05  -3.843550E-05  -1.921775E-05
1   1     2.000 -1.000  4.000    0.000000  -1.170940E-04  -1.170940E-04  -5.854700E-05
1   1    -2.000 -4.000  1.000    0.000000  -1.170940E-04  -1.170940E-04  -5.854700E-05
1   1     2.000  4.000 -1.000    0.000000  -1.170940E-04  -1.170940E-04  -5.854700E-05
1   1    -4.000 -2.000  1.000    0.000000   7.275940E-05   7.275940E-05   3.637970E-05
1   1    -4.000  1.000 -2.000    0.000000   7.275940E-05   7.275940E-05   3.637970E-05
1   1     4.000 -1.000  2.000    0.000000   7.275940E-05   7.275940E-05   3.637970E-05
1   1     4.000  2.000 -1.000    0.000000   7.275940E-05   7.275940E-05   3.637970E-05
1   1    -3.000 -2.000  2.000    0.000000   3.115280E-04   3.115280E-04   1.557640E-04
1   1    -3.000  2.000 -2.000    0.000000   3.115280E-04   3.115280E-04   1.557640E-04
1   1     3.000 -2.000  2.000    0.000000   3.115280E-04   3.115280E-04   1.557640E-04
1   1     3.000  2.000 -2.000    0.000000   3.115280E-04   3.115280E-04   1.557640E-04
1   1    -2.000 -3.000  2.000    0.000000  -4.954260E-04  -4.954260E-04  -2.477130E-04
1   1    -2.000  2.000 -3.000    0.000000  -4.954260E-04  -4.954260E-04  -2.477130E-04
1   1     2.000 -2.000  3.000    0.000000  -4.954260E-04  -4.954260E-04  -2.477130E-04
1   1     2.000  3.000 -2.000    0.000000  -4.954260E-04  -4.954260E-04  -2.477130E-04
1   1     0.000 -4.000 -4.000    0.000000   1.877150E-04   1.877150E-04   9.385750E-05
1   1     0.000  4.000  4.000    0.000000   1.877150E-04   1.877150E-04   9.385750E-05
1   1    -4.000 -4.000  0.000    0.000000   1.751050E-05   1.751050E-05   8.755250E-06
1   1    -4.000  0.000 -4.000    0.000000   1.751050E-05   1.751050E-05   8.755250E-06
1   1     4.000  0.000  4.000    0.000000   1.751050E-05   1.751050E-05   8.755250E-06
1   1     4.000  4.000  0.000    0.000000   1.751050E-05   1.751050E-05   8.755250E-06
1   1    -3.000 -5.000 -5.000    0.000000  -1.641540E-03  -1.641540E-03  -8.207700E-04
1   1     3.000  5.000  5.000    0.000000  -1.641540E-03  -1.641540E-03  -8.207700E-04
1   1    -5.000 -3.000 -5.000    0.000000  -1.606520E-03  -1.606520E-03  -8.032600E-04
1   1     5.000  3.000  5.000    0.000000  -1.606520E-03  -1.606520E-03  -8.032600E-04
1   1    -5.000 -5.000 -3.000    0.000000  -1.606520E-03  -1.606520E-03  -8.032600E-04
1   1     5.000  5.000  3.000    0.000000  -1.606520E-03  -1.606520E-03  -8.032600E-04
1   1     0.000 -2.000 -5.000    0.000000  -4.274870E-04  -4.274870E-04  -2.137435E-04
1   1     0.000  2.000  5.000    0.000000  -4.274870E-04  -4.274870E-04  -2.137435E-04
1   1     0.000 -5.000 -2.000    0.000000  -4.274870E-04  -4.274870E-04  -2.137435E-04
1   1     0.000  5.000  2.000    0.000000  -4.274870E-04  -4.274870E-04  -2.137435E-04
1   1    -3.000  2.000  2.000    0.000000   1.440080E-04   1.440080E-04   7.200400E-05
1   1     3.000 -2.000 -2.000    0.000000   1.440080E-04   1.440080E-04   7.200400E-05
1   1    -2.000  0.000 -5.000    0.000000  -5.377390E-04  -5.377390E-04  -2.688695E-04
1   1     2.000  0.000  5.000    0.000000  -5.377390E-04  -5.377390E-04  -2.688695E-04
1   1    -2.000 -5.000  0.000    0.000000  -5.377390E-04  -5.377390E-04  -2.688695E-04
1   1     2.000  5.000  0.000    0.000000  -5.377390E-04  -5.377390E-04  -2.688695E-04
1   1    -5.000  0.000 -2.000    0.000000   1.140500E-04   1.140500E-04   5.702500E-05
1   1     5.000  0.000  2.000    0.000000   1.140500E-04   1.140500E-04   5.702500E-05
1   1    -5.000 -2.000  0.000    0.000000   1.140500E-04   1.140500E-04   5.702500E-05
1   1     5.000  2.000  0.000    0.000000   1.140500E-04   1.140500E-04   5.702500E-05
1   1    -2.000 -2.000  3.000    0.000000  -2.790120E-04  -2.790120E-04  -1.395060E-04
1   1    -2.000  3.000 -2.000    0.000000  -2.790120E-04  -2.790120E-04  -1.395060E-04
1   1     2.000 -3.000  2.000    0.000000  -2.790120E-04  -2.790120E-04  -1.395060E-04
1   1     2.000  2.000 -3.000    0.000000  -2.790120E-04  -2.790120E-04  -1.395060E-04
1   1    -4.000 -5.000 -5.000    0.000000   6.074650E-04   6.074650E-04   3.037325E-04
1   1     4.000  5.000  5.000    0.000000   6.074650E-04   6.074650E-04   3.037325E-04
1   1    -1.000 -4.000 -5.000    0.000000  -4.269190E-05  -4.269190E-05  -2.134595E-05
1   1     1.000  4.000  5.000    0.000000  -4.269190E-05  -4.269190E-05  -2.134595E-05
1   1    -1.000 -5.000 -4.000    0.000000  -4.269190E-05  -4.269190E-05  -2.134595E-05
1   1     1.000  5.000  4.000    0.000000  -4.269190E-05  -4.269190E-05  -2.134595E-05
1   1    -5.000 -5.000 -4.000    0.000000   1.577900E-03   1.577900E-03   7.889500E-04
1   1    -5.000 -4.000 -5.000    0.000000   1.577900E-03   1.577900E-03   7.889500E-04
1   1     5.000  4.000  5.000    0.000000   1.577900E-03   1.577900E-03   7.889500E-04
1   1     5.000  5.000  4.000    0.000000   1.577900E-03   1.577900E-03   7.889500E-04
1   1    -1.000  3.000  4.000    0.000000  -3.087450E-05  -3.087450E-05  -1.543725E-05
1   1    -1.000  4.000  3.000    0.000000  -3.087450E-05  -3.087450E-05  -1.543725E-05
1   1     1.000 -4.000 -3.000    0.000000  -3.087450E-05  -3.087450E-05  -1.543725E-05
1   1     1.000 -3.000 -4.000    0.000000  -3.087450E-05  -3.087450E-05  -1.543725E-05
1   1     0.000 -1.000 -5.000    0.000000   6.447970E-06   6.447970E-06   3.223985E-06
1   1     0.000  1.000  5.000    0.000000   6.447970E-06   6.447970E-06   3.223985E-06
1   1     0.000 -5.000 -1.000    0.000000   6.447970E-06   6.447970E-06   3.223985E-06
1   1     0.000  5.000  1.000    0.000000   6.447970E-06   6.447970E-06   3.223985E-06
1   1    -4.000 -1.000 -5.000    0.000000   8.345700E-06   8.345700E-06   4.172850E-06
1   1     4.000  1.000  5.000    0.000000   8.345700E-06   8.345700E-06   4.172850E-06
1   1    -4.000 -5.000 -1.000    0.000000   8.345700E-06   8.345700E-06   4.172850E-06
1   1     4.000  5.000  1.000    0.000000   8.345700E-06   8.345700E-06   4.172850E-06
1   1    -5.000 -1.000 -4.000    0.000000   1.119700E-04   1.119700E-04   5.598500E-05
1   1     5.000  1.000  4.000    0.000000   1.119700E-04   1.119700E-04   5.598500E-05
1   1    -5.000 -4.000 -1.000    0.000000   1.119700E-04   1.119700E-04   5.598500E-05
1   1     5.000  4.000  1.000    0.000000   1.119700E-04   1.119700E-04   5.598500E-05
1   1    -1.000  0.000 -5.000    0.000000   2.884770E-04   2.884770E-04   1.442385E-04
1   1     1.000  0.000  5.000    0.000000   2.884770E-04   2.884770E-04   1.442385E-04
1   1    -1.000 -5.000  0.000    0.000000   2.884770E-04   2.884770E-04   1.442385E-04
1   1     1.000  5.000  0.000    0.000000   2.884770E-04   2.884770E-04   1.442385E-04
1   1    -4.000  1.000  1.000    0.000000   4.713110E-05   4.713110E-05   2.356555E-05
1   1     4.000 -1.000 -1.000    0.000000   4.713110E-05   4.713110E-05   2.356555E-05
1   1    -5.000 -1.000  0.000    0.000000   7.662310E-05   7.662310E-05   3.831155E-05
1   1    -5.000  0.000 -1.000    0.000000   7.662310E-05   7.662310E-05   3.831155E-05
1   1     5.000  0.000  1.000    0.000000   7.662310E-05   7.662310E-05   3.831155E-05
1   1     5.000  1.000  0.000    0.000000   7.662310E-05   7.662310E-05   3.831155E-05
1   1    -1.000 -1.000  4.000    0.000000   4.398840E-05   4.398840E-05   2.199420E-05
1   1     1.000  1.000 -4.000    0.000000   4.398840E-05   4.398840E-05   2.199420E-05
1   1    -1.000  4.000 -1.000    0.000000   4.398840E-05   4.398840E-05   2.199420E-05
1   1     1.000 -4.000  1.000    0.000000   4.398840E-05   4.398840E-05   2.199420E-05
1   1    -3.000 -4.000  1.000    0.000000   1.090150E-05   1.090150E-05   5.450750E-06
1   1    -3.000  1.000 -4.000    0.000000   1.090150E-05   1.090150E-05   5.450750E-06
1   1     3.000 -1.000  4.000    0.000000   1.090150E-05   1.090150E-05   5.450750E-06
1   1     3.000  4.000 -1.000    0.000000   1.090150E-05   1.090150E-05   5.450750E-06
1   1    -4.000  1.000 -3.000    0.000000  -6.806420E-06  -6.806420E-06  -3.403210E-06
1   1     4.000 -1.000  3.000    0.000000  -6.806420E-06  -6.806420E-06  -3.403210E-06
1   1    -4.000 -3.000  1.000    0.000000  -6.806420E-06  -6.806420E-06  -3.403210E-06
1   1     4.000  3.000 -1.000    0.000000  -6.806420E-06  -6.806420E-06  -3.403210E-06
1   1    -2.000 -5.000 -5.000    0.000000   7.507280E-05   7.507280E-05   3.753640E-05
1   1     2.000  5.000  5.000    0.000000   7.507280E-05   7.507280E-05   3.753640E-05
1   1    -3.000 -6.000 -3.000    0.000000   8.368850E-04   8.368850E-04   4.184425E-04
1   1    -3.000 -3.000 -6.000    0.000000   8.368850E-04   8.368850E-04   4.184425E-04
1   1     3.000  3.000  6.000    0.000000   8.368850E-04   8.368850E-04   4.184425E-04
1   1     3.000  6.000  3.000    0.000000   8.368850E-04   8.368850E-04   4.184425E-04
1   1     0.000 -3.000 -5.000    0.000000   6.468980E-05   6.468980E-05   3.234490E-05
1   1     0.000  3.000  5.000    0.000000   6.468980E-05   6.468980E-05   3.234490E-05
1   1     0.000 -5.000 -3.000    0.000000   6.468980E-05   6.468980E-05   3.234490E-05
1   1     0.000  5.000  3.000    0.000000   6.468980E-05   6.468980E-05   3.234490E-05
1   1    -5.000 -2.000 -5.000    0.000000   1.711800E-05   1.711800E-05   8.559000E-06
1   1     5.000  2.000  5.000    0.000000   1.711800E-05   1.711800E-05   8.559000E-06
1   1    -5.000 -5.000 -2.000    0.000000   1.711800E-05   1.711800E-05   8.559000E-06
1   1     5.000  5.000  2.000    0.000000   1.711800E-05   1.711800E-05   8.559000E-06
1   1    -2.000  3.000  3.000    0.000000   6.359840E-05   6.359840E-05   3.179920E-05
1   1     2.000 -3.000 -3.000    0.000000   6.359840E-05   6.359840E-05   3.179920E-05
1   1    -6.000 -3.000 -3.000    0.000000   1.001700E-04   1.001700E-04   5.008500E-05
1   1     6.000  3.000  3.000    0.000000   1.001700E-04   1.001700E-04   5.008500E-05
1   1    -3.000  0.000 -5.000    0.000000   1.390630E-05   1.390630E-05   6.953150E-06
1   1     3.000  0.000  5.000    0.000000   1.390630E-05   1.390630E-05   6.953150E-06
1   1    -3.000 -5.000  0.000    0.000000   1.390630E-05   1.390630E-05   6.953150E-06
1   1     3.000  5.000  0.000    0.000000   1.390630E-05   1.390630E-05   6.953150E-06
1   1    -3.000  0.000  3.000    0.000000  -7.012790E-05  -7.012790E-05  -3.506395E-05
1   1     3.000  0.000 -3.000    0.000000  -7.012790E-05  -7.012790E-05  -3.506395E-05
1   1    -3.000  3.000  0.000    0.000000  -7.012790E-05  -7.012790E-05  -3.506395E-05
1   1     3.000 -3.000  0.000    0.000000  -7.012790E-05  -7.012790E-05  -3.506395E-05
1   1    -5.000 -3.000  0.000    0.000000   1.361880E-05   1.361880E-05   6.809400E-06
1   1    -5.000  0.000 -3.000    0.000000   1.361880E-05   1.361880E-05   6.809400E-06
1   1     5.000  0.000  3.000    0.000000   1.361880E-05   1.361880E-05   6.809400E-06
1   1     5.000  3.000  0.000    0.000000   1.361880E-05   1.361880E-05   6.809400E-06
1   1    -3.000 -3.000  2.000    0.000000   1.148370E-05   1.148370E-05   5.741850E-06
1   1    -3.000  2.000 -3.000    0.000000   1.148370E-05   1.148370E-05   5.741850E-06
1   1     3.000 -2.000  3.000    0.000000   1.148370E-05   1.148370E-05   5.741850E-06
1   1     3.000  3.000 -2.000    0.000000   1.148370E-05   1.148370E-05   5.741850E-06
1   1     0.000 -3.000  3.000    0.000000   1.607290E-04   1.607290E-04   8.036450E-05
1   1     0.000  3.000 -3.000    0.000000   1.607290E-04   1.607290E-04   8.036450E-05
1   1    -5.000 -5.000 -5.000    0.000000  -5.837800E-04  -5.837800E-04  -2.918900E-04
1   1     5.000  5.000  5.000    0.000000  -5.837800E-04  -5.837800E-04  -2.918900E-04
1   1    -3.000 -6.000 -4.000    0.000000  -8.646710E-05  -8.646710E-05  -4.323355E-05
1   1    -3.000 -4.000 -6.000    0.000000  -8.646710E-05  -8.646710E-05  -4.323355E-05
1   1     3.000  4.000  6.000    0.000000  -8.646710E-05  -8.646710E-05  -4.323355E-05
1   1     3.000  6.000  4.000    0.000000  -8.646710E-05  -8.646710E-05  -4.323355E-05
1   1    -2.000 -3.000 -6.000    0.000000   8.305840E-06   8.305840E-06   4.152920E-06
1   1     2.000  3.000  6.000    0.000000   8.305840E-06   8.305840E-06   4.152920E-06
1   1    -2.000 -6.000 -3.000    0.000000   8.305840E-06   8.305840E-06   4.152920E-06
1   1     2.000  6.000  3.000    0.000000   8.305840E-06   8.305840E-06   4.152920E-06
1   1    -4.000 -3.000 -6.000    0.000000  -1.277760E-04  -1.277760E-04  -6.388800E-05
1   1     4.000  3.000  6.000    0.000000  -1.277760E-04  -1.277760E-04  -6.388800E-05
1   1    -4.000 -6.000 -3.000    0.000000  -1.277760E-04  -1.277760E-04  -6.388800E-05
1   1     4.000  6.000  3.000    0.000000  -1.277760E-04  -1.277760E-04  -6.388800E-05
1   1    -3.000 -2.000 -6.000    0.000000  -5.531350E-05  -5.531350E-05  -2.765675E-05
1   1     3.000  2.000  6.000    0.000000  -5.531350E-05  -5.531350E-05  -2.765675E-05
1   1    -3.000 -6.000 -2.000    0.000000  -5.531350E-05  -5.531350E-05  -2.765675E-05
1   1     3.000  6.000  2.000    0.000000  -5.531350E-05  -5.531350E-05  -2.765675E-05
1   1    -6.000 -3.000 -4.000    0.000000  -3.347790E-05  -3.347790E-05  -1.673895E-05
1   1     6.000  3.000  4.000    0.000000  -3.347790E-05  -3.347790E-05  -1.673895E-05
1   1    -6.000 -4.000 -3.000    0.000000  -3.347790E-05  -3.347790E-05  -1.673895E-05
1   1     6.000  4.000  3.000    0.000000  -3.347790E-05  -3.347790E-05  -1.673895E-05
1   1    -6.000 -3.000 -2.000    0.000000   5.841550E-06   5.841550E-06   2.920775E-06
1   1    -6.000 -2.000 -3.000    0.000000   5.841550E-06   5.841550E-06   2.920775E-06
1   1     6.000  2.000  3.000    0.000000   5.841550E-06   5.841550E-06   2.920775E-06
1   1     6.000  3.000  2.000    0.000000   5.841550E-06   5.841550E-06   2.920775E-06
1   1    -2.000  1.000  4.000    0.000000  -6.092040E-06  -6.092040E-06  -3.046020E-06
1   1     2.000 -1.000 -4.000    0.000000  -6.092040E-06  -6.092040E-06  -3.046020E-06
1   1    -2.000  4.000  1.000    0.000000  -6.092040E-06  -6.092040E-06  -3.046020E-06
1   1     2.000 -4.000 -1.000    0.000000  -6.092040E-06  -6.092040E-06  -3.046020E-06
1   1     0.000  0.000 -5.000    0.000000   1.185330E-05   1.185330E-05   5.926650E-06
1   1     0.000  0.000  5.000    0.000000   1.185330E-05   1.185330E-05   5.926650E-06
1   1    -3.000  1.000  3.000    0.000000  -1.740340E-04  -1.740340E-04  -8.701700E-05
1   1    -3.000  3.000  1.000    0.000000  -1.740340E-04  -1.740340E-04  -8.701700E-05
1   1     0.000 -5.000  0.000    0.000000   1.185330E-05   1.185330E-05   5.926650E-06
1   1     0.000  5.000  0.000    0.000000   1.185330E-05   1.185330E-05   5.926650E-06
1   1     3.000 -3.000 -1.000    0.000000  -1.740340E-04  -1.740340E-04  -8.701700E-05
1   1     3.000 -1.000 -3.000    0.000000  -1.740340E-04  -1.740340E-04  -8.701700E-05
1   1    -5.000  0.000  0.000    0.000000  -1.237600E-04  -1.237600E-04  -6.188000E-05
1   1     5.000  0.000  0.000    0.000000  -1.237600E-04  -1.237600E-04  -6.188000E-05
